procs -----------memory---------- ---swap-- -----io---- -system-- ------cpu-----
 r  b   swpd   free   buff  cache   si   so    bi    bo   in   cs us sy id wa st
 1  0      0 351714464      0 8079412    0    0     0     0    1    2  0  0 100  0  0
 0  1      0 351668672   3196 8108160    0    0  3157     0 12381 23463  0  0 99  0  0
 5  1      0 351554240  21020 8181168    0    0 17720     0 10504 20311  0  0 99  0  0
 1  1      0 351555424  21020 8182180    0    0     0     0 8238 15322  0  0 99  1  0
 0  1      0 351556576  21020 8182180    0    0     0     0 8496 15293  0  0 99  1  0
 2  1      0 351556832  21020 8182180    0    0     0     0 8607 15538  0  0 99  1  0
 1  1      0 351556128  21020 8182180    0    0     0     0 8501 15367  0  0 99  1  0
 1  1      0 351555904  21020 8182180    0    0     0     0 8581 15347  0  0 99  1  0
 0  1      0 351555904  21020 8182180    0    0     0     0 8591 15417  0  0 99  1  0
 9  0      0 351469184  21460 8182492    0    0   452     0 18182 89602  2  0 98  0  0
 7  0      0 351420992  21460 8183212    0    0     0     0 24008 170723  3  0 97  0  0
 8  0      0 351418752  21460 8183216    0    0     0     0 18584 184173  3  0 97  0  0
 8  0      0 351403168  21460 8183288    0    0     0     0 9267 21292  1  0 99  0  0
 2  0      0 351403264  21460 8183292    0    0     0     0 8461 15437  0  0 100  0  0
 1  0      0 351403296  21460 8183292    0    0     0     0 8142 15022  0  0 100  0  0
 0  0      0 351403296  21460 8183292    0    0     0     0 8134 14852  0  0 100  0  0
 0  0      0 351403296  21460 8183292    0    0     0     0 8542 15109  0  0 100  0  0
 2  1      0 351323648  21460 8187520    0    0     0     0 41482 30162  1  0 98  0  0
 4  1      0 351278944  21460 8187520    0    0     0     0 15178 28642  1  0 99  1  0
 1  1      0 351223040  21460 8187612    0    0     0     0 17350 32128  1  0 99  1  0
 3  1      0 351149120  21460 8187668    0    0     0     0 17401 32753  1  0 99  1  0
procs -----------memory---------- ---swap-- -----io---- -system-- ------cpu-----
 r  b   swpd   free   buff  cache   si   so    bi    bo   in   cs us sy id wa st
 1  1      0 351112544  21460 8187736    0    0     0     0 16224 29837  1  0 99  1  0
 2  1      0 351049856  21460 8191552    0    0     0     0 20099 33836  1  0 98  1  0
 1  1      0 351019392  21460 8191948    0    0     0     0 18197 31692  1  0 99  0  0
 0  0      0 350964704  21460 8193068    0    0     0     0 23335 40611  1  0 99  0  0
 2  0      0 350920032  21460 8193112    0    0     0     0 18599 32008  1  0 99  0  0
 1  0      0 350852576  21460 8193176    0    0     0     0 20252 35323  1  0 99  0  0
 0  0      0 350864192  21460 8193248    0    0     0     0 14291 22830  1  0 99  0  0
 1  0      0 350865440  21460 8193300    0    0     0     0 12783 20515  0  0 99  0  0
 3  0      0 350865216  21460 8193332    0    0     0     0 13553 21765  0  0 99  0  0
 0  0      0 350865568  21460 8193384    0    0     0     0 13444 21774  1  0 99  0  0
 0  0      0 350864512  21460 8193436    0    0     0     0 28217 29895  1  1 99  0  0
 0  0      0 350861376  21460 8193480    0    0     0     0 16975 27088  1  0 99  0  0
 0  0      0 350860800  21460 8193524    0    0     0     0 13195 21376  0  0 99  0  0
 1  0      0 350865920  21460 8193572    0    0     0     0 13309 21085  0  0 99  0  0
 0  0      0 350864960  21460 8193584    0    0     0     0 13209 21043  0  0 99  0  0
 0  0      0 350868736  21460 8193656    0    0     0     0 14931 22863  1  0 99  0  0
 1  0      0 350871200  21460 8193712    0    0     0     0 13339 21229  0  0 100  0  0
 0  0      0 350871584  21460 8193752    0    0     0     0 12494 20063  0  0 100  0  0
 0  0      0 350873600  21460 8193796    0    0     0     0 12966 21149  0  0 99  0  0
 0  0      0 350870848  21460 8193848    0    0     0     0 13380 21589  1  0 99  0  0
 0  0      0 350870080  21460 8193892    0    0     0     0 13381 21106  0  0 99  0  0
procs -----------memory---------- ---swap-- -----io---- -system-- ------cpu-----
 r  b   swpd   free   buff  cache   si   so    bi    bo   in   cs us sy id wa st
 0  0      0 350868096  21460 8193936    0    0     0     0 13045 20882  0  0 99  0  0
 0  0      0 350840640  21460 8193984    0    0     0     0 17000 21538  1  0 99  0  0
 0  0      0 350857440  21460 8194024    0    0     0     0 12951 21261  0  0 100  0  0
 1  0      0 350860800  21460 8194116    0    0     0     0 13201 21359  0  0 100  0  0
 1  0      0 350862816  21460 8194156    0    0     0     0 13253 21888  0  0 100  0  0
 0  0      0 350863712  21460 8194216    0    0     0     0 13105 21298  0  0 100  0  0
 1  0      0 350865984  21460 8194256    0    0     0     0 12545 20258  0  0 100  0  0
 0  0      0 350869120  21460 8194304    0    0     0     0 13283 21579  0  0 99  0  0
 2  0      0 350867552  21460 8194344    0    0     0     0 13236 21892  0  0 99  0  0
 1  0      0 350871808  21460 8194400    0    0     0     0 13235 21011  0  0 99  0  0
 0  0      0 350874656  21460 8194444    0    0     0     0 13128 21271  0  0 99  0  0
 1  0      0 350877376  21460 8194512    0    0     0     0 12730 20691  0  0 99  0  0
 0  0      0 350880064  21460 8194584    0    0     0     0 12967 21384  0  0 100  0  0
 3  0      0 350882688  21460 8194652    0    0     0     0 13310 21181  0  0 99  0  0
 0  0      0 350884672  21460 8194708    0    0     0     0 13256 22037  0  0 99  0  0
 0  0      0 350889344  21460 8194768    0    0     0     0 13034 21059  0  0 99  0  0
 1  0      0 350889472  21460 8194808    0    0     0     0 12860 20830  0  0 99  0  0
 1  0      0 350890976  21460 8194860    0    0     0     0 13073 21262  0  0 99  0  0
 1  0      0 350886912  21460 8194904    0    0     0     0 13454 21737  0  0 99  0  0
 1  0      0 350889408  21460 8194988    0    0     0     0 16845 27638  0  0 99  0  0
 0  0      0 350889216  21460 8195036    0    0     0     0 12768 21014  0  0 99  0  0
procs -----------memory---------- ---swap-- -----io---- -system-- ------cpu-----
 r  b   swpd   free   buff  cache   si   so    bi    bo   in   cs us sy id wa st
 0  0      0 350890656  21460 8195076    0    0     0     0 12632 20846  0  0 99  0  0
 1  0      0 350892256  21460 8195124    0    0     0     0 12485 20585  0  0 99  0  0
 0  0      0 350894016  21460 8195168    0    0     0     0 13153 21547  0  0 99  0  0
 1  0      0 350895712  21460 8195216    0    0     0     0 13369 22052  1  0 99  0  0
 1  0      0 350896320  21460 8195272    0    0     0     0 12513 20785  0  0 99  0  0
 0  0      0 350896256  21460 8195320    0    0     0     0 12946 20865  0  0 99  0  0
 0  0      0 350897152  21460 8195360    0    0     0     0 12762 21253  0  0 99  0  0
 0  0      0 350898784  21460 8195408    0    0     0     0 12839 21032  0  0 99  0  0
 0  0      0 350897888  21460 8195452    0    0     0     0 13067 21088  0  0 99  0  0
 1  0      0 350899232  21460 8195496    0    0     0     0 12926 21560  0  0 100  0  0
 1  0      0 350899648  21460 8195536    0    0     0     0 12848 21030  0  0 100  0  0
 0  0      0 350898176  21460 8195584    0    0     0     0 12437 20375  0  0 99  0  0
 1  0      0 350898848  21460 8195628    0    0     0     0 13053 21297  0  0 99  0  0
 0  0      0 350899008  21460 8195684    0    0     0     0 13559 22201  0  0 99  0  0
 2  0      0 350897344  21460 8195716    0    0     0     0 12834 21153  0  0 99  0  0
 0  0      0 350898976  21460 8195772    0    0     0     0 12661 20832  0  0 99  0  0
 1  0      0 350899648  21460 8195816    0    0     0     0 12622 21282  0  0 99  0  0
 1  0      0 350899872  21460 8195868    0    0     0     0 13580 21538  0  0 99  0  0
 2  0      0 350900224  21460 8195868    0    0     0     0 13131 21283  0  0 99  0  0
 1  0      0 350900224  21460 8195956    0    0     0     0 12707 21034  0  0 99  0  0
 1  0      0 350902368  21460 8196028    0    0     0     0 12576 21572  0  0 99  0  0
procs -----------memory---------- ---swap-- -----io---- -system-- ------cpu-----
 r  b   swpd   free   buff  cache   si   so    bi    bo   in   cs us sy id wa st
 1  0      0 350903808  21460 8196076    0    0     0     0 12608 20758  0  0 100  0  0
 0  0      0 350904640  21460 8196128    0    0     0     0 12989 21671  1  0 99  0  0
 1  0      0 350906464  21460 8196184    0    0     0     0 12959 21891  0  0 99  0  0
 0  0      0 350907840  21460 8196224    0    0     0     0 12492 20850  0  0 99  0  0
 3  0      0 350908704  21460 8196264    0    0     0     0 12293 20888  0  0 100  0  0
 3  1      0 350910240  21460 8196284    0    0     0     0 13015 21275  0  0 99  0  0
 3  1      0 350913408  21460 8196288    0    0     0     0 15421 22983  1  0 98  1  0
 0  1      0 350914656  21460 8196296    0    0     0     0 12891 21095  0  0 99  1  0
 1  1      0 350915648  21460 8196296    0    0     0     0 12430 21134  0  0 99  1  0
 2  1      0 350914048  21460 8196304    0    0     0     0 12658 21024  0  0 99  1  0
 1  1      0 350914592  21460 8196308    0    0     0     0 12442 20680  0  0 99  1  0
 1  0      0 350915488  21460 8196588    0    0     0     0 13384 22596  0  0 99  0  0
 3  0      0 350916416  21460 8196644    0    0     0     0 13513 22185  1  0 99  0  0
 1  0      0 350918272  21460 8196684    0    0     0     0 12744 21223  0  0 99  0  0
 5  0      0 350919680  21460 8196764    0    0     0     0 12415 20691  0  0 99  0  0
 3  0      0 350921728  21460 8196844    0    0     0     0 12773 21158  0  0 99  0  0
 5  0      0 350918432  21460 8196852    0    0     0     0 12809 21124  0  0 99  0  0
 1  0      0 350920000  21460 8196896    0    0     0     0 12750 21367  0  0 100  0  0
 0  0      0 350922560  21460 8196976    0    0     0     0 12418 20825  0  0 99  0  0
 3  0      0 350922848  21460 8197044    0    0     0     0 12308 20725  0  0 99  0  0
 2  0      0 350924096  21460 8197092    0    0     0     0 12377 20745  0  0 99  0  0
procs -----------memory---------- ---swap-- -----io---- -system-- ------cpu-----
 r  b   swpd   free   buff  cache   si   so    bi    bo   in   cs us sy id wa st
 0  0      0 350925088  21460 8197140    0    0     0     0 12632 21242  0  0 100  0  0
14  0      0 350926176  21460 8197200    0    0     0     0 13291 22117  0  0 99  0  0
15  0      0 350926528  21460 8197272    0    0     0     0 12396 20916  0  0 100  0  0
 1  0      0 350927808  21460 8197316    0    0     0     0 12489 20749  0  0 100  0  0
 2  0      0 350928128  21460 8197324    0    0     0     0 12753 21589  0  0 100  0  0
 2  0      0 350927296  21460 8197412    0    0     0     0 12895 21322  0  0 99  0  0
 0  0      0 350927328  21460 8197428    0    0     0     0 12680 20966  0  0 99  0  0
 0  0      0 350927872  21460 8197480    0    0     0     0 12170 20878  0  0 99  0  0
 1  0      0 350929344  21460 8197540    0    0     0     0 12321 20785  0  0 99  0  0
 1  0      0 350929888  21460 8197588    0    0     0     0 12672 20689  0  0 99  0  0
 2  0      0 350931232  21460 8197636    0    0     0     0 12521 21181  0  0 100  0  0
 2  0      0 350932704  21460 8197692    0    0     0     0 13260 22073  0  0 99  0  0
 0  0      0 350934080  21460 8197740    0    0     0     0 12064 20708  0  0 100  0  0
 4  0      0 350934880  21460 8197776    0    0     0     0 12014 20677  0  0 99  0  0
 0  0      0 350936064  21460 8197824    0    0     0     0 12407 21218  0  0 100  0  0
 1  0      0 350936064  21460 8197868    0    0     0     0 12778 21092  0  0 100  0  0
 0  0      0 350935296  21460 8197920    0    0     0     0 12990 21472  0  0 99  0  0
 4  0      0 350935936  21460 8197960    0    0     0     0 12276 21082  0  0 100  0  0
 0  0      0 350935936  21460 8198000    0    0     0     0 12070 20491  0  0 100  0  0
 0  0      0 350936768  21460 8198048    0    0     0     0 12624 20833  0  0 100  0  0
11  0      0 350937536  21460 8198096    0    0     0     0 12955 21481  0  0 100  0  0
procs -----------memory---------- ---swap-- -----io---- -system-- ------cpu-----
 r  b   swpd   free   buff  cache   si   so    bi    bo   in   cs us sy id wa st
 0  0      0 350937056  21460 8198152    0    0     0     0 16077 23722  1  0 99  0  0
 0  0      0 350937664  21460 8198200    0    0     0     0 12587 20787  0  0 100  0  0
 0  0      0 350937152  21460 8198208    0    0     0     0 12447 20924  0  0 99  0  0
 3  0      0 350936480  21460 8198252    0    0     0     0 12837 21426  0  0 99  0  0
 0  0      0 350933920  21460 8198288    0    0     0     0 12938 20965  0  0 99  0  0
 0  0      0 350934112  21460 8198352    0    0     0     0 12983 21371  0  0 99  0  0
 1  0      0 350935936  21460 8198460    0    0     0     0 12881 21810  0  0 100  0  0
 0  0      0 350936416  21460 8198500    0    0     0     0 12492 20786  0  0 99  0  0
 0  0      0 350936768  21460 8198508    0    0     0     0 12571 20896  0  0 100  0  0
 1  0      0 350937248  21460 8198552    0    0     0     0 12876 21234  0  0 99  0  0
 0  0      0 350937440  21460 8198680    0    0     0     0 13412 22066  0  0 99  0  0
 0  0      0 350937536  21460 8198720    0    0     0     0 12601 20840  0  0 99  0  0
 0  0      0 350937632  21460 8198796    0    0     0     0 12324 20805  0  0 99  0  0
 0  0      0 350938048  21460 8198856    0    0     0     0 12968 21607  0  0 99  0  0
 1  0      0 350935744  21460 8198896    0    0     0     0 12693 21227  0  0 99  0  0
 0  0      0 350934016  21460 8198964    0    0     0     0 13904 21935  0  0 99  0  0
 1  0      0 350934048  21460 8199012    0    0     0     0 12267 20772  0  0 99  0  0
 1  0      0 350934272  21460 8199064    0    0     0     0 12388 20735  0  0 100  0  0
 1  0      0 350934400  21460 8199100    0    0     0     0 12830 21167  0  0 99  0  0
 0  0      0 350934656  21460 8199148    0    0     0     0 12825 21524  0  0 99  0  0
 0  0      0 350934912  21460 8199232    0    0     0     0 13044 21712  0  0 100  0  0
procs -----------memory---------- ---swap-- -----io---- -system-- ------cpu-----
 r  b   swpd   free   buff  cache   si   so    bi    bo   in   cs us sy id wa st
 0  0      0 350935968  21460 8199276    0    0     0     0 12305 21065  0  0 99  0  0
 2  0      0 350936224  21460 8199324    0    0     0     0 12330 21084  0  0 100  0  0
 0  0      0 350935360  21460 8199372    0    0     0     0 12636 21181  0  0 99  0  0
 0  0      0 350930784  21460 8199412    0    0     0     0 13366 21506  0  0 99  0  0
 0  0      0 350924704  21460 8199460    0    0     0     0 39238 38090  1  1 98  0  0
 0  0      0 350926368  21460 8199508    0    0     0     0 14311 24060  0  0 99  0  0
 0  0      0 350927328  21460 8199544    0    0     0     0 12432 20813  0  0 100  0  0
 1  0      0 350927488  21460 8199624    0    0     0     0 12642 20615  0  0 99  0  0
 2  0      0 350925728  21460 8199672    0    0     0     0 13838 21813  0  0 99  0  0
 1  0      0 350926944  21460 8199760    0    0     0     0 13394 21741  0  0 99  0  0
 0  0      0 350927264  21460 8199812    0    0     0     0 12800 21462  0  0 99  0  0
 0  0      0 350927264  21460 8199812    0    0     0     0 12471 20680  0  0 100  0  0
 2  0      0 350928064  21460 8199892    0    0     0     0 12877 21063  0  0 99  0  0
 0  0      0 350926368  21460 8199944    0    0     0     0 13242 21602  0  0 99  0  0
 3  0      0 350926592  21460 8200020    0    0     0     0 13264 21369  0  0 99  0  0
 0  0      0 350926720  21460 8200060    0    0     0     0 12704 21097  0  0 100  0  0
 0  0      0 350927072  21460 8200108    0    0     0     0 12610 20752  0  0 100  0  0
 0  0      0 350926688  21460 8200144    0    0     0     0 12535 20920  0  0 99  0  0
 1  0      0 350926912  21460 8200196    0    0     0     0 12822 21581  0  0 99  0  0
 2  0      0 350927264  21460 8200196    0    0     0     0 12847 21403  0  0 99  0  0
 0  0      0 350927808  21460 8200264    0    0     0     0 12635 21034  0  0 99  0  0
procs -----------memory---------- ---swap-- -----io---- -system-- ------cpu-----
 r  b   swpd   free   buff  cache   si   so    bi    bo   in   cs us sy id wa st
 0  0      0 350928160  21460 8200336    0    0     0     0 12526 21435  0  0 100  0  0
 0  1      0 350928384  21460 8200360    0    0     0     0 12899 21768  0  0 99  0  0
 0  1      0 350927680  21460 8200360    0    0     0     0 13010 21074  0  0 99  1  0
 2  1      0 350928256  21460 8200364    0    0     0     0 13109 21331  0  0 99  1  0
 1  1      0 350928992  21460 8200376    0    0     0     0 12833 21376  0  0 99  1  0
 1  1      0 350929472  21460 8200380    0    0     0     0 12603 20846  0  0 99  1  0
 3  1      0 350929344  21460 8200384    0    0     0     0 12519 20583  0  0 99  1  0
 0  1      0 350929568  21460 8200384    0    0     0     0 13277 22097  0  0 99  1  0
 2  1      0 350924800  21460 8200424    0    0     0     0 13206 21789  0  0 99  1  0
 0  1      0 350920992  21460 8200432    0    0     0     0 12517 20930  0  0 99  1  0
 0  0      0 350879168  21460 8200836    0    0     0     0 18555 24160  1  0 98  0  0
 3  0      0 350880288  21460 8200880    0    0     0     0 12569 21282  0  0 99  0  0
 1  0      0 350879424  21460 8200936    0    0     0     0 13021 21558  0  0 99  0  0
 0  0      0 350878144  21460 8201012    0    0     0     0 12932 21226  0  0 99  0  0
 0  0      0 350878144  21460 8201020    0    0     0     0 12362 21342  0  0 100  0  0
 2  0      0 350881504  21460 8201092    0    0     0     0 12227 20783  0  0 100  0  0
 2  0      0 350882464  21460 8201136    0    0     0     0 12660 21024  0  0 99  0  0
 2  0      0 350883328  21460 8201216    0    0     0     0 13130 22029  0  0 99  0  0
 0  0      0 350884416  21460 8201276    0    0     0     0 12723 21268  0  0 99  0  0
 4  0      0 350884672  21460 8201316    0    0     0     0 12309 20572  0  0 100  0  0
 4  0      0 350885312  21460 8201388    0    0     0     0 12492 21108  0  0 99  0  0
procs -----------memory---------- ---swap-- -----io---- -system-- ------cpu-----
 r  b   swpd   free   buff  cache   si   so    bi    bo   in   cs us sy id wa st
 4  0      0 350885472  21460 8201436    0    0     0     0 12675 21228  0  0 100  0  0
 1  0      0 350882912  21460 8201488    0    0     0     0 12757 21124  0  0 99  0  0
 2  0      0 350882496  21460 8201532    0    0     0     0 12659 21328  0  0 100  0  0
 6  0      0 350883296  21460 8201576    0    0     0     0 12273 20648  0  0 99  0  0
 6  0      0 350883456  21460 8201624    0    0     0     0 12649 21139  0  0 100  0  0
 3  0      0 350884096  21460 8201664    0    0     0     0 12305 20318  0  0 100  0  0
 0  0      0 350883360  21460 8201708    0    0     0     0 13364 22094  0  0 99  0  0
 0  0      0 350883776  21460 8201764    0    0     0     0 13278 21687  0  0 99  0  0
 0  0      0 350884256  21460 8201812    0    0     0     0 12769 21484  0  0 100  0  0
 0  0      0 350884896  21460 8201852    0    0     0     0 12950 21451  0  0 99  0  0
 1  0      0 350884448  21460 8201900    0    0     0     0 13139 21613  0  0 100  0  0
 0  0      0 350881600  21460 8201948    0    0     0     0 13415 21573  1  0 99  0  0
 1  0      0 350882560  21460 8201996    0    0     0     0 12983 21441  0  0 99  0  0
 0  0      0 350882784  21460 8202032    0    0     0     0 12271 20636  0  0 99  0  0
 0  0      0 350883456  21460 8202072    0    0     0     0 12528 21132  0  0 99  0  0
 0  0      0 350884256  21460 8202124    0    0     0     0 12668 20973  0  0 99  0  0
 0  0      0 350884768  21460 8202172    0    0     0     0 12778 21758  0  0 99  0  0
 0  0      0 350884768  21460 8202228    0    0     0     0 12640 21251  0  0 100  0  0
 0  0      0 350885440  21460 8202268    0    0     0     0 12270 21352  0  0 100  0  0
 0  0      0 350885600  21460 8202280    0    0     0     0 12577 21183  0  0 100  0  0
 1  0      0 350886048  21460 8202368    0    0     0     0 12623 21214  0  0 99  0  0
procs -----------memory---------- ---swap-- -----io---- -system-- ------cpu-----
 r  b   swpd   free   buff  cache   si   so    bi    bo   in   cs us sy id wa st
 0  0      0 350883200  21460 8202368    0    0     0     0 13032 21134  0  0 99  0  0
 0  0      0 350883072  21460 8202412    0    0     0     0 12698 21242  0  0 99  0  0
 0  0      0 350884160  21460 8202468    0    0     0     0 12396 21019  0  0 99  0  0
 1  0      0 350884608  21460 8202536    0    0     0     0 12363 20899  0  0 99  0  0
 0  0      0 350884832  21460 8202580    0    0     0     0 12309 20640  0  0 100  0  0
 0  0      0 350884576  21460 8202632    0    0     0     0 13009 21674  0  0 99  0  0
 0  0      0 350885824  21460 8202724    0    0     0     0 13014 21561  0  0 99  0  0
 3  0      0 350886016  21460 8202764    0    0     0     0 12449 20998  0  0 100  0  0
 1  0      0 350886016  21460 8202804    0    0     0     0 12545 20854  0  0 99  0  0
 1  0      0 350886336  21460 8202852    0    0     0     0 12825 21459  0  0 99  0  0
 0  0      0 350884640  21460 8202900    0    0     0     0 13011 21161  0  0 100  0  0
 0  0      0 350885120  21460 8202948    0    0     0     0 12713 21357  0  0 99  0  0
 0  0      0 350884128  21460 8202988    0    0     0     0 12348 21233  0  0 100  0  0
 1  0      0 350882624  21460 8203036    0    0     0     0 12680 20909  0  0 99  0  0
 0  0      0 350882624  21460 8203080    0    0     0     0 12759 20979  0  0 100  0  0
 1  0      0 350882624  21460 8203124    0    0     0     0 13103 21715  0  0 99  0  0
 0  0      0 350881376  21460 8203128    0    0     0     0 13288 21426  0  0 99  0  0
 1  0      0 350880128  21460 8203212    0    0     0     0 12551 21220  0  0 99  0  0
 0  0      0 350882080  21460 8203272    0    0     0     0 12758 21181  0  0 100  0  0
 0  0      0 350881472  21460 8203284    0    0     0     0 12688 21394  0  0 99  0  0
 0  0      0 350878752  21460 8203344    0    0     0     0 13078 21307  0  0 99  0  0
procs -----------memory---------- ---swap-- -----io---- -system-- ------cpu-----
 r  b   swpd   free   buff  cache   si   so    bi    bo   in   cs us sy id wa st
 2  0      0 350880608  21460 8203416    0    0     0     0 12762 21227  0  0 100  0  0
 0  0      0 350881024  21460 8203452    0    0     0     0 12878 21603  0  0 99  0  0
 0  0      0 350881856  21460 8203496    0    0     0     0 12370 21318  0  0 100  0  0
 2  0      0 350881664  21460 8203536    0    0     0     0 12626 20639  0  0 100  0  0
 0  0      0 350880704  21460 8203588    0    0     0     0 12903 21581  0  0 99  0  0
 2  0      0 350880384  21460 8203640    0    0     0     0 13050 21415  0  0 99  0  0
 0  0      0 350880224  21460 8203692    0    0     0     0 12972 21245  0  0 100  0  0
 1  0      0 350880384  21460 8203736    0    0     0     0 12394 20838  0  0 99  0  0
 1  0      0 350880672  21460 8203776    0    0     0     0 12605 21170  0  0 99  0  0
 0  0      0 350875872  21460 8203776    0    0     0     0 12824 21222  0  0 99  0  0
 0  0      0 350875392  21460 8203900    0    0     0     0 12980 21331  0  0 99  0  0
 1  0      0 350874944  21460 8203948    0    0     0     0 12451 20610  0  0 100  0  0
 0  0      0 350869024  21460 8203992    0    0     0     0 14122 21586  0  0 99  0  0
 0  0      0 350868064  21460 8204032    0    0     0     0 12950 21160  0  0 99  0  0
 0  0      0 350868320  21460 8204080    0    0     0     0 13106 21655  0  0 99  0  0
 2  0      0 350868576  21460 8204132    0    0     0     0 12834 21351  0  0 99  0  0
 0  0      0 350868576  21460 8204180    0    0     0     0 12644 21127  1  0 99  0  0
 0  0      0 350866272  21460 8204220    0    0     0     0 12729 21193  0  0 100  0  0
 1  0      0 350954432  21460 8204264    0    0     0     0 86764 23590  1  0 99  0  0
 1  0      0 350952000  21460 8204320    0    0     0     0 13014 21009  0  0 99  0  0
 2  0      0 350952960  21460 8204364    0    0     0     0 13127 21456  0  0 99  0  0
procs -----------memory---------- ---swap-- -----io---- -system-- ------cpu-----
 r  b   swpd   free   buff  cache   si   so    bi    bo   in   cs us sy id wa st
 3  0      0 350953056  21460 8204476    0    0     0     0 12511 20823  0  0 100  0  0
 0  0      0 350953184  21460 8204516    0    0     0     0 12716 21023  1  0 99  0  0
 0  1      0 350951936  21460 8204540    0    0     0     0 13006 21058  0  0 99  0  0
 0  1      0 350952256  21460 8204544    0    0     0     0 13188 21760  0  0 99  1  0
 0  1      0 350951776  21460 8204548    0    0     0     0 13383 21839  0  0 99  1  0
 0  1      0 350951296  21460 8204552    0    0     0     0 13060 21820  0  0 99  1  0
 0  1      0 350951296  21460 8204552    0    0     0     0 12863 21232  0  0 99  1  0
 2  1      0 350950656  21460 8204564    0    0     0     0 13305 21706  0  0 99  1  0
 0  0      0 350944160  21460 8204844    0    0     0     0 13984 22909  1  0 99  0  0
 1  0      0 350944192  21460 8204892    0    0     0     0 13055 21386  0  0 99  0  0
 3  0      0 350944160  21460 8204944    0    0     0     0 12599 20664  0  0 99  0  0
 1  0      0 350944032  21460 8204944    0    0     0     0 12822 21145  0  0 100  0  0
 0  0      0 350942144  21460 8205028    0    0     0     0 12968 21382  1  0 99  0  0
 3  0      0 350940768  21460 8205072    0    0     0     0 12946 21691  0  0 99  0  0
 0  0      0 350938624  21460 8205124    0    0     0     0 13161 21526  0  0 99  0  0
 1  0      0 350937792  21460 8205164    0    0     0     0 12434 20794  0  0 99  0  0
 3  0      0 350937920  21460 8205212    0    0     0     0 12883 21275  0  0 100  0  0
 2  0      0 350937024  21460 8205256    0    0     0     0 13060 21369  0  0 99  0  0
 2  0      0 350936128  21460 8205308    0    0     0     0 13023 21135  0  0 99  0  0
 3  0      0 350932672  21460 8205356    0    0     0     0 25875 35943  1  0 99  0  0
 9  0      0 350934304  21460 8205396    0    0     0     0 14857 24695  0  0 99  0  0
procs -----------memory---------- ---swap-- -----io---- -system-- ------cpu-----
 r  b   swpd   free   buff  cache   si   so    bi    bo   in   cs us sy id wa st
 0  0      0 350937024  21460 8205440    0    0     0     0 21552 22545  1  0 98  0  0
 0  0      0 350938368  21460 8205444    0    0     0     0 12942 21024  0  0 99  0  0
 1  0      0 350937248  21460 8205516    0    0     0     0 13919 21749  1  0 99  0  0
 1  0      0 350936640  21460 8205620    0    0     0     0 13544 21874  1  0 99  0  0
 0  0      0 350936864  21460 8205660    0    0     0     0 12724 20852  0  0 100  0  0
 0  0      0 350936128  21460 8205704    0    0     0     0 12748 21047  0  0 99  0  0
 3  0      0 350936576  21460 8205788    0    0     0     0 13050 21353  0  0 99  0  0
 0  0      0 350934240  21460 8205836    0    0     0     0 13068 21188  0  0 99  0  0
 1  0      0 350934272  21460 8205876    0    0     0     0 13356 21601  0  0 99  0  0
 2  0      0 350935200  21460 8205952    0    0     0     0 12580 21376  0  0 99  0  0
 1  0      0 350934912  21460 8205992    0    0     0     0 12812 20738  0  0 100  0  0
 0  0      0 350934976  21460 8206036    0    0     0     0 13314 21332  0  0 99  0  0
 3  0      0 350933184  21460 8206092    0    0     0     0 13063 21607  0  0 99  0  0
 0  0      0 350932704  21460 8206140    0    0     0     0 12924 21357  0  0 99  0  0
 0  0      0 350933248  21460 8206196    0    0     0     0 12900 21055  0  0 99  0  0
 0  0      0 350933824  21460 8206224    0    0     0     0 13104 21258  0  0 100  0  0
 2  0      0 350934336  21460 8206324    0    0     0     0 12971 21695  0  0 100  0  0
 1  0      0 350931072  21460 8206324    0    0     0     0 12798 20932  0  0 99  0  0
 0  0      0 350931712  21460 8206400    0    0     0     0 13299 21661  0  0 99  0  0
 0  0      0 350932800  21460 8206444    0    0     0     0 12667 21251  0  0 99  0  0
 0  0      0 350932448  21460 8206492    0    0     0     0 13019 21006  0  0 99  0  0
procs -----------memory---------- ---swap-- -----io---- -system-- ------cpu-----
 r  b   swpd   free   buff  cache   si   so    bi    bo   in   cs us sy id wa st
 0  0      0 350931392  21460 8206532    0    0     0     0 12778 20920  0  0 100  0  0
 0  0      0 350930720  21460 8206588    0    0     0     0 13110 21756  1  0 99  0  0
 0  0      0 350928128  21460 8206632    0    0     0     0 13563 21842  0  0 99  0  0
 0  0      0 350926944  21460 8206688    0    0     0     0 12941 21245  0  0 100  0  0
 1  0      0 350926336  21460 8206688    0    0     0     0 12677 21180  0  0 99  0  0
 0  0      0 350925888  21460 8206712    0    0     0     0 12801 20986  0  0 99  0  0
 1  0      0 350921312  21460 8206792    0    0     0     0 13291 21407  0  0 99  0  0
 1  0      0 350920960  21460 8206868    0    0     0     0 13119 21527  0  0 99  0  0
 0  0      0 350919360  21460 8206908    0    0     0     0 12727 20929  0  0 99  0  0
 0  0      0 350917184  21460 8206968    0    0     0     0 12669 20781  0  0 99  0  0
 0  0      0 350915200  21460 8206968    0    0     0     0 13190 21196  0  0 99  0  0
 1  0      0 350913216  21460 8207044    0    0     0     0 13269 21703  0  0 99  0  0
 0  0      0 350911616  21460 8207100    0    0     0     0 13195 21465  0  0 99  0  0
 0  0      0 350910176  21460 8207140    0    0     0     0 12950 21258  0  0 99  0  0
 1  0      0 350909024  21460 8207184    0    0     0     0 12958 21312  0  0 99  0  0
 0  0      0 350906112  21460 8207232    0    0     0     0 13051 21245  1  0 99  0  0
 0  0      0 350901536  21460 8207288    0    0     0     0 13161 21193  0  0 99  0  0
 1  0      0 350897664  21460 8207320    0    0     0     0 13853 21424  0  0 99  0  0
 0  0      0 350895904  21460 8207368    0    0     0     0 13484 21302  0  0 99  0  0
 0  0      0 350890848  21460 8207432    0    0     0     0 14325 21384  0  0 99  0  0
 0  0      0 350887712  21460 8207488    0    0     0     0 13273 20947  0  0 99  0  0
procs -----------memory---------- ---swap-- -----io---- -system-- ------cpu-----
 r  b   swpd   free   buff  cache   si   so    bi    bo   in   cs us sy id wa st
 0  0      0 350885312  21460 8207568    0    0     0     0 13628 21823  0  0 99  0  0
 0  0      0 350883552  21460 8207624    0    0     0     0 13456 21547  0  0 99  0  0
 2  0      0 350881600  21460 8207668    0    0     0     0 12808 20957  0  0 100  0  0
 0  0      0 350880224  21460 8207708    0    0     0     0 13025 21478  0  0 99  0  0
 0  0      0 350877344  21460 8207760    0    0     0     0 13388 21475  0  0 99  0  0
 1  0      0 350874112  21460 8207800    0    0     0     0 13703 21674  1  0 99  0  0
 0  0      0 350872416  21460 8207848    0    0     0     0 13309 21726  0  0 99  0  0
 0  0      0 350871200  21460 8207896    0    0     0     0 12945 21229  0  0 99  0  0
 0  0      0 350870688  21460 8207932    0    0     0     0 12946 21255  0  0 99  0  0
 1  0      0 350870592  21460 8207980    0    0     0     0 12870 21078  0  0 99  0  0
 0  0      0 350870304  21460 8208048    0    0     0     0 13055 21870  0  0 99  0  0
 0  0      0 350870176  21460 8208052    0    0     0     0 13155 21491  0  0 99  0  0
 0  0      0 350866752  21460 8208124    0    0     0     0 12980 20767  0  0 99  0  0
 1  0      0 350864768  21460 8208176    0    0     0     0 13763 21704  0  0 99  0  0
 0  0      0 350863520  21460 8208196    0    0     0     0 13427 21438  0  0 99  0  0
 1  0      0 350858432  21460 8208244    0    0     0     0 13254 20952  0  0 99  0  0
 1  0      0 350854144  21460 8208308    0    0     0     0 13610 21932  0  0 99  0  0
 0  0      0 350852352  21460 8208356    0    0     0     0 13438 21514  0  0 99  0  0
 1  0      0 350850080  21460 8208432    0    0     0     0 13016 20919  0  0 100  0  0
 1  0      0 350847072  21460 8208472    0    0     0     0 13133 20946  0  0 99  0  0
 0  0      0 350843840  21460 8208516    0    0     0     0 13675 21878  0  0 99  0  0
procs -----------memory---------- ---swap-- -----io---- -system-- ------cpu-----
 r  b   swpd   free   buff  cache   si   so    bi    bo   in   cs us sy id wa st
 0  0      0 350840896  21460 8208576    0    0     0     0 13661 21567  0  0 99  0  0
 2  0      0 350838816  21460 8208652    0    0     0     0 13226 21152  0  0 99  0  0
 1  0      0 350837664  21460 8208700    0    0     0     0 12632 20838  0  0 99  0  0
 0  1      0 350836864  21460 8208732    0    0     0     0 13003 21150  0  0 99  0  0
 3  1      0 350916928  21460 8208736    0    0     0     0 56454 23047  1  0 98  1  0
 3  1      0 350922144  21460 8208740    0    0     0     0 13349 21459  0  0 99  1  0
 0  1      0 350923008  21460 8208744    0    0     0     0 13223 21214  0  0 99  1  0
 2  1      0 350922688  21460 8208748    0    0     0     0 12879 20732  0  0 99  1  0
 1  1      0 350921408  21460 8208752    0    0     0     0 13241 21160  0  0 99  1  0
 2  0      0 350920416  21460 8209016    0    0     0     0 14541 23964  1  0 99  0  0
 0  0      0 350918848  21460 8209072    0    0     0     0 13413 21400  0  0 99  0  0
 2  0      0 350919488  21460 8209124    0    0     0     0 13216 21169  0  0 99  0  0
 0  0      0 350920384  21460 8209156    0    0     0     0 13341 21560  0  0 99  0  0
 2  0      0 350919648  21460 8209208    0    0     0     0 13335 21966  0  0 99  0  0
 4  0      0 350920320  21460 8209256    0    0     0     0 13431 21175  0  0 99  0  0
 1  0      0 350919808  21460 8209304    0    0     0     0 13174 21381  0  0 99  0  0
 0  0      0 350921216  21460 8209344    0    0     0     0 13115 21154  1  0 99  0  0
 2  0      0 350922848  21460 8209396    0    0     0     0 12603 20721  0  0 99  0  0
 1  0      0 350922848  21460 8209396    0    0     0     0 13049 20882  0  0 99  0  0
 1  0      0 350924352  21460 8209480    0    0     0     0 13434 21866  1  0 99  0  0
 2  0      0 350926240  21460 8209532    0    0     0     0 13432 22143  0  0 99  0  0
procs -----------memory---------- ---swap-- -----io---- -system-- ------cpu-----
 r  b   swpd   free   buff  cache   si   so    bi    bo   in   cs us sy id wa st
 3  0      0 350925664  21460 8209576    0    0     0     0 13145 20980  0  0 99  0  0
 2  0      0 350926752  21460 8209624    0    0     0     0 13166 20895  0  0 99  0  0
 2  0      0 350924352  21460 8209664    0    0     0     0 13487 21061  0  0 99  0  0
 1  0      0 350925952  21460 8209716    0    0     0     0 13502 21432  0  0 99  0  0
 6  0      0 350924768  21460 8209756    0    0     0     0 13557 21399  0  0 99  0  0
 1  0      0 350926240  21460 8209804    0    0     0     0 12876 20947  0  0 99  0  0
 1  0      0 350926176  21460 8209840    0    0     0     0 12897 20817  0  0 99  0  0
 1  0      0 350924864  21460 8209892    0    0     0     0 12936 21060  0  0 99  0  0
 1  0      0 350924832  21460 8209940    0    0     0     0 13347 22015  0  0 99  0  0
 1  0      0 350925856  21460 8209992    0    0     0     0 13241 21300  1  0 99  0  0
 0  0      0 350924960  21460 8210036    0    0     0     0 13039 21334  0  0 99  0  0
 4  0      0 350924384  21460 8210076    0    0     0     0 13292 21415  0  0 99  0  0
 2  0      0 350922368  21460 8210124    0    0     0     0 12973 20967  0  0 99  0  0
 0  0      0 350922368  21460 8210176    0    0     0     0 13063 21048  0  0 99  0  0
 0  0      0 350921376  21460 8210216    0    0     0     0 13048 21377  0  0 99  0  0
 0  0      0 350920256  21460 8210272    0    0     0     0 12950 21296  0  0 99  0  0
 0  0      0 350919712  21460 8210300    0    0     0     0 12511 20816  0  0 99  0  0
 0  0      0 350918208  21460 8210356    0    0     0     0 12492 20912  0  0 99  0  0
 1  0      0 350917056  21460 8210400    0    0     0     0 12909 21646  0  0 99  0  0
 3  0      0 350915648  21460 8210452    0    0     0     0 13466 21644  0  0 99  0  0
 0  0      0 350913568  21460 8210500    0    0     0     0 13471 21423  0  0 99  0  0
procs -----------memory---------- ---swap-- -----io---- -system-- ------cpu-----
 r  b   swpd   free   buff  cache   si   so    bi    bo   in   cs us sy id wa st
 2  0      0 350910400  21460 8210536    0    0     0     0 88412 23732  1  0 98  0  0
 0  0      0 350903296  21460 8210588    0    0     0     0 12810 21567  0  0 100  0  0
 4  0      0 350903424  21460 8210644    0    0     0     0 13439 21532  0  0 100  0  0
 1  0      0 350903424  21460 8210644    0    0     0     0 13057 21939  0  0 100  0  0
 3  0      0 350903040  21460 8210728    0    0     0     0 12970 21082  0  0 100  0  0
 2  0      0 350901760  21460 8210768    0    0     0     0 12809 21027  0  0 100  0  0
 0  0      0 350901184  21460 8210816    0    0     0     0 12938 21095  0  0 100  0  0
 0  0      0 350900320  21460 8210872    0    0     0     0 13784 22043  0  0 99  0  0
 0  0      0 350900160  21460 8210872    0    0     0     0 13653 21448  0  0 99  0  0
 0  0      0 350899328  21460 8210956    0    0     0     0 13081 21151  0  0 99  0  0
 0  0      0 350898624  21460 8211000    0    0     0     0 13178 21555  0  0 99  0  0
 1  0      0 350896352  21460 8211056    0    0     0     0 12883 20910  0  0 99  0  0
 3  0      0 350897088  21460 8211096    0    0     0     0 20159 27913  1  0 99  0  0
 0  0      0 350889984  21460 8211148    0    0     0     0 19089 30983  1  0 99  0  0
 0  0      0 350892320  21460 8211184    0    0     0     0 15305 25218  0  0 99  0  0
 2  0      0 350892160  21460 8211228    0    0     0     0 12780 20777  0  0 99  0  0
 0  0      0 350892160  21460 8211280    0    0     0     0 12847 20713  0  0 100  0  0
 0  0      0 350888352  21460 8211320    0    0     0     0 15182 22654  1  0 99  0  0
 0  0      0 350887264  21460 8211380    0    0     0     0 13588 21566  0  0 100  0  0
 0  0      0 350887232  21460 8211428    0    0     0     0 13329 21114  0  0 99  0  0
 0  0      0 350887552  21460 8211464    0    0     0     0 12898 20842  0  0 99  0  0
procs -----------memory---------- ---swap-- -----io---- -system-- ------cpu-----
 r  b   swpd   free   buff  cache   si   so    bi    bo   in   cs us sy id wa st
 2  0      0 350884032  21460 8211524    0    0     0     0 12853 20929  0  0 99  0  0
 0  0      0 350884864  21460 8211564    0    0     0     0 13414 21308  0  0 99  0  0
 1  0      0 350884928  21460 8211608    0    0     0     0 13095 21424  0  0 99  0  0
 0  0      0 350884096  21460 8211652    0    0     0     0 13146 21057  0  0 99  0  0
 0  0      0 350884256  21460 8211704    0    0     0     0 12875 20787  0  0 99  0  0
 1  0      0 350884256  21460 8211704    0    0     0     0 13216 20980  0  0 99  0  0
 0  0      0 350884736  21460 8211792    0    0     0     0 13607 21947  0  0 99  0  0
 1  0      0 350883936  21460 8211840    0    0     0     0 13405 21727  0  0 99  0  0
 0  0      0 350883392  21460 8211880    0    0     0     0 13257 21145  0  0 99  0  0
 2  0      0 350885504  21460 8211924    0    0     0     0 13224 21770  0  0 99  0  0
 0  0      0 350883808  21460 8211988    0    0     0     0 13518 21297  0  0 99  0  0
 0  0      0 350883040  21460 8211988    0    0     0     0 13674 21167  1  0 99  0  0
 0  0      0 350881568  21460 8212076    0    0     0     0 13404 21528  0  0 99  0  0
 0  0      0 350880960  21460 8212112    0    0     0     0 13150 21251  0  0 99  0  0
 0  0      0 350881984  21460 8212152    0    0     0     0 13025 21110  0  0 99  0  0
 2  0      0 350882112  21460 8212200    0    0     0     0 12682 20579  0  0 99  0  0
 0  0      0 350882208  21460 8212252    0    0     0     0 13538 21928  0  0 99  0  0
 0  0      0 350881760  21460 8212304    0    0     0     0 13478 21469  0  0 100  0  0
 0  0      0 350880704  21460 8212344    0    0     0     0 13008 21274  0  0 99  0  0
 0  0      0 350879648  21460 8212392    0    0     0     0 13519 21122  1  0 99  0  0
 1  1      0 350876384  21460 8212424    0    0     0     0 13274 20714  0  0 99  0  0
procs -----------memory---------- ---swap-- -----io---- -system-- ------cpu-----
 r  b   swpd   free   buff  cache   si   so    bi    bo   in   cs us sy id wa st
 1  1      0 350876128  21460 8212428    0    0     0     0 13730 21435  0  0 99  1  0
 0  1      0 350873888  21460 8212436    0    0     0     0 13722 21685  0  0 99  1  0
 0  1      0 350872992  21460 8212436    0    0     0     0 12922 20965  0  0 99  1  0
 2  1      0 350871072  21460 8212472    0    0     0     0 13308 21020  0  0 99  1  0
 1  1      0 350869792  21460 8212480    0    0     0     0 12764 20917  0  0 99  1  0
 1  0      0 350865952  21460 8212484    0    0     0     0 15542 22921  1  0 99  0  0
 1  0      0 350864704  21460 8212796    0    0     0     0 13218 20976  1  0 99  0  0
 0  0      0 350864992  21460 8212840    0    0     0     0 13165 21202  0  0 99  0  0
 0  0      0 350865568  21460 8212884    0    0     0     0 13361 21618  0  0 99  0  0
 2  0      0 350861440  21460 8212932    0    0     0     0 13000 21200  0  0 99  0  0
 5  0      0 350862688  21460 8212976    0    0     0     0 13341 21362  0  0 100  0  0
 0  0      0 350863616  21460 8213024    0    0     0     0 13034 22059  0  0 100  0  0
 0  0      0 350862624  21460 8213064    0    0     0     0 13270 21564  0  0 99  0  0
 2  0      0 350860832  21460 8213108    0    0     0     0 12647 20978  0  0 100  0  0
 0  0      0 350860064  21460 8213176    0    0     0     0 12919 20771  0  0 99  0  0
 8  0      0 350859328  21460 8213176    0    0     0     0 13463 21897  0  0 99  0  0
 0  0      0 350859968  21460 8213264    0    0     0     0 13388 21555  0  0 99  0  0
 0  0      0 350858624  21460 8213300    0    0     0     0 13235 21176  0  0 99  0  0
 0  0      0 350857728  21460 8213348    0    0     0     0 13087 21527  0  0 99  0  0
 4  0      0 350855328  21460 8213400    0    0     0     0 12699 21291  0  0 100  0  0
 2  0      0 350855328  21460 8213408    0    0     0     0 13422 21513  0  0 99  0  0
procs -----------memory---------- ---swap-- -----io---- -system-- ------cpu-----
 r  b   swpd   free   buff  cache   si   so    bi    bo   in   cs us sy id wa st
 1  0      0 350857440  21460 8213484    0    0     0     0 13052 21534  0  0 99  0  0
 1  0      0 350856704  21460 8213528    0    0     0     0 13012 21408  0  0 99  0  0
 0  0      0 350858592  21460 8213568    0    0     0     0 12939 21096  0  0 99  0  0
 1  0      0 350856960  21460 8213616    0    0     0     0 12737 20782  0  0 99  0  0
 5  0      0 350854144  21460 8213660    0    0     0     0 61070 24071  1  0 99  0  0
 5  0      0 350853280  21460 8213720    0    0     0     0 13166 21239  0  0 100  0  0
 0  0      0 350851136  21460 8213764    0    0     0     0 12958 21076  0  0 100  0  0
 9  0      0 350851488  21460 8213804    0    0     0     0 13044 21609  0  0 100  0  0
 3  0      0 350847168  21460 8213856    0    0     0     0 12741 21045  0  0 100  0  0
 0  0      0 350848128  21460 8213896    0    0     0     0 13127 21020  0  0 100  0  0
 0  0      0 350847104  21460 8213944    0    0     0     0 12985 21326  0  0 100  0  0
 0  0      0 350846496  21460 8213996    0    0     0     0 12935 21188  0  0 99  0  0
 1  0      0 350846272  21460 8214028    0    0     0     0 13097 21055  0  0 99  0  0
 0  0      0 350847040  21460 8214084    0    0     0     0 12986 20938  0  0 99  0  0
 0  0      0 350847040  21460 8214084    0    0     0     0 13745 22472  1  0 99  0  0
 0  0      0 350848128  21460 8214176    0    0     0     0 13387 21965  0  0 100  0  0
 0  0      0 350848192  21460 8214220    0    0     0     0 13305 21233  0  0 99  0  0
 0  0      0 350847712  21460 8214264    0    0     0     0 12972 21191  0  0 99  0  0
 0  0      0 350844672  21460 8214312    0    0     0     0 12761 20986  0  0 99  0  0
 2  0      0 350843552  21460 8214360    0    0     0     0 13165 21394  0  0 99  0  0
 2  0      0 350843584  21460 8214408    0    0     0     0 13178 21661  0  0 99  0  0
procs -----------memory---------- ---swap-- -----io---- -system-- ------cpu-----
 r  b   swpd   free   buff  cache   si   so    bi    bo   in   cs us sy id wa st
 0  0      0 350843072  21460 8214456    0    0     0     0 12638 20953  0  0 100  0  0
 0  0      0 350843008  21460 8214496    0    0     0     0 12784 20970  0  0 99  0  0
 3  0      0 350842912  21460 8214536    0    0     0     0 12352 20867  0  0 100  0  0
 0  0      0 350843072  21460 8214588    0    0     0     0 13569 22287  0  0 99  0  0
 4  0      0 350842240  21460 8214636    0    0     0     0 13010 21024  0  0 99  0  0
 5  0      0 350842368  21460 8214684    0    0     0     0 12708 21277  0  0 100  0  0
 0  0      0 350842496  21460 8214724    0    0     0     0 12917 21633  0  0 99  0  0
 0  0      0 350839712  21460 8214772    0    0     0     0 13092 21452  0  0 99  0  0
 1  0      0 350840384  21460 8214820    0    0     0     0 13511 21111  0  0 99  0  0
 0  0      0 350840320  21460 8214860    0    0     0     0 12800 21562  0  0 99  0  0
 0  0      0 350840704  21460 8214912    0    0     0     0 13038 21182  1  0 99  0  0
 0  0      0 350840640  21460 8214956    0    0     0     0 12710 20868  0  0 100  0  0
 1  0      0 350841024  21460 8214996    0    0     0     0 12519 20452  0  0 99  0  0
 1  0      0 350841600  21460 8215048    0    0     0     0 13318 22177  0  0 99  0  0
 0  0      0 350841216  21460 8215144    0    0     0     0 13128 21208  0  0 99  0  0
 2  0      0 350841216  21460 8215144    0    0     0     0 12631 21187  0  0 99  0  0
 1  0      0 350838976  21460 8215220    0    0     0     0 12953 21253  0  0 99  0  0
 0  0      0 350834688  21460 8215272    0    0     0     0 12500 20930  0  0 100  0  0
 1  0      0 350834848  21460 8215312    0    0     0     0 13504 21206  0  0 99  0  0
 2  0      0 350835168  21460 8215364    0    0     0     0 13232 21480  0  0 99  0  0
 0  0      0 350834304  21460 8215404    0    0     0     0 12610 20890  0  0 100  0  0
procs -----------memory---------- ---swap-- -----io---- -system-- ------cpu-----
 r  b   swpd   free   buff  cache   si   so    bi    bo   in   cs us sy id wa st
 1  0      0 350833888  21460 8215460    0    0     0     0 12682 20917  0  0 99  0  0
 0  0      0 350833888  21460 8215460    0    0     0     0 12522 20965  0  0 99  0  0
 2  0      0 350835104  21460 8215572    0    0     0     0 13383 22307  1  0 99  0  0
 1  0      0 350835968  21460 8215648    0    0     0     0 12686 20917  0  0 100  0  0
 0  0      0 350833088  21460 8215648    0    0     0     0 12504 20551  0  0 99  0  0
 0  0      0 350832960  21460 8215744    0    0     0     0 13213 21624  0  0 100  0  0
 0  0      0 350830720  21460 8215796    0    0     0     0 12803 21052  0  0 99  0  0
 0  0      0 350830336  21460 8215840    0    0     0     0 13549 20973  0  0 100  0  0
 2  0      0 350829760  21460 8215888    0    0     0     0 13295 21437  0  0 99  0  0
 0  0      0 350828384  21460 8215936    0    0     0     0 13307 21624  0  0 99  0  0
 1  0      0 350828000  21460 8215968    0    0     0     0 13176 20920  0  0 99  0  0
 1  0      0 350827264  21460 8216016    0    0     0     0 12650 20543  0  0 99  0  0
 0  0      0 350826752  21460 8216060    0    0     0     0 13864 22351  1  0 99  0  0
 2  0      0 350825728  21460 8216120    0    0     0     0 13239 21408  0  0 99  0  0
 0  0      0 350823488  21460 8216176    0    0     0     0 12753 20723  1  0 99  0  0
 2  0      0 350823616  21460 8216176    0    0     0     0 13383 21528  0  0 99  0  0
 3  0      0 350820384  21460 8216276    0    0     0     0 12682 21142  0  0 99  0  0
 1  0      0 350820448  21460 8216276    0    0     0     0 13850 21400  0  0 99  0  0
 0  0      0 350819808  21460 8216344    0    0     0     0 13458 21563  0  0 99  0  0
 0  0      0 350819680  21460 8216388    0    0     0     0 13114 21476  0  0 100  0  0
 0  0      0 350819520  21460 8216440    0    0     0     0 13629 21283  0  0 99  0  0
procs -----------memory---------- ---swap-- -----io---- -system-- ------cpu-----
 r  b   swpd   free   buff  cache   si   so    bi    bo   in   cs us sy id wa st
 0  1      0 350819296  21460 8216472    0    0     0     0 13114 21085  0  0 99  0  0
 3  1      0 350818144  21460 8216476    0    0     0     0 13407 22154  0  0 99  0  0
 3  1      0 350817760  21460 8216480    0    0     0     0 13414 21112  0  0 99  1  0
 0  1      0 350818016  21460 8216488    0    0     0     0 12769 20323  0  0 99  0  0
 0  1      0 350817856  21460 8216488    0    0     0     0 13293 21748  0  0 99  1  0
 1  1      0 350814912  21460 8216496    0    0     0     0 12669 21094  0  0 99  0  0
 1  0      0 350816480  21460 8216500    0    0     0     0 36814 30778  1  1 98  0  0
 1  0      0 350813472  21460 8216808    0    0     0     0 19363 31736  0  0 99  0  0
 1  0      0 350816384  21460 8216856    0    0     0     0 12797 21333  0  0 100  0  0
 1  0      0 350816928  21460 8216892    0    0     0     0 13033 21071  0  0 99  0  0
 0  0      0 350818560  21460 8216968    0    0     0     0 12711 20853  0  0 99  0  0
 2  0      0 350816032  21460 8217048    0    0     0     0 14608 22816  1  0 99  0  0
 6  0      0 350816384  21460 8217100    0    0     0     0 13372 21442  0  0 99  0  0
 0  0      0 350818304  21460 8217156    0    0     0     0 12695 20568  0  0 99  0  0
 1  0      0 350818176  21460 8217156    0    0     0     0 12920 21457  0  0 99  0  0
 0  0      0 350816928  21460 8217248    0    0     0     0 13239 21308  0  0 99  0  0
 0  0      0 350817856  21460 8217292    0    0     0     0 13282 21203  0  0 99  0  0
 0  0      0 350818720  21460 8217340    0    0     0     0 13160 21718  0  0 99  0  0
 3  0      0 350819360  21460 8217380    0    0     0     0 12412 20683  0  0 99  0  0
 6  0      0 350819968  21460 8217420    0    0     0     0 12896 20991  0  0 99  0  0
 0  0      0 350820224  21460 8217488    0    0     0     0 13147 21100  0  0 99  0  0
procs -----------memory---------- ---swap-- -----io---- -system-- ------cpu-----
 r  b   swpd   free   buff  cache   si   so    bi    bo   in   cs us sy id wa st
 0  0      0 350820128  21460 8217488    0    0     0     0 13285 22138  0  0 99  0  0
 0  0      0 350821504  21460 8217576    0    0     0     0 13315 21334  0  0 99  0  0
 0  0      0 350820608  21460 8217620    0    0     0     0 12516 20488  0  0 99  0  0
 0  0      0 350820800  21460 8217624    0    0     0     0 13573 22602  0  0 99  0  0
 2  0      0 350817216  21460 8217704    0    0     0     0 13589 21573  0  0 99  0  0
 1  0      0 350816640  21460 8217748    0    0     0     0 13723 20683  0  0 99  0  0
 0  0      0 350817088  21460 8217792    0    0     0     0 13708 21822  0  0 99  0  0
 2  0      0 350816352  21460 8217836    0    0     0     0 13151 20889  0  0 99  0  0
 2  0      0 350816032  21460 8217876    0    0     0     0 13467 20944  0  0 99  0  0
 1  0      0 350814688  21460 8217928    0    0     0     0 13019 20950  0  0 100  0  0
 2  0      0 350814336  21460 8217976    0    0     0     0 13940 22449  1  0 99  0  0
 1  0      0 350813824  21460 8218044    0    0     0     0 13568 21345  0  0 99  0  0
 0  0      0 350814048  21460 8218048    0    0     0     0 12959 20452  0  0 99  0  0
 0  0      0 350814176  21460 8218120    0    0     0     0 13443 21426  0  0 99  0  0
 0  0      0 350806944  21460 8218164    0    0     0     0 14817 21646  0  0 99  0  0
 0  0      0 350806208  21460 8218208    0    0     0     0 13455 21170  0  0 99  0  0
 1  0      0 350804736  21460 8218256    0    0     0     0 13569 22025  0  0 99  0  0
 0  0      0 350803136  21460 8218300    0    0     0     0 13014 20735  0  0 100  0  0
 6  0      0 350800576  21460 8218336    0    0     0     0 13307 21632  0  0 99  0  0
 0  0      0 350801024  21460 8218384    0    0     0     0 13551 21329  0  0 99  0  0
 0  0      0 350796544  21460 8218432    0    0     0     0 13856 22483  0  0 99  0  0
procs -----------memory---------- ---swap-- -----io---- -system-- ------cpu-----
 r  b   swpd   free   buff  cache   si   so    bi    bo   in   cs us sy id wa st
 0  0      0 350797120  21460 8218492    0    0     0     0 13745 21227  0  0 99  0  0
 2  0      0 350797664  21460 8218532    0    0     0     0 12785 20723  0  0 100  0  0
 0  0      0 350795424  21460 8218572    0    0     0     0 14095 21980  0  0 99  0  0
 2  0      0 350790848  21460 8218656    0    0     0     0 13403 21287  0  0 99  0  0
 0  0      0 350791712  21460 8218700    0    0     0     0 13691 20930  0  0 99  0  0
 0  0      0 350792064  21460 8218748    0    0     0     0 14065 21844  0  0 99  0  0
 0  0      0 350791456  21460 8218788    0    0     0     0 13281 21252  0  0 99  0  0
 0  0      0 350791328  21460 8218832    0    0     0     0 13509 21757  0  0 99  0  0
 1  0      0 350789728  21460 8218944    0    0     0     0 13198 20588  0  0 99  0  0
 1  0      0 350788960  21460 8218988    0    0     0     0 14144 22414  0  0 99  0  0
 0  0      0 350788608  21460 8219048    0    0     0     0 13806 21311  0  0 100  0  0
 0  0      0 350788672  21460 8219092    0    0     0     0 12621 20445  0  0 99  0  0
 0  0      0 350788448  21460 8219132    0    0     0     0 13551 21448  0  0 99  0  0
 0  0      0 350784736  21460 8219184    0    0     0     0 13402 21341  0  0 99  0  0
 0  0      0 350785728  21460 8219224    0    0     0     0 13715 21269  1  0 99  0  0
 0  0      0 350784128  21460 8219276    0    0     0     0 13588 21723  0  0 99  0  0
 0  0      0 350784384  21460 8219320    0    0     0     0 12604 20516  0  0 100  0  0
 0  0      0 350784416  21460 8219356    0    0     0     0 13147 21474  0  0 99  0  0
 0  0      0 350784864  21460 8219412    0    0     0     0 12850 21009  0  0 99  0  0
 0  0      0 350784992  21460 8219452    0    0     0     0 13498 22177  1  0 99  0  0
 0  0      0 350784480  21460 8219508    0    0     0     0 13140 20941  0  0 99  0  0
procs -----------memory---------- ---swap-- -----io---- -system-- ------cpu-----
 r  b   swpd   free   buff  cache   si   so    bi    bo   in   cs us sy id wa st
 0  0      0 350848288  21460 8219560    0    0     0     0 24056 22038  1  0 99  0  0
 1  0      0 350849504  21460 8219592    0    0     0     0 13649 22211  0  0 99  0  0
 2  0      0 350847488  21460 8219656    0    0     0     0 12943 21186  0  0 99  0  0
 3  0      0 350848448  21460 8219696    0    0     0     0 13214 21147  0  0 99  0  0
 0  0      0 350848032  21460 8219736    0    0     0     0 13461 21640  1  0 99  0  0
 1  0      0 350848416  21460 8219784    0    0     0     0 12983 21125  0  0 99  0  0
 0  0      0 350849216  21460 8219820    0    0     0     0 13322 21108  0  0 99  0  0
 1  0      0 350849024  21460 8219868    0    0     0     0 12876 20794  0  0 100  0  0
 0  0      0 350847456  21460 8219916    0    0     0     0 13499 22468  0  0 99  0  0
 2  0      0 350847936  21460 8219968    0    0     0     0 13340 21252  0  0 99  0  0
 1  0      0 350848576  21460 8220012    0    0     0     0 12668 20509  0  0 99  0  0
 0  0      0 350849632  21460 8220052    0    0     0     0 13461 22124  0  0 99  0  0
 1  0      0 350847168  21460 8220112    0    0     0     0 13090 21354  0  0 99  0  0
 1  0      0 350848224  21460 8220148    0    0     0     0 13571 21143  0  0 99  0  0
 0  0      0 350848608  21460 8220192    0    0     0     0 13187 21390  0  0 99  0  0
 0  0      0 350847808  21460 8220240    0    0     0     0 12593 20549  0  0 99  0  0
 0  0      0 350848672  21460 8220284    0    0     0     0 13244 21179  0  0 99  0  0
 1  0      0 350849120  21460 8220328    0    0     0     0 13154 21228  0  0 100  0  0
 1  0      0 350850272  21460 8220380    0    0     0     0 13624 22149  0  0 99  0  0
 0  0      0 350850144  21460 8220428    0    0     0     0 13151 20749  0  0 100  0  0
 0  0      0 350850272  21460 8220476    0    0     0     0 12709 20529  0  0 100  0  0
procs -----------memory---------- ---swap-- -----io---- -system-- ------cpu-----
 r  b   swpd   free   buff  cache   si   so    bi    bo   in   cs us sy id wa st
 0  0      0 350851392  21460 8220512    0    0     0     0 13690 21940  0  0 99  0  0
 3  1      0 350848672  21460 8220564    0    0     0     0 13436 21771  0  0 99  0  0
 0  1      0 350847136  21460 8220572    0    0     0     0 13515 21078  0  0 99  1  0
 0  1      0 350842784  21460 8220576    0    0     0     0 13407 21632  0  0 99  1  0
 2  1      0 350840000  21460 8220580    0    0     0     0 12916 20961  0  0 99  1  0
 0  1      0 350835200  21460 8220584    0    0     0     0 13450 21691  0  0 99  1  0
 0  1      0 350829376  21460 8220588    0    0     0     0 13067 21014  0  0 99  1  0
 0  0      0 350824576  21460 8220596    0    0     0     0 14807 24182  0  0 99  0  0
 1  0      0 350824384  21460 8220892    0    0     0     0 13005 21178  0  0 100  0  0
 0  0      0 350822880  21460 8220936    0    0     0     0 12336 20300  0  0 100  0  0
 0  0      0 350821024  21460 8220976    0    0     0     0 12876 21169  0  0 99  0  0
 0  0      0 350817344  21460 8221028    0    0     0     0 13138 21617  0  0 99  0  0
 1  0      0 350816544  21460 8221068    0    0     0     0 13252 21266  0  0 99  0  0
 7  0      0 350816128  21460 8221116    0    0     0     0 12666 21228  0  0 99  0  0
 0  0      0 350816448  21460 8221156    0    0     0     0 12348 20589  0  0 99  0  0
 0  0      0 350814080  21460 8221200    0    0     0     0 13168 21750  0  0 99  0  0
 2  0      0 350812800  21460 8221252    0    0     0     0 32748 22985  1  0 99  0  0
 2  0      0 350812736  21460 8221296    0    0     0     0 13573 22351  1  0 99  0  0
 1  0      0 350813152  21460 8221356    0    0     0     0 13043 20959  0  0 100  0  0
 0  0      0 350812640  21460 8221404    0    0     0     0 12375 20377  0  0 99  0  0
 0  0      0 350812544  21460 8221404    0    0     0     0 13383 21733  1  0 99  0  0
procs -----------memory---------- ---swap-- -----io---- -system-- ------cpu-----
 r  b   swpd   free   buff  cache   si   so    bi    bo   in   cs us sy id wa st
 2  0      0 350810240  21460 8221492    0    0     0     0 13176 21584  0  0 99  0  0
