procs -----------memory---------- ---swap-- -----io---- -system-- ------cpu-----
 r  b   swpd   free   buff  cache   si   so    bi    bo   in   cs us sy id wa st
 2  0      0 152924544  27172 4577176    0    0     0     7    0    0 43  1 56  0  0
 1  0      0 152875056  27180 4623480    0    0     0    44 32421 41387  3  1 96  0  0
12  1      0 152855616  27800 4624356    0    0   605     0 17038 25320  2  0 97  1  0
 9  0      0 152855520  29768 4629464    0    0  1952     0 14977 32250  2  0 97  0  0
 6  0      0 152841504  31296 4635912    0    0  1496     0 14709 27925  2  0 98  0  0
 7  0      0 152827200  33880 4648228    0    0  2586     0 16485 37245  2  1 97  0  0
10  0      0 152814128  36796 4658848    0    0  2884     0 16579 40407  2  1 97  0  0
 9  0      0 152795472  39964 4671648    0    0  3186    40 16852 42055  2  1 97  0  0
10  0      0 152773952  43056 4686356    0    0  3055     0 16908 42080  2  1 97  0  0
 8  0      0 152753728  46572 4704016    0    0  3497     0 17556 45971  2  1 97  0  0
13  0      0 152709888  49292 4736016    0    0  2707    84 22369 47876  2  1 97  0  0
10  0      0 152659488  49344 4766552    0    0    53    20 21112 27482  2  0 97  0  0
11  0      0 152633696  49344 4768840    0    0     0     0 12515 16380  2  0 98  0  0
11  0      0 152613024  49344 4772604    0    0     0     0 13110 17509  2  0 98  0  0
11  0      0 152580528  49344 4772940    0    0     0     0 12149 15929  2  0 98  0  0
 7  0      0 152565696  49344 4772940    0    0     0     0 11664 15873  2  0 98  0  0
 8  0      0 152546688  49352 4781132    0    0     0    60 14284 19706  2  0 97  0  0
10  0      0 152531328  49352 4796172    0    0     0     0 17006 24288  2  0 97  0  0
 3  0      0 152516288  49352 4811852    0    0     0     0 16607 24308  2  0 97  0  0
 8  0      0 152502144  49352 4825388    0    0     0     0 15932 22876  2  0 97  0  0
11  0      0 152502144  49352 4825388    0    0     0     0 11585 16018  2  0 98  0  0
procs -----------memory---------- ---swap-- -----io---- -system-- ------cpu-----
 r  b   swpd   free   buff  cache   si   so    bi    bo   in   cs us sy id wa st
 9  0      0 152482800  49352 4825516    0    0     0     0 11678 15644  2  0 98  0  0
 8  0      0 152449568  49356 4825516    0    0     0     4 12771 16528  2  0 97  0  0
 9  0      0 152431824  49356 4840088    0    0     0     0 15971 22800  2  0 97  0  0
10  0      0 152412960  49356 4855560    0    0     0     0 18356 23563  3  0 97  0  0
10  0      0 152413136  49356 4855248    0    0     0     0 12069 15988  2  0 98  0  0
10  0      0 152383456  49356 4860680    0    0     0    32 13356 18212  2  0 97  0  0
10  0      0 152375168  49356 4870776    0    0     0     0 14254 20610  2  0 97  0  0
 8  0      0 152374592  49364 4870768    0    0     0    44 11607 15890  2  0 98  0  0
 9  0      0 152372512  49364 4870768    0    0     0     0 11533 15836  2  0 98  0  0
 9  0      0 152370464  49364 4870768    0    0     0     0 11774 16135  2  0 97  0  0
12  0      0 152362048  49364 4879588    0    0     0    28 14370 19787  2  0 97  0  0
10  0      0 152359552  49364 4879588    0    0     0     0 11879 15487  2  0 98  0  0
 9  0      0 152346640  49364 4879588    0    0     0     0 11820 15525  2  0 98  0  0
 9  0      0 152344592  49364 4879588    0    0     0     0 11709 15952  2  0 98  0  0
11  0      0 152344592  49364 4879588    0    0     0     0 11523 15276  2  0 98  0  0
10  0      0 152338080  49364 4879588    0    0     0     0 11652 15410  2  0 98  0  0
10  0      0 152310384  49368 4881516    0    0     0     4 13449 16945  2  0 97  0  0
10  0      0 152281664  49368 4895408    0    0     0     0 17023 23883  2  0 97  0  0
 6  0      0 152265696  49368 4910456    0    0     0     0 17610 24415  2  0 97  0  0
10  0      0 152265696  49368 4910456    0    0     0     0 11766 15194  2  0 98  0  0
12  0      0 152248640  49368 4926352    0    0     0     8 16035 21886  2  0 97  0  0
procs -----------memory---------- ---swap-- -----io---- -system-- ------cpu-----
 r  b   swpd   free   buff  cache   si   so    bi    bo   in   cs us sy id wa st
10  0      0 152241760  49368 4926352    0    0     0     0 11833 15552  2  0 98  0  0
 7  0      0 152222544  49376 4926364    0    0     0    40 11688 15147  2  0 97  0  0
10  0      0 152222752  49376 4926364    0    0     0     0 11747 15162  2  0 98  0  0
 9  0      0 152208128  49384 4938240    0    0     0    44 16324 20256  3  1 97  0  0
10  0      0 152208352  49384 4938240    0    0     0     0 13256 15409  2  0 97  0  0
 7  0      0 152206784  49384 4938124    0    0     0     0 12805 15639  2  0 97  0  0
 8  0      0 152207888  49384 4938124    0    0     0     0 12797 16042  2  0 97  0  0
 8  0      0 152206592  49384 4938100    0    0     0     0 13362 16370  2  0 97  0  0
10  0      0 152207120  49392 4938088    0    0     0    40 11947 15789  2  0 98  0  0
 9  0      0 152207136  49392 4938048    0    0     0     0 12004 15728  2  0 98  0  0
 8  0      0 152204432  49392 4938060    0    0     0     0 11875 15302  2  0 98  0  0
 5  0      0 152198544  49392 4938060    0    0     0     0 11624 13832  2  0 98  0  0
 4  0      0 152198528  49392 4938064    0    0     0     0 12032 14094  2  0 98  0  0
 1  0      0 152197760  49392 4938064    0    0     0     0 12750 14210  2  0 98  0  0
 5  0      0 152197888  49392 4938096    0    0     0    28 11542 13530  2  0 98  0  0
 8  0      0 152197888  49392 4938096    0    0     0     0 11390 13362  2  0 98  0  0
12  0      0 152185344  49392 4938096    0    0     0     0 11613 13265  2  0 98  0  0
24  0      0 152166560  49392 4938140    0    0     0     0 12976 14637  2  0 98  0  0
58  0      0 152142288  49400 4938224    0    0     0    52 12682 13354  2  0 97  0  0
11  0      0 152112544  49400 4938236    0    0     0    52 13113 14886  2  0 97  0  0
100  0      0 152078256  49400 4938292    0    0     0     0 12514 12747  2  0 97  0  0
procs -----------memory---------- ---swap-- -----io---- -system-- ------cpu-----
 r  b   swpd   free   buff  cache   si   so    bi    bo   in   cs us sy id wa st
34  0      0 152063856  49400 4938768    0    0     0     0 11161 9875  2  0 98  0  0
276  0      0 152044896  49400 4938980    0    0     0     0 11880 10092  2  0 97  0  0
244  0      0 152036064  49400 4939276    0    0     0     0 13280 12559  2  0 97  0  0
83  0      0 152024160  49400 4939480    0    0     0     0 14766 16402  2  0 97  0  0
109  0      0 152013952  49400 4939492    0    0     0     0 13989 17139  2  0 97  0  0
150  0      0 151998816  49400 4939492    0    0     0     0 12645 14947  2  0 97  0  0
198  0      0 151984832  49408 4939488    0    0     0    40 11694 14123  2  0 98  0  0
156  0      0 151971920  49408 4939488    0    0     0     0 12855 16751  2  0 97  0  0
274  0      0 151957296  49408 4939500    0    0     0     0 12527 15188  2  0 97  0  0
222  0      0 151931680  49408 4939500    0    0     0     0 13235 16538  2  0 97  0  0
153  0      0 151910080  49408 4939500    0    0     0     0 10868 13367  2  0 97  0  0
52  0      0 151898768  49408 4939500    0    0     0     0 11141 14731  2  0 98  0  0
10  0      0 151863984  49408 4939532    0    0     0     0 12214 14866  2  0 97  0  0
66  0      0 151847872  49408 4943304    0    0     0    12 12218 10878  2  0 97  0  0
18  0      0 151829088  49408 4943760    0    0     0     0 13919 12899  2  0 97  0  0
16  0      0 151823088  49408 4943784    0    0     0     0 13692 14828  2  0 97  0  0
14  0      0 151814912  49408 4943784    0    0     0     0 12689 14112  2  0 98  0  0
22  1      0 151793152  49416 4943824    0    0     0    44 12541 13032  2  0 97  0  0
69  1      0 151784256  49416 4943824    0    0     0     0 12642 13415  2  0 97  0  0
16  1      0 151772224  49424 4943816    0    0     0    32 13493 14530  2  0 97  0  0
146  1      0 151754272  49424 4943816    0    0     0     0 12732 13404  2  0 98  0  0
procs -----------memory---------- ---swap-- -----io---- -system-- ------cpu-----
 r  b   swpd   free   buff  cache   si   so    bi    bo   in   cs us sy id wa st
23  1      0 151744944  49424 4943968    0    0     0     0 14520 14132  2  0 97  0  0
 5  1      0 151740800  49432 4943980    0    0     0    44 13262 13804  2  0 97  0  0
43  1      0 151735296  49432 4944128    0    0     0     0 13107 13674  2  0 97  0  0
51  0      0 151727456  49432 4944124    0    0     0     0 15075 17212  2  0 97  0  0
89  0      0 151719488  49432 4944128    0    0     0     0 14525 17061  2  0 97  0  0
118  0      0 151706144  49432 4944128    0    0     0     0 13248 15005  2  0 97  0  0
77  0      0 151698112  49432 4944128    0    0     0     0 11728 13650  2  0 98  0  0
17  0      0 151694080  49432 4944136    0    0     0     0 12120 14245  2  0 97  0  0
22  0      0 151687184  49440 4944144    0    0     0    40 12924 13053  2  0 97  0  0
 8  0      0 151677184  49440 4944164    0    0     0     0 12717 14936  2  0 98  0  0
 4  0      0 151638592  49440 4948468    0    0     0     0 13074 13595  2  0 98  0  0
41  0      0 151601152  49440 4952248    0    0     0     0 12359 11538  2  0 97  0  0
26  0      0 151592064  49440 4952792    0    0     0    12 13032 13646  2  0 97  0  0
 9  0      0 151580784  49440 4952928    0    0     0     0 12222 12690  2  0 98  0  0
101  0      0 151564672  49440 4953132    0    0     0     0 13782 12766  2  0 97  0  0
41  0      0 151553872  49440 4953156    0    0     0     0 13485 14417  2  0 97  0  0
539  0      0 151534768  49440 4957392    0    0     0     0 14276 14409  2  0 97  0  0
19  0      0 151523184  49448 4957412    0    0     0    60 12972 14630  2  0 98  0  0
80  0      0 151505280  49448 4957572    0    0     0     0 12620 12765  2  0 97  0  0
81  0      0 151493888  49448 4957580    0    0     0     0 13901 16823  2  0 97  0  0
57  0      0 151481424  49448 4957628    0    0     0     0 12354 13272  2  0 97  0  0
procs -----------memory---------- ---swap-- -----io---- -system-- ------cpu-----
 r  b   swpd   free   buff  cache   si   so    bi    bo   in   cs us sy id wa st
61  0      0 151473296  49448 4957628    0    0     0     0 12042 12946  2  0 97  0  0
13  0      0 151460192  49448 4957632    0    0     0    12 12762 13701  2  0 97  0  0
 4  0      0 151437616  49448 4961488    0    0     0     0 12640 12421  2  0 97  0  0
154  0      0 151420320  49448 4961904    0    0     0     0 13351 12910  2  0 97  0  0
66  0      0 151406288  49448 4961960    0    0     0     0 14828 18158  2  0 97  0  0
91  0      0 151394768  49448 4961972    0    0     0     0 12563 14143  2  0 97  0  0
125  0      0 151384432  49456 4961964    0    0     0    48 12419 14664  2  0 98  0  0
87  0      0 151370912  49456 4961964    0    0     0     0 11576 12881  2  0 97  0  0
33  0      0 151361120  49456 4961992    0    0     0     0 12637 13454  2  0 97  0  0
38  0      0 151352064  49456 4962144    0    0     0     0 12670 11542  2  0 97  0  0
43  0      0 151341632  49456 4963084    0    0     0     0 13683 12617  2  0 97  0  0
23  0      0 151329024  49464 4962952    0    0     0    64 13324 12684  2  0 97  0  0
25  0      0 151321760  49464 4962956    0    0     0     0 16934 23307  2  0 97  0  0
29  0      0 151316640  49464 4963052    0    0     0     0 13093 13560  2  0 97  0  0
466  0      0 151310240  49464 4963712    0    0     0     0 11181 10113  2  0 97  0  0
65  0      0 151296816  49464 4967204    0    0     0     0 13727 16159  2  0 97  0  0
150  0      0 151283280  49472 4967204    0    0     0    52 19787 23145  3  1 97  0  0
101  0      0 151268800  49472 4967212    0    0     0     0 14463 18115  2  0 97  0  0
16  0      0 151263472  49472 4967184    0    0     0     0 12523 13986  2  0 98  0  0
 9  0      0 151258720  49472 4967260    0    0     0     0 13070 12590  2  0 97  0  0
23  0      0 151253744  49472 4967252    0    0     0     0 14063 13320  2  0 97  0  0
procs -----------memory---------- ---swap-- -----io---- -system-- ------cpu-----
 r  b   swpd   free   buff  cache   si   so    bi    bo   in   cs us sy id wa st
12  0      0 151238960  49472 4967044    0    0     0     0 12800 11920  2  0 98  0  0
20  0      0 151234816  49472 4967060    0    0     0     0 12649 11770  2  0 97  0  0
22  0      0 151226432  49472 4968084    0    0     0     0 12419 11835  2  0 97  0  0
10  0      0 151218336  49472 4971564    0    0     0     0 13504 13705  2  0 98  0  0
34  0      0 151211152  49480 4971904    0    0     0    40 12510 12802  2  0 97  0  0
26  0      0 151209120  49480 4971904    0    0     0    24 12031 12340  2  0 98  0  0
66  0      0 151201120  49480 4971904    0    0     0     0 13446 13619  2  0 97  0  0
47  0      0 151196576  49480 4971904    0    0     0     0 13021 11917  2  0 97  0  0
65  0      0 151194816  49480 4971904    0    0     0     0 12443 11391  2  0 97  0  0
292  0      0 151190416  49480 4971904    0    0     0     0 12215 11707  2  0 97  0  0
22  0      0 151184960  49488 4971896    0    0     0    64 11759 11672  2  0 98  0  0
12  0      0 151177568  49488 4971896    0    0     0     0 12886 12496  2  0 98  0  0
39  0      0 151170672  49488 4971896    0    0     0     0 13324 12843  2  0 97  0  0
17  0      0 151166496  49488 4971896    0    0     0     0 13150 12921  2  0 98  0  0
28  0      0 151155680  49488 4975656    0    0     0     0 13393 12664  2  0 98  0  0
11  0      0 151144080  49488 4977160    0    0     0     0 12789 12871  2  0 98  0  0
55  0      0 151104768  49488 4977160    0    0     0     0 13212 12506  2  0 97  0  0
122  0      0 151079696  49488 4977160    0    0     0     0 12437 12046  2  0 98  0  0
10  0      0 151077520  49488 4977160    0    0     0     0 12915 12022  3  0 97  0  0
19  0      0 151072544  49488 4977160    0    0     0     0 12646 12124  2  0 98  0  0
15  0      0 151070560  49488 4977160    0    0     0     0 12695 12385  2  0 97  0  0
procs -----------memory---------- ---swap-- -----io---- -system-- ------cpu-----
 r  b   swpd   free   buff  cache   si   so    bi    bo   in   cs us sy id wa st
29  0      0 151068080  49488 4977352    0    0     0     0 14255 13274  2  0 97  0  0
 7  0      0 151067712  49488 4977452    0    0     0     0 12553 12465  2  0 98  0  0
21  0      0 151068432  49488 4977552    0    0     0     0 13066 11988  2  0 97  0  0
100  0      0 151070464  49488 4977696    0    0     0     0 12533 11625  2  0 98  0  0
20  0      0 151070272  49488 4977596    0    0     0    28 13013 11965  2  0 97  0  0
22  0      0 151065664  49496 4977532    0    0     0    56 13113 13021  2  0 97  0  0
15  0      0 151065664  49496 4977532    0    0     0     0 13158 12226  2  0 97  0  0
125  0      0 151065120  49496 4977532    0    0     0     0 12432 11437  2  0 97  0  0
10  0      0 151064592  49496 4977532    0    0     0     0 12699 11963  2  0 98  0  0
 9  0      0 151063552  49496 4977532    0    0     0     0 14280 12376  2  0 97  0  0
19  0      0 151062416  49496 4977532    0    0     0     0 11478 10678  2  0 98  0  0
24  0      0 151061408  49496 4978352    0    0     0     0 13954 12671  2  0 97  0  0
53  0      0 151060448  49496 4978460    0    0     0     0 11701 10808  2  0 97  0  0
15  0      0 151060256  49496 4978820    0    0     0     0 11853 11442  2  0 98  0  0
10  0      0 151060368  49496 4978812    0    0     0     0 14209 12319  2  0 97  0  0
13  0      0 151057664  49496 4978812    0    0     0     0 11890 11425  2  0 97  0  0
34  0      0 151057664  49504 4978808    0    0     0    40 13021 11663  2  0 97  0  0
13  0      0 151057840  49504 4979560    0    0     0     0 12140 11736  2  0 97  0  0
18  0      0 151056832  49504 4979208    0    0     0     0 13987 13421  2  0 97  0  0
63  0      0 151054048  49504 4979488    0    0     0     0 13490 11883  2  0 97  0  0
34  0      0 151052816  49504 4979492    0    0     0     0 15953 12982  2  0 97  0  0
procs -----------memory---------- ---swap-- -----io---- -system-- ------cpu-----
 r  b   swpd   free   buff  cache   si   so    bi    bo   in   cs us sy id wa st
163  0      0 151052144  49504 4979576    0    0     0     0 12609 11751  2  0 97  0  0
507  0      0 151052192  49504 4979628    0    0     0     0 12179 11119  2  0 97  0  0
18  0      0 151053312  49504 4979704    0    0     0     0 12821 12880  2  0 97  0  0
138  0      0 151053344  49512 4979696    0    0     0    72 13502 12358  2  0 98  0  0
83  0      0 151051248  49512 4979696    0    0     0     0 13339 11787  2  0 97  0  0
97  0      0 151050816  49512 4979696    0    0     0     0 12837 12699  2  0 97  0  0
106  0      0 151050816  49512 4979696    0    0     0     0 12405 11517  3  0 97  0  0
13  0      0 151049120  49512 4980364    0    0     0     0 13902 12653  2  0 97  0  0
111  0      0 151050496  49512 4980396    0    0     0     0 13880 11731  2  0 97  0  0
15  0      0 151050272  49512 4980632    0    0     0     0 12534 12737  2  0 98  0  0
35  0      0 151050272  49512 4980632    0    0     0     0 12245 11942  2  0 98  0  0
24  0      0 151050272  49512 4980632    0    0     0     0 11884 11480  2  0 98  0  0
 7  0      0 151050272  49512 4980632    0    0     0     0 11559 11213  2  0 97  0  0
40  0      0 151050496  49520 4980848    0    0     0    68 13208 12584  2  0 97  0  0
64  0      0 151049120  49520 4980988    0    0     0     0 13953 13060  2  0 97  0  0
31  0      0 151049120  49520 4980988    0    0     0     0 12789 12099  2  0 98  0  0
96  0      0 151049120  49520 4980988    0    0     0     0 13763 12401  2  0 97  0  0
17  0      0 151048912  49520 4980764    0    0     0     0 13895 13079  2  0 97  0  0
17  0      0 151048400  49528 4980764    0    0     0    64 13111 12556  2  0 97  0  0
10  0      0 151047856  49528 4980772    0    0     0     0 12098 11512  2  0 98  0  0
13  0      0 151047504  49528 4981156    0    0     0     0 12902 11914  2  0 97  0  0
procs -----------memory---------- ---swap-- -----io---- -system-- ------cpu-----
 r  b   swpd   free   buff  cache   si   so    bi    bo   in   cs us sy id wa st
254  0      0 151047504  49528 4981156    0    0     0     0 12613 11377  2  0 98  0  0
176  0      0 151047008  49528 4981160    0    0     0     0 13977 12643  2  0 97  0  0
36  0      0 151044992  49536 4981160    0    0     0    12 12258 11401  2  0 98  0  0
52  0      0 151043888  49536 4981160    0    0     0     0 11254 11004  2  0 97  0  0
47  0      0 151043888  49536 4981160    0    0     0     0 11129 10605  2  0 97  0  0
15  0      0 151043888  49536 4981160    0    0     0     0 12609 12009  2  0 98  0  0
121  0      0 151043888  49536 4981160    0    0     0     0 12862 11307  2  0 97  0  0
12  0      0 151043056  49536 4981160    0    0     0    12 14599 12166  2  0 97  0  0
222  0      0 151043552  49536 4981912    0    0     0     0 12288 11678  2  0 97  0  0
14  0      0 151043552  49536 4981912    0    0     0     0 13540 12174  2  0 97  0  0
14  0      0 151043552  49536 4981912    0    0     0     0 11673 10972  2  0 97  0  0
28  0      0 151043552  49536 4982664    0    0     0     0 11684 10834  2  0 98  0  0
62  0      0 151041888  49544 4982656    0    0     0    28 12489 11681  2  0 97  0  0
23  0      0 151041696  49544 4982656    0    0     0     0 11791 11088  2  0 97  0  0
 8  0      0 151041696  49544 4982656    0    0     0     0 12734 11610  2  0 98  0  0
105  0      0 151041696  49544 4982656    0    0     0     0 13733 11934  2  0 97  0  0
79  0      0 151041104  49544 4982656    0    0     0     0 13103 12297  2  0 97  0  0
47  0      0 151041104  49544 4982656    0    0     0    56 12434 11645  2  0 98  0  0
23  0      0 151040288  49552 4983560    0    0     0    20 14610 13117  2  0 97  0  0
22  0      0 151040768  49552 4983612    0    0     0     0 12739 11944  2  0 97  0  0
30  0      0 151040640  49552 4983676    0    0     0     0 11888 11177  2  0 98  0  0
procs -----------memory---------- ---swap-- -----io---- -system-- ------cpu-----
 r  b   swpd   free   buff  cache   si   so    bi    bo   in   cs us sy id wa st
42  0      0 151040656  49552 4983676    0    0     0     0 14054 13080  2  0 97  0  0
14  0      0 151037856  49552 4984428    0    0     0     0 14227 13121  2  0 97  0  0
82  0      0 151037344  49560 4984420    0    0     0    44 12299 11409  2  0 97  0  0
19  0      0 151037632  49560 4984420    0    0     0     0 14380 12864  2  0 98  0  0
19  0      0 151037632  49560 4984420    0    0     0     0 12509 11881  2  0 97  0  0
188  0      0 151037632  49560 4984420    0    0     0     0 12530 11512  2  0 97  0  0
251  0      0 151037632  49560 4984420    0    0     0    12 12367 11406  2  0 97  0  0
78  0      0 151037104  49560 4984420    0    0     0     0 11788 11089  2  0 98  0  0
261  0      0 151030304  49560 4991948    0    0     0     0 12915 11348  2  0 97  0  0
78  0      0 151028208  49560 4993492    0    0     0     0 12924 11690  2  0 97  0  0
16  0      0 151027168  49560 4993524    0    0     0     0 11545 11002  2  0 97  0  0
12  0      0 151024624  49568 4993516    0    0     0    64 14095 13031  2  0 97  0  0
114  0      0 151024608  49568 4993516    0    0     0     0 13370 12711  2  0 98  0  0
30  0      0 151024048  49568 4993516    0    0     0     0 12921 12059  2  0 97  0  0
58  0      0 151024048  49568 4993516    0    0     0     0 13455 11664  2  0 97  0  0
16  0      0 150994048  49568 4993516    0    0     0     0 12543 13308  2  0 98  0  0
27  0      0 150967072  49572 4993512    0    0     0     4 12715 13360  2  0 98  0  0
10  0      0 150963744  49572 4994388    0    0     0     0 12869 13219  2  0 97  0  0
14  0      0 150962160  49572 4994468    0    0     0     0 13313 12675  2  0 97  0  0
 9  0      0 150960800  49572 4994712    0    0     0     0 13417 13123  2  0 97  0  0
18  0      0 150958336  49572 4994676    0    0     0     0 13573 13396  2  0 98  0  0
procs -----------memory---------- ---swap-- -----io---- -system-- ------cpu-----
 r  b   swpd   free   buff  cache   si   so    bi    bo   in   cs us sy id wa st
57  0      0 150954368  49572 4994676    0    0     0     4 12476 11619  2  0 97  0  0
 7  0      0 150954880  49580 4994668    0    0     0    40 12823 12755  2  0 97  0  0
28  0      0 150955040  49580 4994668    0    0     0     0 12179 11661  2  0 98  0  0
22  0      0 150955888  49580 4994996    0    0     0     0 12934 11844  2  0 97  0  0
99  0      0 150955792  49580 4995116    0    0     0     0 12696 11472  2  0 97  0  0
56  0      0 150955184  49580 4995136    0    0     0     0 13441 14191  2  0 97  0  0
71  0      0 150954240  49580 4995236    0    0     0     0 11606 10876  2  0 98  0  0
18  0      0 150952176  49580 4995636    0    0     0     0 13448 12901  2  0 98  0  0
35  0      0 150952912  49580 4996056    0    0     0     0 13333 13317  2  0 98  0  0
21  0      0 150944496  49580 5004252    0    0     0     0 12720 12661  2  0 98  0  0
12  0      0 150941920  49588 5004456    0    0     0    84 21181 23520  3  1 96  0  0
25  0      0 150941920  49588 5004456    0    0     0     0 13244 13137  2  0 98  0  0
23  0      0 150941920  49588 5004456    0    0     0     0 12468 12344  2  0 98  0  0
41  0      0 150941376  49588 5004456    0    0     0     0 12420 11035  2  0 97  0  0
231  0      0 150940000  49588 5004456    0    0     0     0 14277 11454  2  0 97  0  0
85  0      0 150938528  49596 5004844    0    0     0    40 14359 15763  2  0 97  0  0
42  0      0 150939312  49596 5004844    0    0     0     0 13111 12722  2  0 97  0  0
12  0      0 150936864  49596 5005108    0    0     0     0 12056 11889  2  0 98  0  0
19  0      0 150937456  49596 5005128    0    0     0     0 13058 12968  2  0 98  0  0
31  0      0 150937456  49596 5005128    0    0     0     0 14632 12710  2  0 97  0  0
11  0      0 150926720  49596 5013400    0    0     0    16 13239 12337  2  0 98  0  0
procs -----------memory---------- ---swap-- -----io---- -system-- ------cpu-----
 r  b   swpd   free   buff  cache   si   so    bi    bo   in   cs us sy id wa st
24  0      0 150926720  49596 5013400    0    0     0     0 12320 11788  2  0 98  0  0
38  0      0 150926720  49596 5013400    0    0     0     0 12354 11574  2  0 97  0  0
155  0      0 150926848  49596 5013400    0    0     0     0 14160 12597  2  0 97  0  0
35  0      0 150926848  49596 5013400    0    0     0     0 12763 12397  2  0 98  0  0
31  0      0 150926848  49604 5014144    0    0     0    24 12868 12033  2  0 98  0  0
16  0      0 150926624  49604 5014144    0    0     0     0 12819 11351  2  0 97  0  0
49  0      0 150925392  49604 5014144    0    0     0     0 12670 11093  2  0 97  0  0
127  0      0 150925392  49604 5014144    0    0     0     0 11998 11199  2  0 98  0  0
27  0      0 150925392  49604 5014144    0    0     0     0 12568 12544  2  0 97  0  0
22  0      0 150923712  49604 5014144    0    0     0     0 12502 12113  2  0 97  0  0
20  0      0 150923712  49612 5014888    0    0     0    40 13302 12620  2  0 97  0  0
84  0      0 150923712  49612 5014888    0    0     0     0 13126 12369  2  0 98  0  0
23  0      0 150923712  49612 5014888    0    0     0     0 12734 12225  2  0 97  0  0
26  0      0 150923712  49612 5014888    0    0     0     0 12948 12252  2  0 97  0  0
27  0      0 150923744  49612 5014888    0    0     0     0 14678 15646  2  0 97  0  0
32  0      0 150921184  49612 5015228    0    0     0     0 14769 12928  2  0 97  0  0
181  0      0 150921920  49612 5015008    0    0     0     0 13302 12380  2  0 98  0  0
118  0      0 150913920  49612 5023380    0    0     0     0 12254 11546  2  0 97  0  0
80  0      0 150913920  49612 5023380    0    0     0     0 12564 11300  2  0 97  0  0
20  0      0 150911904  49612 5023380    0    0     0    12 12092 12133  2  0 97  0  0
 7  0      0 150911904  49620 5023372    0    0     0    40 12982 11615  2  0 98  0  0
procs -----------memory---------- ---swap-- -----io---- -system-- ------cpu-----
 r  b   swpd   free   buff  cache   si   so    bi    bo   in   cs us sy id wa st
10  0      0 150911904  49620 5023372    0    0     0     0 13006 12941  2  0 97  0  0
106  0      0 150911360  49620 5024124    0    0     0     0 12832 11917  2  0 97  0  0
368  0      0 150911616  49620 5024216    0    0     0     0 12589 11433  2  0 97  0  0
20  0      0 150911648  49620 5024200    0    0     0     0 11781 11575  2  0 98  0  0
31  0      0 150911424  49620 5024192    0    0     0     0 12718 11637  2  0 97  0  0
 9  0      0 150909728  49620 5024492    0    0     0     0 14862 12786  2  0 97  0  0
25  0      0 150909760  49620 5024732    0    0     0     0 13261 12243  2  0 97  0  0
286  0      0 150909536  49620 5024772    0    0     0     0 12485 11367  2  0 97  0  0
60  0      0 150906400  49620 5024772    0    0     0    12 11781 12348  2  0 97  0  0
88  0      0 150906512  49620 5024772    0    0     0     0 12461 11463  2  0 97  0  0
15  0      0 150906512  49628 5024764    0    0     0    40 13097 12996  2  0 98  0  0
18  0      0 150907024  49628 5025516    0    0     0     0 12940 12606  2  0 98  0  0
13  0      0 150906384  49628 5025516    0    0     0     0 13560 11509  2  0 97  0  0
13  0      0 150906896  49628 5025516    0    0     0     0 13330 12759  2  0 98  0  0
20  0      0 150907024  49628 5025348    0    0     0     0 13329 12928  2  0 97  0  0
123  0      0 150906864  49628 5025448    0    0     0     0 13173 11204  2  0 97  0  0
66  0      0 150906928  49628 5025112    0    0     0     0 13061 11319  2  0 97  0  0
10  0      0 150906112  49628 5025112    0    0     0     0 13447 12263  2  0 97  0  0
50  0      0 150902080  49636 5025292    0    0     0    52 14823 15348  2  0 97  0  0
31  0      0 150901792  49636 5025332    0    0     0     0 12060 11591  2  0 98  0  0
 9  0      0 150901936  49636 5025360    0    0     0     0 13055 11852  2  0 97  0  0
procs -----------memory---------- ---swap-- -----io---- -system-- ------cpu-----
 r  b   swpd   free   buff  cache   si   so    bi    bo   in   cs us sy id wa st
17  0      0 150901872  49636 5025360    0    0     0     0 13925 11961  2  0 97  0  0
13  0      0 150901872  49636 5025360    0    0     0     0 12135 11128  2  0 97  0  0
 6  0      0 150903168  49644 5025588    0    0     0    40 14887 13119  2  0 97  0  0
179  0      0 150903312  49644 5026056    0    0     0     0 12499 12140  2  0 98  0  0
26  0      0 150903424  49644 5026056    0    0     0     0 12878 12048  2  0 98  0  0
73  0      0 150902864  49644 5026056    0    0     0     0 12693 11787  2  0 97  0  0
62  0      0 150902864  49644 5026056    0    0     0     0 11975 11584  2  0 98  0  0
95  0      0 150900928  49644 5026060    0    0     0    20 12898 12081  2  0 97  0  0
353  0      0 150899840  49644 5026060    0    0     0     0 12405 11698  2  0 97  0  0
26  0      0 150899840  49644 5026060    0    0     0     0 12027 11312  2  0 97  0  0
90  0      0 150899840  49644 5026060    0    0     0     0 13167 12346  2  0 97  0  0
58  0      0 150895680  49644 5030504    0    0     0     0 14475 12162  2  0 97  0  0
22  0      0 150891072  49652 5034872    0    0     0    60 13198 12385  2  0 97  0  0
104  0      0 150890864  49652 5034972    0    0     0     0 12612 11885  2  0 98  0  0
 6  0      0 150890752  49652 5034972    0    0     0     0 12500 12245  2  0 98  0  0
68  0      0 150890752  49652 5034972    0    0     0     0 13289 12027  2  0 97  0  0
113  0      0 150887824  49652 5034972    0    0     0     0 13948 12181  2  0 98  0  0
12  0      0 150879952  49652 5035660    0    0     0     0 13018 12418  2  0 97  0  0
41  0      0 150875312  49652 5035660    0    0     0     0 11929 11517  2  0 98  0  0
36  0      0 150873120  49652 5035820    0    0     0     0 12492 11792  2  0 97  0  0
 8  0      0 150869024  49652 5035820    0    0     0     0 12907 12293  2  0 98  0  0
procs -----------memory---------- ---swap-- -----io---- -system-- ------cpu-----
 r  b   swpd   free   buff  cache   si   so    bi    bo   in   cs us sy id wa st
19  0      0 150857408  49652 5040004    0    0     0     0 12660 11715  2  0 97  0  0
74  0      0 150852736  49652 5040004    0    0     0    64 12836 12012  2  0 98  0  0
355  0      0 150843488  49652 5040004    0    0     0     0 14088 12392  2  0 97  0  0
 9  0      0 150838096  49652 5040004    0    0     0     0 12637 12002  2  0 97  0  0
87  0      0 150836080  49652 5040004    0    0     0     0 12598 11951  2  0 98  0  0
11  0      0 150830816  49652 5040004    0    0     0     0 14651 13060  2  0 97  0  0
148  0      0 150822320  49660 5039996    0    0     0    12 12162 11433  2  0 97  0  0
18  0      0 150820112  49660 5039996    0    0     0     0 12963 12007  2  0 97  0  0
19  0      0 150786016  49660 5039996    0    0     0     0 13324 12995  2  0 97  0  0
 6  0      0 150750560  49660 5039996    0    0     0     0 13014 13130  2  0 97  0  0
 6  0      0 150748384  49660 5039996    0    0     0     0 12905 12465  2  0 98  0  0
113  0      0 150742672  49660 5039996    0    0     0     0 14319 16820  2  0 97  0  0
15  0      0 150734336  49660 5041096    0    0     0     0 14043 13547  2  0 97  0  0
14  0      0 150731824  49660 5041100    0    0     0     0 12458 12135  2  0 98  0  0
11  0      0 150730432  49660 5041100    0    0     0     0 12629 12906  2  0 98  0  0
13  0      0 150717920  49660 5049372    0    0     0     0 12982 13114  2  0 98  0  0
14  0      0 150715888  49660 5049212    0    0     0     0 16447 19077  2  0 97  0  0
31  0      0 150715888  49660 5049208    0    0     0     0 14134 13548  2  0 98  0  0
34  0      0 150715888  49668 5049200    0    0     0    44 12104 11437  2  0 97  0  0
40  0      0 150715888  49668 5049200    0    0     0     0 12987 11886  2  0 97  0  0
75  0      0 150716016  49668 5049200    0    0     0     0 13079 11750  2  0 97  0  0
procs -----------memory---------- ---swap-- -----io---- -system-- ------cpu-----
 r  b   swpd   free   buff  cache   si   so    bi    bo   in   cs us sy id wa st
122  0      0 150716016  49668 5049200    0    0     0     8 13415 12672  2  0 98  0  0
 9  0      0 150716736  49668 5049980    0    0     0     0 13158 12991  2  0 98  0  0
110  0      0 150715456  49668 5050004    0    0     0     0 14288 13279  2  0 97  0  0
20  0      0 150715344  49668 5050192    0    0     0     0 13408 12497  2  0 97  0  0
94  0      0 150715392  49668 5050248    0    0     0     0 13906 12439  2  0 97  0  0
54  0      0 150713056  49676 5050236    0    0     0    52 12696 12371  2  0 98  0  0
255  0      0 150704480  49676 5058508    0    0     0     0 13077 12618  2  0 98  0  0
69  0      0 150703936  49676 5058508    0    0     0     0 12642 11638  2  0 97  0  0
53  0      0 150703392  49676 5058508    0    0     0     0 13101 11703  2  0 97  0  0
33  0      0 150705376  49676 5058836    0    0     0     0 12667 11390  2  0 97  0  0
25  0      0 150705024  49676 5058860    0    0     0     0 13022 11748  2  0 97  0  0
112  0      0 150705632  49676 5059004    0    0     0     0 13890 12869  2  0 97  0  0
19  0      0 150705600  49676 5059056    0    0     0     0 14386 13220  2  0 97  0  0
48  0      0 150703120  49676 5061324    0    0     0     0 15972 17019  2  0 97  0  0
29  0      0 150703456  49676 5061324    0    0     0     0 13087 12772  2  0 97  0  0
59  0      0 150698944  49676 5061324    0    0     0     4 12765 11983  2  0 97  0  0
14  0      0 150701888  49676 5061696    0    0     0     0 13792 12608  2  0 98  0  0
32  0      0 150701696  49684 5061808    0    0     0    40 12772 11912  2  0 97  0  0
59  0      0 150701696  49684 5061808    0    0     0     0 13384 12578  2  0 97  0  0
19  0      0 150701328  49684 5061960    0    0     0     0 12694 12403  2  0 98  0  0
127  0      0 150699840  49684 5062120    0    0     0    36 14641 12695  2  0 97  0  0
procs -----------memory---------- ---swap-- -----io---- -system-- ------cpu-----
 r  b   swpd   free   buff  cache   si   so    bi    bo   in   cs us sy id wa st
11  0      0 150699328  49684 5062120    0    0     0     0 12320 11823  2  0 98  0  0
91  0      0 150698768  49684 5062120    0    0     0     0 12879 11765  2  0 97  0  0
58  0      0 150698768  49684 5062120    0    0     0     0 12868 11674  2  0 98  0  0
28  0      0 150698752  49684 5062448    0    0     0     0 18198 18323  3  1 97  0  0
77  0      0 150696128  49692 5062440    0    0     0    44 18262 20033  2  0 97  0  0
126  0      0 150695760  49692 5062740    0    0     0     0 12844 11546  2  0 98  0  0
15  0      0 150695616  49692 5062768    0    0     0     0 12561 11693  2  0 97  0  0
16  0      0 150695616  49692 5062768    0    0     0     0 12835 12186  2  0 97  0  0
18  0      0 150695968  49692 5063004    0    0     0     0 14567 12740  2  0 97  0  0
40  0      0 150694896  49692 5063060    0    0     0     0 13180 12475  2  0 98  0  0
18  0      0 150692032  49692 5063416    0    0     0     0 12943 12197  2  0 97  0  0
31  0      0 150692032  49692 5063416    0    0     0     0 12464 11569  2  0 98  0  0
17  0      0 150691520  49692 5063852    0    0     0     0 12520 11880  2  0 97  0  0
19  0      0 150688416  49692 5066860    0    0     0     0 14184 12781  2  0 98  0  0
103  0      0 150685616  49700 5066852    0    0     0    68 13441 13117  2  0 97  0  0
13  0      0 150684512  49700 5066852    0    0     0     0 11666 11220  2  0 98  0  0
24  0      0 150684512  49700 5066852    0    0     0     0 14392 13268  2  0 97  0  0
17  0      0 150684880  49700 5067276    0    0     0     0 13684 12292  2  0 97  0  0
17  0      0 150685536  49700 5067276    0    0     0     0 13875 13421  2  0 98  0  0
76  0      0 150685776  49708 5067700    0    0     0    24 12698 11916  2  0 98  0  0
21  0      0 150685488  49708 5067704    0    0     0     0 12511 11850  2  0 98  0  0
procs -----------memory---------- ---swap-- -----io---- -system-- ------cpu-----
 r  b   swpd   free   buff  cache   si   so    bi    bo   in   cs us sy id wa st
228  0      0 150686240  49708 5067704    0    0     0     0 12712 11957  2  0 98  0  0
43  0      0 150686240  49708 5067704    0    0     0     0 12699 11240  2  0 97  0  0
133  0      0 150685728  49708 5067704    0    0     0     0 13549 12397  2  0 97  0  0
36  0      0 150682512  49708 5067908    0    0     0     0 12008 11940  2  0 97  0  0
91  0      0 150682528  49708 5067908    0    0     0     0 13158 12572  2  0 98  0  0
403  0      0 150681632  49708 5068120    0    0     0     0 13820 11862  2  0 97  0  0
13  0      0 150681536  49708 5068264    0    0     0     0 12162 11121  2  0 97  0  0
32  0      0 150681632  49708 5068264    0    0     0     0 12570 12005  2  0 98  0  0
18  0      0 150681136  49708 5068264    0    0     0     0 12732 12268  2  0 98  0  0
155  0      0 150679680  49708 5068500    0    0     0     0 14334 13016  2  0 97  0  0
15  0      0 150679680  49708 5068500    0    0     0     0 13024 11922  2  0 97  0  0
12  0      0 150680560  49708 5068692    0    0     0     0 13020 12493  2  0 98  0  0
14  0      0 150680832  49708 5068692    0    0     0     0 13636 12819  2  0 98  0  0
270  0      0 150676672  49708 5068692    0    0     0    28 13662 12880  2  0 97  0  0
15  0      0 150677184  49708 5068692    0    0     0     0 12237 11679  2  0 98  0  0
176  0      0 150677184  49716 5069436    0    0     0    40 12741 12523  2  0 98  0  0
204  0      0 150677184  49716 5069436    0    0     0     0 13385 11939  2  0 97  0  0
74  0      0 150676144  49716 5069436    0    0     0     0 13575 12569  2  0 97  0  0
304  0      0 150674624  49716 5069436    0    0     0     0 12244 11656  2  0 98  0  0
469  0      0 150674624  49716 5069436    0    0     0     0 14370 12916  2  0 97  0  0
221  0      0 150673744  49716 5069388    0    0     0     0 13589 11970  2  0 97  0  0
procs -----------memory---------- ---swap-- -----io---- -system-- ------cpu-----
 r  b   swpd   free   buff  cache   si   so    bi    bo   in   cs us sy id wa st
11  0      0 150673744  49716 5069388    0    0     0     0 12340 11553  2  0 98  0  0
16  0      0 150673248  49716 5069388    0    0     0     0 13114 11527  2  0 97  0  0
 7  0      0 150672832  49716 5070100    0    0     0     0 14123 13288  2  0 98  0  0
12  0      0 150672224  49716 5070576    0    0     0     0 12860 11901  2  0 97  0  0
17  0      0 150672224  49716 5070576    0    0     0     0 12906 11873  2  0 98  0  0
241  0      0 150672224  49724 5070568    0    0     0    40 12508 11555  2  0 98  0  0
24  0      0 150671840  49732 5071080    0    0     0    64 14120 12181  2  0 97  0  0
31  0      0 150671696  49732 5071092    0    0     0     0 11988 11239  2  0 98  0  0
10  0      0 150670976  49732 5071180    0    0     0     0 16530 13838  2  0 97  0  0
83  0      0 150671120  49732 5071472    0    0     0     0 14258 11957  2  0 97  0  0
134  0      0 150669440  49732 5071624    0    0     0     0 12658 11651  2  0 97  0  0
29  0      0 150669440  49740 5071616    0    0     0    40 13154 12713  2  0 98  0  0
26  0      0 150667328  49740 5071616    0    0     0     0 13216 12643  2  0 97  0  0
23  0      0 150667328  49740 5071616    0    0     0     0 13525 12069  2  0 98  0  0
20  0      0 150666416  49740 5071616    0    0     0     0 13403 11991  2  0 97  0  0
18  0      0 150666912  49740 5071616    0    0     0     0 12561 12051  2  0 97  0  0
53  0      0 150666912  49740 5071616    0    0     0     0 13311 12295  2  0 98  0  0
20  0      0 150680496  49740 5057328    0    0     0     0 13964 12364  2  0 97  0  0
72  0      0 150680496  49740 5057328    0    0     0     0 13095 11816  2  0 97  0  0
45  0      0 150686544  49740 5050560    0    0     0     0 12000 10817  2  0 98  0  0
48  0      0 150690576  49740 5046800    0    0     0     0 13798 12207  2  0 97  0  0
procs -----------memory---------- ---swap-- -----io---- -system-- ------cpu-----
 r  b   swpd   free   buff  cache   si   so    bi    bo   in   cs us sy id wa st
71  0      0 150691072  49740 5046800    0    0     0     0 13379 12302  2  0 97  0  0
307  0      0 150688752  49748 5046792    0    0     0    64 13412 12228  2  0 97  0  0
145  0      0 150688736  49748 5046792    0    0     0     0 12451 11867  2  0 97  0  0
23  0      0 150688736  49748 5046792    0    0     0     0 11916 11579  2  0 97  0  0
225  0      0 150688736  49748 5046792    0    0     0     0 14345 12332  2  0 97  0  0
22  0      0 150689680  49748 5047020    0    0     0     0 12767 11849  2  0 97  0  0
21  0      0 150689952  49748 5047168    0    0     0    20 13956 12325  2  0 98  0  0
148  0      0 150689872  49748 5047260    0    0     0     0 11302 10881  2  0 97  0  0
15  0      0 150690384  49748 5047208    0    0     0     0 12697 11854  2  0 98  0  0
19  0      0 150690592  49748 5047532    0    0     0     0 12880 12206  2  0 97  0  0
111  0      0 150690592  49756 5047524    0    0     0    40 12134 11526  2  0 98  0  0
10  0      0 150688240  49756 5047524    0    0     0     0 11868 11836  2  0 97  0  0
26  0      0 150676992  49756 5047524    0    0     0     0 12252 12104  2  0 98  0  0
 3  0      0 150674944  49756 5047524    0    0     0     0 13019 12751  2  0 98  0  0
19  0      0 150672800  49756 5047524    0    0     0     0 13547 12442  2  0 97  0  0
15  0      0 150668768  49756 5047524    0    0     0     0 14029 13578  2  0 97  0  0
 7  0      0 150668768  49756 5047524    0    0     0    16 12897 12855  2  0 98  0  0
10  0      0 150664704  49756 5047524    0    0     0     0 12194 14410  2  0 97  0  0
43  0      0 150664704  49756 5047524    0    0     0     0 12504 11547  2  0 98  0  0
46  0      0 150664704  49764 5048268    0    0     0    12 13781 12332  2  0 97  0  0
13  0      0 150664176  49764 5048268    0    0     0     0 12446 11104  2  0 97  0  0
procs -----------memory---------- ---swap-- -----io---- -system-- ------cpu-----
 r  b   swpd   free   buff  cache   si   so    bi    bo   in   cs us sy id wa st
196  0      0 150661088  49764 5048268    0    0     0     0 12318 11790  2  0 97  0  0
30  0      0 150661088  49764 5048268    0    0     0     0 11825 11705  2  0 98  0  0
47  0      0 150661088  49764 5048268    0    0     0     0 13016 11805  2  0 97  0  0
36  0      0 150660560  49764 5049020    0    0     0     0 12896 11716  2  0 97  0  0
13  0      0 150660560  49772 5049012    0    0     0    12 12355 12068  2  0 97  0  0
28  0      0 150659968  49772 5049012    0    0     0     0 11170 10755  2  0 97  0  0
22  0      0 150659648  49772 5049572    0    0     0     0 14930 13014  2  0 97  0  0
15  0      0 150659648  49772 5049656    0    0     0     0 15033 12885  2  0 97  0  0
46  0      0 150659104  49772 5049792    0    0     0     0 13322 12364  2  0 97  0  0
113  0      0 150658688  49772 5049792    0    0     0     0 12924 11923  2  0 98  0  0
220  0      0 150656160  49772 5050228    0    0     0     0 11901 11345  2  0 97  0  0
11  0      0 150655888  49780 5050480    0    0     0    44 12824 11912  2  0 97  0  0
11  0      0 150655264  49780 5050764    0    0     0     0 12835 11294  2  0 97  0  0
112  0      0 150654368  49780 5050764    0    0     0     0 13148 11901  2  0 97  0  0
29  0      0 150654608  49780 5051020    0    0     0     0 11730 11339  2  0 97  0  0
27  0      0 150654800  49780 5051020    0    0     0    16 12084 11853  2  0 97  0  0
17  0      0 150654992  49780 5051036    0    0     0     0 12260 12362  2  0 97  0  0
20  0      0 150653856  49780 5051048    0    0     0     0 13284 12632  2  0 97  0  0
91  0      0 150655472  49780 5051028    0    0     0     0 14507 12586  2  0 97  0  0
31  0      0 150655072  49780 5051112    0    0     0     0 13636 12216  2  0 97  0  0
30  0      0 150651856  49788 5051856    0    0     0    60 12537 12396  2  0 97  0  0
procs -----------memory---------- ---swap-- -----io---- -system-- ------cpu-----
 r  b   swpd   free   buff  cache   si   so    bi    bo   in   cs us sy id wa st
33  0      0 150651856  49788 5051856    0    0     0     0 11767 11507  2  0 97  0  0
19  0      0 150649312  49788 5051856    0    0     0     0 11532 11473  2  0 98  0  0
33  0      0 150648784  49788 5051856    0    0     0     0 13959 12162  2  0 97  0  0
16  0      0 150648160  49788 5051856    0    0     0     0 13707 12692  2  0 97  0  0
38  0      0 150647136  49788 5052608    0    0     0     4 13463 12434  2  0 98  0  0
69  0      0 150645072  49788 5052608    0    0     0     0 12182 11723  2  0 97  0  0
14  0      0 150644720  49788 5052588    0    0     0     0 13748 12206  2  0 97  0  0
41  0      0 150644528  49788 5052200    0    0     0     0 12728 11568  2  0 97  0  0
251  0      0 150644336  49788 5052300    0    0     0     0 11227 10012  2  0 97  0  0
17  0      0 150640096  49796 5052292    0    0     0    44 15193 12792  2  0 97  0  0
13  0      0 150640096  49796 5052292    0    0     0     0 12488 11822  2  0 97  0  0
17  0      0 150639168  49796 5053044    0    0     0     0 12920 11824  2  0 97  0  0
77  0      0 150639168  49796 5053044    0    0     0     0 13120 11984  2  0 97  0  0
51  0      0 150639168  49796 5053044    0    0     0     0 12460 12190  2  0 97  0  0
20  0      0 150636672  49796 5053400    0    0     0     0 13873 12967  2  0 97  0  0
107  0      0 150636224  49796 5053480    0    0     0     0 12131 11441  2  0 98  0  0
26  0      0 150636352  49796 5053484    0    0     0     0 11923 11857  2  0 98  0  0
64  0      0 150634304  49796 5053688    0    0     0     0 13731 12131  2  0 97  0  0
116  0      0 150636432  49796 5053564    0    0     0     0 24425 20960  3  1 97  0  0
82  0      0 150633696  49804 5053684    0    0     0    44 15454 15283  2  0 97  0  0
57  0      0 150633760  49804 5053728    0    0     0     0 12576 11795  2  0 98  0  0
procs -----------memory---------- ---swap-- -----io---- -system-- ------cpu-----
 r  b   swpd   free   buff  cache   si   so    bi    bo   in   cs us sy id wa st
18  0      0 150633744  49804 5053812    0    0     0     0 12160 11642  2  0 98  0  0
11  0      0 150632032  49804 5053812    0    0     0     0 12714 11980  2  0 97  0  0
238  0      0 150630272  49804 5054764    0    0     0     0 12482 11320  2  0 97  0  0
16  0      0 150629888  49804 5054784    0    0     0     0 15312 13664  2  0 97  0  0
36  0      0 150628544  49804 5055024    0    0     0     0 13338 11871  2  0 97  0  0
51  0      0 150628832  49804 5055212    0    0     0     0 12046 11551  2  0 98  0  0
198  0      0 150628800  49804 5055212    0    0     0     0 11445 10686  2  0 98  0  0
39  0      0 150628800  49812 5055204    0    0     0    60 12547 11582  2  0 97  0  0
39  0      0 150626688  49812 5055204    0    0     0     0 13074 12052  2  0 98  0  0
21  0      0 150626816  49812 5055204    0    0     0     0 14954 12817  2  0 97  0  0
192  0      0 150626272  49812 5055204    0    0     0     0 12666 12502  2  0 97  0  0
184  0      0 150626272  49812 5055204    0    0     0     0 12556 12029  2  0 98  0  0
15  0      0 150626272  49812 5055204    0    0     0    24 13383 12353  2  0 97  0  0
36  0      0 150626272  49820 5055196    0    0     0    32 12557 11759  2  0 97  0  0
43  0      0 150626272  49820 5055196    0    0     0     0 13662 12521  2  0 98  0  0
79  0      0 150625728  49820 5055948    0    0     0     0 13071 12327  2  0 97  0  0
19  0      0 150625728  49820 5055948    0    0     0     0 12790 12254  2  0 98  0  0
28  0      0 150625728  49820 5056700    0    0     0     0 12752 12156  2  0 97  0  0
25  0      0 150623296  49820 5056700    0    0     0     0 12798 12879  2  0 98  0  0
24  0      0 150623296  49820 5056700    0    0     0     0 12034 11525  2  0 97  0  0
175  0      0 150623648  49820 5057312    0    0     0     0 13550 12344  2  0 97  0  0
procs -----------memory---------- ---swap-- -----io---- -system-- ------cpu-----
 r  b   swpd   free   buff  cache   si   so    bi    bo   in   cs us sy id wa st
176  0      0 150623488  49820 5057380    0    0     0     0 12602 11739  2  0 98  0  0
56  0      0 150623904  49820 5057468    0    0     0     0 13017 12361  2  0 97  0  0
97  0      0 150623936  49820 5057468    0    0     0     0 13414 11893  2  0 97  0  0
147  0      0 150623024  49820 5057444    0    0     0     0 14770 13607  2  0 97  0  0
23  0      0 150622832  49820 5057528    0    0     0     0 13695 11884  2  0 97  0  0
112  0      0 150622304  49820 5057528    0    0     0     0 12903 12119  2  0 97  0  0
13  0      0 150622320  49820 5057532    0    0     0    16 11930 10972  2  0 97  0  0
14  0      0 150619296  49820 5057532    0    0     0     0 11514 10252  2  0 97  0  0
18  0      0 150619296  49828 5057524    0    0     0    40 13749 12436  2  0 98  0  0
108  0      0 150619424  49828 5057524    0    0     0     0 13208 12385  2  0 97  0  0
69  0      0 150619424  49828 5057524    0    0     0     0 11820 11134  2  0 98  0  0
28  0      0 150619968  49828 5057524    0    0     0     0 12466 11890  2  0 98  0  0
162  0      0 150619968  49828 5057524    0    0     0     0 12109 11047  2  0 97  0  0
48  0      0 150618880  49828 5058276    0    0     0     0 14144 12977  2  0 97  0  0
38  0      0 150621024  49828 5058608    0    0     0     0 13780 12297  2  0 97  0  0
34  0      0 150620784  49828 5058848    0    0     0     0 13231 11845  2  0 97  0  0
63  0      0 150620656  49828 5058876    0    0     0     0 12649 12040  2  0 97  0  0
15  0      0 150618864  49828 5058876    0    0     0     0 12896 12349  2  0 97  0  0
121  0      0 150618864  49828 5058876    0    0     0     0 12407 11221  2  0 97  0  0
16  0      0 150618864  49836 5058868    0    0     0    40 12628 11586  2  0 97  0  0
145  0      0 150617024  49836 5058864    0    0     0     0 14519 12914  2  0 97  0  0
procs -----------memory---------- ---swap-- -----io---- -system-- ------cpu-----
 r  b   swpd   free   buff  cache   si   so    bi    bo   in   cs us sy id wa st
18  0      0 150617024  49836 5058864    0    0     0     0 12357 11507  2  0 98  0  0
117  0      0 150617024  49836 5058864    0    0     0     0 12079 11125  2  0 97  0  0
64  0      0 150616240  49836 5059324    0    0     0     0 13585 12722  2  0 97  0  0
31  0      0 150615648  49836 5059364    0    0     0     0 13489 12140  2  0 97  0  0
19  0      0 150615376  49844 5059812    0    0     0    48 13831 12846  2  0 97  0  0
30  0      0 150615424  49844 5059836    0    0     0    20 13453 13231  2  0 98  0  0
17  0      0 150612624  49844 5059984    0    0     0     0 12015 11739  2  0 97  0  0
30  0      0 150612592  49844 5060112    0    0     0     0 12792 12421  2  0 98  0  0
236  0      0 150612720  49844 5060112    0    0     0     0 13717 12232  2  0 97  0  0
16  0      0 150612720  49844 5060112    0    0     0     0 13142 11545  2  0 97  0  0
14  0      0 150612720  49852 5060104    0    0     0    40 12701 12898  2  0 98  0  0
11  0      0 150611888  49852 5060524    0    0     0     0 13606 13157  2  0 97  0  0
28  0      0 150611856  49852 5060568    0    0     0     0 12381 12295  2  0 97  0  0
18  0      0 150611744  49852 5060580    0    0     0     0 12100 12026  2  0 98  0  0
73  0      0 150611744  49852 5060576    0    0     0     0 13197 14120  2  0 97  0  0
32  0      0 150611744  49852 5060576    0    0     0    16 12188 11530  2  0 98  0  0
10  0      0 150607744  49860 5060568    0    0     0    48 14848 12958  2  0 97  0  0
16  0      0 150607744  49860 5060568    0    0     0     0 12633 11978  2  0 98  0  0
83  0      0 150607744  49860 5060568    0    0     0     0 12732 12618  2  0 98  0  0
68  0      0 150607744  49860 5060568    0    0     0     0 11582 11028  2  0 97  0  0
12  0      0 150607088  49860 5061236    0    0     0     0 14678 13560  2  0 97  0  0
procs -----------memory---------- ---swap-- -----io---- -system-- ------cpu-----
 r  b   swpd   free   buff  cache   si   so    bi    bo   in   cs us sy id wa st
50  0      0 150606640  49860 5061336    0    0     0     0 13245 12223  2  0 97  0  0
 6  0      0 150605888  49860 5061356    0    0     0     0 14648 13299  2  0 98  0  0
31  0      0 150605888  49860 5061356    0    0     0     0 12608 11601  2  0 97  0  0
29  0      0 150606384  49860 5061356    0    0     0     0 12437 11670  2  0 97  0  0
 5  0      0 150606384  49868 5061352    0    0     0    40 12728 12083  2  0 98  0  0
415  0      0 150602224  49868 5061348    0    0     0     0 12812 12086  2  0 97  0  0
178  0      0 150602224  49868 5061348    0    0     0     0 11066 10358  2  0 97  0  0
36  0      0 150602224  49868 5061348    0    0     0     0 13405 12686  2  0 97  0  0
 4  0      0 150601120  49868 5061348    0    0     0     0 13440 12043  2  0 98  0  0
52  0      0 150600128  49868 5062296    0    0     0    16 13728 12578  2  0 97  0  0
27  0      0 150599536  49868 5062356    0    0     0     0 12816 12170  2  0 98  0  0
28  0      0 150599584  49868 5062356    0    0     0     0 12097 11755  2  0 98  0  0
253  0      0 150599296  49868 5062356    0    0     0     0 12782 11444  2  0 97  0  0
54  0      0 150599424  49868 5062356    0    0     0     0 12342 10930  2  0 97  0  0
25  0      0 150599424  49876 5062348    0    0     0    48 13682 12005  2  0 97  0  0
25  0      0 150596016  49876 5062348    0    0     0     0 13506 12726  2  0 97  0  0
121  0      0 150596064  49876 5062348    0    0     0     0 13312 12432  2  0 97  0  0
99  0      0 150596064  49876 5062348    0    0     0     0 13311 11567  2  0 97  0  0
30  0      0 150596064  49876 5062348    0    0     0     0 12026 11179  2  0 97  0  0
12  0      0 150595456  49876 5062348    0    0     0    48 12931 11845  2  0 97  0  0
 9  0      0 150595456  49876 5063100    0    0     0     0 12920 11965  2  0 98  0  0
procs -----------memory---------- ---swap-- -----io---- -system-- ------cpu-----
 r  b   swpd   free   buff  cache   si   so    bi    bo   in   cs us sy id wa st
146  0      0 150592640  49876 5064008    0    0     0     0 15110 13178  2  0 97  0  0
 5  0      0 150592912  49876 5064096    0    0     0     0 11962 11071  2  0 97  0  0
49  0      0 150593040  49876 5064100    0    0     0     0 11980 11450  2  0 98  0  0
23  0      0 150592720  49876 5064100    0    0     0     0 11801 11546  2  0 98  0  0
20  0      0 150590000  49876 5064100    0    0     0     0 13255 12114  2  0 97  0  0
67  0      0 150592592  49876 5064368    0    0     0     0 12678 11930  2  0 97  0  0
72  0      0 150592160  49884 5064452    0    0     0    44 12704 11736  2  0 97  0  0
19  0      0 150592176  49884 5064456    0    0     0     0 13654 12591  2  0 97  0  0
49  0      0 150592368  49884 5064572    0    0     0    20 13121 11964  2  0 97  0  0
144  0      0 150591984  49884 5064612    0    0     0     0 12982 11574  2  0 97  0  0
 8  0      0 150591472  49884 5064788    0    0     0     0 12881 12097  2  0 98  0  0
32  0      0 150590960  49884 5064984    0    0     0     0 14215 12607  2  0 97  0  0
15  0      0 150590816  49884 5065216    0    0     0     0 12354 11624  2  0 97  0  0
38  0      0 150590528  49884 5065344    0    0     0     0 12255 11833  2  0 97  0  0
22  0      0 150588672  49892 5065336    0    0     0    60 12457 11754  2  0 97  0  0
146  0      0 150588096  49892 5065336    0    0     0     0 12658 12186  2  0 98  0  0
14  0      0 150588064  49892 5065336    0    0     0     0 11801 11461  2  0 97  0  0
15  0      0 150586960  49892 5065336    0    0     0     0 12950 12222  2  0 98  0  0
15  0      0 150586960  49892 5065336    0    0     0     0 13530 11983  2  0 97  0  0
 2  0      0 150586960  49892 5065336    0    0     0     0 13020 12416  2  0 98  0  0
145  0      0 150586032  49892 5065740    0    0     0     0 13097 12233  2  0 97  0  0
procs -----------memory---------- ---swap-- -----io---- -system-- ------cpu-----
 r  b   swpd   free   buff  cache   si   so    bi    bo   in   cs us sy id wa st
24  0      0 150585760  49892 5065740    0    0     0     0 12723 12278  2  0 97  0  0
164  0      0 150585472  49892 5065772    0    0     0     0 13927 12518  2  0 97  0  0
133  0      0 150583952  49892 5065832    0    0     0     4 13525 11575  2  0 97  0  0
45  0      0 150579280  49892 5066532    0    0     0     0 13858 12978  2  0 97  0  0
148  0      0 150579232  49892 5066532    0    0     0     0 11757 11026  2  0 97  0  0
17  0      0 150578976  49900 5066524    0    0     0    40 11931 11853  2  0 97  0  0
16  0      0 150578976  49900 5066524    0    0     0     0 12693 12171  2  0 98  0  0
14  0      0 150578960  49900 5066524    0    0     0     0 13726 12395  2  0 97  0  0
17  0      0 150577872  49908 5066712    0    0     0    44 15001 13172  2  0 97  0  0
13  0      0 150577456  49908 5066800    0    0     0     0 13401 13310  2  0 97  0  0
25  0      0 150575968  49908 5066908    0    0     0     0 14967 13191  2  0 97  0  0
20  0      0 150576544  49908 5067136    0    0     0     0 21521 16939  3  1 97  0  0
51  0      0 150576768  49908 5067116    0    0     0     0 18403 20475  2  0 97  0  0
27  0      0 150574288  49916 5067132    0    0     0    48 16274 16084  2  0 97  0  0
148  0      0 150574256  49916 5067132    0    0     0     0 12991 11168  2  0 97  0  0
34  0      0 150573696  49916 5067132    0    0     0     0 12270 11179  2  0 98  0  0
78  0      0 150573184  49916 5067132    0    0     0     0 12548 11582  2  0 98  0  0
 6  0      0 150573488  49916 5067348    0    0     0    20 13401 12720  2  0 97  0  0
73  0      0 150573376  49916 5067940    0    0     0     0 14033 12237  2  0 97  0  0
47  0      0 150573440  49916 5067940    0    0     0     0 12819 11916  2  0 98  0  0
107  0      0 150573488  49916 5067940    0    0     0     0 12137 11470  2  0 97  0  0
procs -----------memory---------- ---swap-- -----io---- -system-- ------cpu-----
 r  b   swpd   free   buff  cache   si   so    bi    bo   in   cs us sy id wa st
21  0      0 150572960  49916 5067940    0    0     0     0 12478 12174  2  0 98  0  0
 5  0      0 150572896  49924 5067932    0    0     0    72 12914 11885  2  0 98  0  0
54  0      0 150570176  49924 5067932    0    0     0     0 13220 12675  2  0 97  0  0
 8  0      0 151801600  49924 5067932    0    0     0     0 13053 12159  2  0 98  0  0
