procs -----------memory---------- ---swap-- -----io---- -system-- ------cpu-----
 r  b   swpd   free   buff  cache   si   so    bi    bo   in   cs us sy id wa st
 3  0      0 307092192      0 8203944    0    0     0     0    1    2  0  0 100  0  0
 2  1      0 307054048   2556 8226596    0    0  2644     0 26886 48208  1  0 98  0  0
 0  1      0 306928992  20792 8305084    0    0 18023     0 24859 45468  1  0 98  0  0
 0  1      0 306927808  20792 8305684    0    0     0     0 22385 40455  1  0 98  1  0
 0  1      0 306928128  20792 8305684    0    0     0     0 22072 40070  1  0 98  1  0
 1  1      0 306928384  20792 8305684    0    0     0     0 22203 40082  1  0 98  1  0
 0  1      0 306925760  20792 8305684    0    0     0     0 22410 40104  1  0 98  1  0
 0  1      0 306926208  20792 8305684    0    0     0     0 22354 40383  1  0 98  1  0
 1  1      0 306926400  20792 8305684    0    0     0     0 22350 40110  1  0 98  1  0
 5  0      0 306821600  21304 8306676    0    0   518     0 34415 83457  2  0 97  0  0
 6  0      0 306820544  21304 8307392    0    0     0     0 31334 198362  4  0 96  0  0
 6  0      0 306820288  21304 8307392    0    0     0     0 32336 207225  4  0 96  0  0
 5  0      0 306763936  21304 8311192    0    0     0     0 64292 198108  4  0 95  0  0
 4  0      0 306763712  21304 8311524    0    0     0     0 32934 201792  4  0 95  0  0
 7  0      0 306766080  21304 8311524    0    0     0     0 32480 204642  4  0 96  0  0
 1  0      0 306729312  21304 8311524    0    0     0     0 42684 186009  4  0 96  0  0
 0  0      0 306726208  21304 8311600    0    0     0     0 21802 40202  1  0 99  0  0
 0  0      0 306728288  21304 8311600    0    0     0     0 21816 39980  1  0 99  0  0
 0  0      0 306728480  21304 8311600    0    0     0     0 21658 39724  1  0 99  0  0
 0  0      0 306727712  21304 8311600    0    0     0     0 21854 40088  1  0 99  0  0
 0  0      0 306728192  21304 8311600    0    0     0     0 21465 39515  1  0 99  0  0
procs -----------memory---------- ---swap-- -----io---- -system-- ------cpu-----
 r  b   swpd   free   buff  cache   si   so    bi    bo   in   cs us sy id wa st
 1  0      0 306521152  21304 8311716    0    0     0     0 45965 79058  2  1 97  0  0
 9  0      0 306349568  21304 8315708    0    0     0     0 46863 80599  2  1 97  0  0
 6  0      0 306191264  21304 8316236    0    0     0     0 47854 82404  2  1 97  0  0
 3  0      0 306026048  21304 8320540    0    0     0     0 47851 83113  2  1 97  0  0
 4  0      0 305885952  21336 8324412    0    0    31     0 52631 79924  3  1 96  0  0
 5  0      0 305794176  21336 8325112    0    0     0     0 47953 78588  2  1 97  0  0
 6  0      0 305711168  21336 8329044    0    0     0     0 49027 78519  2  1 97  0  0
 5  0      0 305605792  21336 8329536    0    0     0     0 52579 84817  2  1 97  0  0
 8  1      0 305516480  21336 8333784    0    0     0     0 51011 81003  2  1 97  0  0
 8  1      0 305382880  21336 8333832    0    0     0     0 55989 90785  2  1 95  1  0
 1  1      0 305364512  21336 8334408    0    0     0     0 41340 61358  2  0 96  2  0
 1  1      0 305329248  21336 8334516    0    0     0     0 53390 53029  2  0 97  1  0
 1  1      0 305335584  21352 8335056    0    0    12     0 31638 43898  1  1 98  1  0
 1  1      0 305341536  21352 8335920    0    0     0     0 30513 42544  1  1 98  1  0
 1  1      0 305341952  21352 8336780    0    0     0     0 36429 53034  1  1 97  1  0
 1  0      0 305339424  21352 8338364    0    0     0     0 29764 43275  1  1 98  0  0
 1  0      0 305344512  21352 8339088    0    0     0     0 31093 43140  1  1 98  0  0
 1  0      0 305345152  21352 8339880    0    0     0     0 23153 42322  1  1 98  0  0
 1  0      0 305345248  21352 8340668    0    0     0     0 23366 42687  1  1 98  0  0
 1  0      0 305344800  21352 8341344    0    0     0     0 23232 43167  1  1 98  0  0
 1  0      0 305918976      0 8275184    0    0     0     0 24656 41270  1  0 99  0  0
procs -----------memory---------- ---swap-- -----io---- -system-- ------cpu-----
 r  b   swpd   free   buff  cache   si   so    bi    bo   in   cs us sy id wa st
 1  0      0 305924480      0 8275184    0    0     0     0 21737 40013  1  0 99  0  0
 0  0      0 305926112      0 8275188    0    0     0     0 22348 40057  2  0 98  0  0
 0  0      0 305927520      0 8275188    0    0     0     0 21361 39084  1  0 99  0  0
 0  0      0 305928320      0 8275188    0    0     0     0 21533 39374  1  0 99  0  0
 1  0      0 305925696      0 8275188    0    0     0     0 21535 39455  1  0 99  0  0
 2  0      0 305927168      0 8275188    0    0     0     0 21827 39904  1  0 99  0  0
 0  0      0 305927680      0 8275188    0    0     0     0 21195 39294  1  0 99  0  0
 1  0      0 305928064      0 8275188    0    0     0     0 21368 39428  1  0 99  0  0
 0  0      0 305928832      0 8275188    0    0     0     0 21368 39432  1  0 99  0  0
 3  0      0 305929216      0 8275188    0    0     0     0 21557 39863  1  0 99  0  0
 0  0      0 305929888      0 8275188    0    0     0     0 21420 39472  1  0 99  0  0
 0  0      0 305930400      0 8275188    0    0     0     0 21255 39614  1  0 99  0  0
 0  0      0 305931328      0 8275188    0    0     0     0 21562 39219  1  0 99  0  0
 0  0      0 305931872      0 8275188    0    0     0     0 21461 39712  1  0 99  0  0
 2  0      0 305930304      0 8275188    0    0     0     0 21548 39576  1  0 99  0  0
 1  0      0 305931968      0 8275188    0    0     0     0 21413 39521  1  0 99  0  0
 0  0      0 305932096      0 8275188    0    0     0     0 21716 39647  1  0 99  0  0
 9  0      0 305932224      0 8275188    0    0     0     0 21852 40061  1  0 99  0  0
 3  0      0 305932736      0 8275188    0    0     0     0 21580 39623  1  0 99  0  0
 1  0      0 305933728      0 8275188    0    0     0     0 21450 39423  1  0 99  0  0
 0  0      0 305934176      0 8275188    0    0     0     0 21560 39487  1  0 99  0  0
procs -----------memory---------- ---swap-- -----io---- -system-- ------cpu-----
 r  b   swpd   free   buff  cache   si   so    bi    bo   in   cs us sy id wa st
 1  0      0 305935104      0 8275188    0    0     0     0 21655 39626  1  0 99  0  0
 3  0      0 305935488      0 8275188    0    0     0     0 21303 38858  1  0 99  0  0
 3  0      0 305935744      0 8275188    0    0     0     0 21297 38753  1  0 99  0  0
 0  0      0 305932608      0 8275188    0    0     0     0 21447 38692  1  0 99  0  0
 1  0      0 305933952      0 8275188    0    0     0     0 21909 39940  1  0 99  0  0
 1  0      0 305933952      0 8275188    0    0     0     0 21443 39066  1  0 99  0  0
 5  0      0 305934080      0 8275188    0    0     0     0 21372 38735  1  0 99  0  0
 1  0      0 305934080      0 8275188    0    0     0     0 21590 39218  1  0 99  0  0
 0  0      0 305935296      0 8275188    0    0     0     0 21612 39211  1  0 99  0  0
 0  0      0 305936896      0 8275188    0    0     0     0 21741 39958  1  0 99  0  0
 2  0      0 305937856      0 8275188    0    0     0     0 22407 39815  1  0 98  0  0
 0  0      0 305938176      0 8275188    0    0     0     0 21624 39534  1  0 99  0  0
 1  0      0 305938592      0 8275188    0    0     0     0 21699 39802  1  0 99  0  0
 0  0      0 305936128      0 8275188    0    0     0     0 21788 39457  1  0 99  0  0
 0  0      0 305936704      0 8275188    0    0     0     0 21171 38841  1  0 99  0  0
 0  0      0 305936800      0 8275188    0    0     0     0 21390 38872  1  0 99  0  0
 0  0      0 305937120      0 8275188    0    0     0     0 21253 38834  1  0 99  0  0
 0  0      0 305937888      0 8275188    0    0     0     0 20676 37650  1  0 99  0  0
 0  0      0 305937888      0 8275188    0    0     0     0 21014 38296  1  0 99  0  0
 0  0      0 305937888      0 8275188    0    0     0     0 21379 39207  1  0 99  0  0
 0  0      0 305938144      0 8275188    0    0     0     0 21389 38962  1  0 99  0  0
procs -----------memory---------- ---swap-- -----io---- -system-- ------cpu-----
 r  b   swpd   free   buff  cache   si   so    bi    bo   in   cs us sy id wa st
 0  0      0 305938496      0 8275188    0    0     0     0 21342 39171  1  0 99  0  0
 1  0      0 305938752      0 8275192    0    0     0     0 21237 38891  1  0 99  0  0
 0  0      0 305936896      0 8275192    0    0     0     0 20680 37258  1  0 99  0  0
 0  0      0 305938368      0 8275192    0    0     0     0 20937 38386  1  0 99  0  0
 0  0      0 305938496      0 8275192    0    0     0     0 21179 39088  1  0 99  0  0
 0  0      0 305938624      0 8275192    0    0     0     0 20783 38412  1  0 99  0  0
 0  0      0 305938976      0 8275192    0    0     0     0 20664 37779  1  0 99  0  0
 3  0      0 305939712      0 8275192    0    0     0     0 21246 38613  1  0 99  0  0
 0  0      0 305940192      0 8275192    0    0     0     0 21223 38896  1  0 99  0  0
 0  0      0 305940704      0 8275192    0    0     0     0 20484 37587  1  0 99  0  0
 0  0      0 305940704      0 8275192    0    0     0     0 20967 38570  1  0 99  0  0
 0  0      0 305941696      0 8275192    0    0     0     0 21084 38352  1  0 99  0  0
 1  0      0 305938784      0 8275192    0    0     0     0 20836 38003  1  0 99  0  0
 1  0      0 305940320      0 8275192    0    0     0     0 20520 36952  1  0 99  0  0
 0  0      0 305940672      0 8275192    0    0     0     0 20410 37434  1  0 99  0  0
 0  0      0 305940928      0 8275192    0    0     0     0 21091 38834  1  0 99  0  0
 0  0      0 305941568      0 8275192    0    0     0     0 21112 38846  1  0 99  0  0
 0  0      0 305941888      0 8275192    0    0     0     0 21632 39577  1  0 99  0  0
 0  0      0 305942688      0 8275192    0    0     0     0 21279 39707  1  0 99  0  0
 0  0      0 305942944      0 8275192    0    0     0     0 21942 39550  2  0 98  0  0
 0  0      0 305943296      0 8275192    0    0     0     0 20789 38639  1  0 99  0  0
procs -----------memory---------- ---swap-- -----io---- -system-- ------cpu-----
 r  b   swpd   free   buff  cache   si   so    bi    bo   in   cs us sy id wa st
 0  0      0 305943648      0 8275192    0    0     0     0 20864 38300  1  0 99  0  0
 0  0      0 305942752      0 8275192    0    0     0     0 20820 38344  1  0 99  0  0
 1  0      0 305943360      0 8275192    0    0     0     0 20853 38083  1  0 99  0  0
 0  0      0 305944352      0 8275192    0    0     0     0 20643 37046  1  0 99  0  0
 0  0      0 305944800      0 8275192    0    0     0     0 20621 37499  1  0 99  0  0
 0  0      0 305944960      0 8275192    0    0     0     0 20966 38332  1  0 99  0  0
 0  0      0 305945664      0 8275192    0    0     0     0 21075 38774  1  0 99  0  0
 0  0      0 305946816      0 8275192    0    0     0     0 20911 38304  1  0 99  0  0
 2  0      0 305946880      0 8275192    0    0     0     0 30192 45331  2  0 98  0  0
 0  0      0 305947520      0 8275192    0    0     0     0 26080 46716  1  0 98  0  0
 0  0      0 305951328      0 8275192    0    0     0     0 20990 38472  1  0 99  0  0
 1  0      0 305948640      0 8275192    0    0     0     0 20945 38358  1  0 99  0  0
 0  0      0 305949696      0 8275192    0    0     0     0 21084 38804  1  0 99  0  0
 1  0      0 305949120      0 8275192    0    0     0     0 22251 38965  1  0 99  0  0
 0  0      0 305949728      0 8275192    0    0     0     0 20969 38394  1  0 99  0  0
 0  0      0 305949984      0 8275192    0    0     0     0 21026 38520  1  0 99  0  0
 0  0      0 305950080      0 8275192    0    0     0     0 21276 38859  1  0 99  0  0
 0  0      0 305949760      0 8275192    0    0     0     0 21338 38972  1  0 99  0  0
 0  0      0 305950624      0 8275192    0    0     0     0 21226 39106  1  0 99  0  0
 0  0      0 305951360      0 8275192    0    0     0     0 21081 38996  1  0 99  0  0
 0  0      0 305952160      0 8275192    0    0     0     0 21163 39334  1  0 99  0  0
procs -----------memory---------- ---swap-- -----io---- -system-- ------cpu-----
 r  b   swpd   free   buff  cache   si   so    bi    bo   in   cs us sy id wa st
 0  0      0 305949952      0 8275192    0    0     0     0 21246 39349  1  0 99  0  0
 0  0      0 305951072      0 8275192    0    0     0     0 21845 39878  1  0 99  0  0
 3  0      0 305951584      0 8275192    0    0     0     0 21446 39667  1  0 99  0  0
 0  0      0 305952352      0 8275196    0    0     0     0 21410 39348  1  0 99  0  0
 0  0      0 305952384      0 8275196    0    0     0     0 21670 39553  1  0 99  0  0
 0  0      0 305952864      0 8275196    0    0     0     0 21526 39217  1  0 99  0  0
 1  0      0 305954016      0 8275196    0    0     0     0 21188 38614  1  0 99  0  0
 0  0      0 305954304      0 8275196    0    0     0     0 21418 37729  2  0 98  0  0
 0  0      0 305954784      0 8275196    0    0     0     0 20749 38082  1  0 99  0  0
 0  0      0 305955040      0 8275196    0    0     0     0 21119 38883  1  0 99  0  0
 0  0      0 305952576      0 8275196    0    0     0     0 20984 38948  1  0 99  0  0
 0  0      0 305953824      0 8275196    0    0     0     0 21080 38859  1  0 99  0  0
 0  0      0 305953728      0 8275196    0    0     0     0 21428 39583  1  0 99  0  0
 0  0      0 305953760      0 8275196    0    0     0     0 21429 39854  1  0 99  0  0
 1  0      0 305954016      0 8275196    0    0     0     0 21281 39362  1  0 99  0  0
 0  0      0 305954272      0 8275196    0    0     0     0 21132 39401  1  0 99  0  0
 1  0      0 305950560      0 8275196    0    0     0     0 23086 40232  1  0 98  0  0
 0  0      0 305952800      0 8275232    0    0     0     0 21616 39864  1  0 99  0  0
 2  0      0 305953888      0 8275232    0    0     0     0 21212 39301  1  0 99  0  0
 1  0      0 305954016      0 8275232    0    0     0     0 21356 39292  1  0 99  0  0
 0  0      0 305951744      0 8275232    0    0     0     0 21300 39373  1  0 99  0  0
procs -----------memory---------- ---swap-- -----io---- -system-- ------cpu-----
 r  b   swpd   free   buff  cache   si   so    bi    bo   in   cs us sy id wa st
 0  0      0 305952480      0 8275232    0    0     0     0 21611 39649  1  0 99  0  0
 0  0      0 305952832      0 8275232    0    0     0     0 21585 39425  1  0 99  0  0
 0  0      0 305952960      0 8275232    0    0     0     0 21146 39103  1  0 99  0  0
 0  0      0 305953088      0 8275232    0    0     0     0 21225 39125  1  0 99  0  0
 0  0      0 305953120      0 8275232    0    0     0     0 20862 38582  1  0 99  0  0
 2  0      0 305953856      0 8275232    0    0     0     0 20480 37288  1  0 99  0  0
 0  0      0 305951296      0 8275264    0    0     0     0 22402 38793  1  0 99  0  0
 1  0      0 305951680      0 8275264    0    0     0     0 20530 37806  1  0 99  0  0
 0  0      0 305952256      0 8275264    0    0     0     0 20806 38574  1  0 99  0  0
 0  0      0 305951744      0 8275264    0    0     0     0 20613 38432  1  0 99  0  0
 0  0      0 305952704      0 8275264    0    0     0     0 20971 38981  1  0 99  0  0
 0  0      0 305953792      0 8275264    0    0     0     0 21450 39446  1  0 99  0  0
 0  0      0 305954176      0 8275264    0    0     0     0 21592 39559  1  0 99  0  0
 0  0      0 305954336      0 8275264    0    0     0     0 21523 39413  1  0 99  0  0
 0  0      0 305954464      0 8275264    0    0     0     0 21650 39280  1  0 99  0  0
 1  0      0 305955200      0 8275264    0    0     0     0 21781 39315  1  0 98  0  0
 0  0      0 305955200      0 8275264    0    0     0     0 22488 39539  2  0 98  0  0
 0  0      0 305955840      0 8275264    0    0     0     0 21693 39213  1  0 99  0  0
 0  0      0 305956416      0 8275264    0    0     0     0 21213 38807  1  0 99  0  0
 1  0      0 305953152      0 8275264    0    0     0     0 21132 38763  1  0 99  0  0
 0  0      0 305954464      0 8275264    0    0     0     0 21399 39516  1  0 99  0  0
procs -----------memory---------- ---swap-- -----io---- -system-- ------cpu-----
 r  b   swpd   free   buff  cache   si   so    bi    bo   in   cs us sy id wa st
 2  0      0 305954592      0 8275264    0    0     0     0 21442 39365  1  0 99  0  0
 1  0      0 305954720      0 8275264    0    0     0     0 21446 39372  1  0 99  0  0
 0  0      0 305954848      0 8275264    0    0     0     0 21443 39236  1  0 99  0  0
 0  0      0 305954976      0 8275264    0    0     0     0 21523 39175  1  0 99  0  0
 0  0      0 305955552      0 8275268    0    0     0     0 21094 37886  1  0 99  0  0
128  0      0 305955712      0 8275268    0    0     0     0 20376 37362  1  0 99  0  0
92  0      0 305956224      0 8275268    0    0     0     0 20742 37395  1  0 99  0  0
61  0      0 305956192      0 8275268    0    0     0     0 20890 38644  1  0 99  0  0
64  0      0 305953984      0 8275268    0    0     0     0 20892 38408  1  0 99  0  0
29  0      0 305953984      0 8275268    0    0     0     0 21270 38748  1  0 99  0  0
17  0      0 305954944      0 8275268    0    0     0     0 21168 39097  1  0 99  0  0
 3  0      0 305955040      0 8275268    0    0     0     0 20876 38306  1  0 99  0  0
 1  0      0 305955904      0 8275268    0    0     0     0 20609 37608  1  0 99  0  0
 0  0      0 305956768      0 8275268    0    0     0     0 20804 38602  1  0 99  0  0
 0  0      0 305956992      0 8275268    0    0     0     0 21189 39112  1  0 99  0  0
 0  0      0 305957632      0 8275268    0    0     0     0 21132 38939  1  0 99  0  0
 0  0      0 305958240      0 8275268    0    0     0     0 20296 37217  1  0 99  0  0
 0  0      0 305958816      0 8275268    0    0     0     0 20133 37346  1  0 99  0  0
 0  0      0 305955392      0 8275268    0    0     0     0 20015 37365  1  0 99  0  0
 0  0      0 305956992      0 8275268    0    0     0     0 20776 39037  1  0 99  0  0
 0  0      0 305957216      0 8275268    0    0     0     0 20613 38795  1  0 99  0  0
procs -----------memory---------- ---swap-- -----io---- -system-- ------cpu-----
 r  b   swpd   free   buff  cache   si   so    bi    bo   in   cs us sy id wa st
 0  0      0 305957440      0 8275268    0    0     0     0 20619 38816  1  0 99  0  0
 1  0      0 305958144      0 8275268    0    0     0     0 20745 39073  1  0 99  0  0
 0  0      0 305958720      0 8275268    0    0     0     0 21149 39448  1  0 99  0  0
 1  0      0 305959008      0 8275268    0    0     0     0 21130 39272  1  0 99  0  0
 0  0      0 305959072      0 8275268    0    0     0     0 21293 38912  1  0 98  0  0
 0  0      0 305959584      0 8275268    0    0     0     0 20679 38608  1  0 99  0  0
 0  0      0 305959808      0 8275268    0    0     0     0 21342 39318  1  0 99  0  0
 0  0      0 305956960      0 8275268    0    0     0     0 20851 38445  1  0 99  0  0
 0  0      0 305958656      0 8275268    0    0     0     0 21443 38969  1  0 99  0  0
 0  0      0 305958656      0 8275268    0    0     0     0 21541 39014  1  0 99  0  0
 0  0      0 305959296      0 8275268    0    0     0     0 21481 39346  1  0 99  0  0
 1  0      0 305959808      0 8275268    0    0     0     0 21864 39550  1  0 99  0  0
 0  0      0 305960192      0 8275268    0    0     0     0 21890 39573  1  0 99  0  0
 0  0      0 305959968      0 8275268    0    0     0     0 21699 39316  1  0 99  0  0
 0  0      0 305960512      0 8275268    0    0     0     0 21869 39845  1  0 99  0  0
 0  0      0 305960768      0 8275268    0    0     0     0 21742 39506  1  0 99  0  0
 0  0      0 305961248      0 8275268    0    0     0     0 22050 39720  1  0 99  0  0
 0  0      0 305960576      0 8275268    0    0     0     0 21915 39723  1  0 99  0  0
 0  0      0 305961792      0 8275268    0    0     0     0 21634 39460  1  0 99  0  0
 2  0      0 305962048      0 8275268    0    0     0     0 21339 38274  1  0 99  0  0
 0  0      0 305963264      0 8275268    0    0     0     0 21212 38110  1  0 99  0  0
procs -----------memory---------- ---swap-- -----io---- -system-- ------cpu-----
 r  b   swpd   free   buff  cache   si   so    bi    bo   in   cs us sy id wa st
 0  0      0 305963264      0 8275268    0    0     0     0 21443 38342  1  0 99  0  0
 0  0      0 305964032      0 8275268    0    0     0     0 21541 38822  1  0 99  0  0
 0  0      0 305964512      0 8275268    0    0     0     0 21160 38363  1  0 99  0  0
 0  0      0 305964896      0 8275268    0    0     0     0 21328 38617  1  0 99  0  0
 1  0      0 305965280      0 8275268    0    0     0     0 21295 38706  1  0 99  0  0
 0  0      0 305965792      0 8275272    0    0     0     0 21707 39495  1  0 99  0  0
 0  0      0 305963008      0 8275272    0    0     0     0 21721 39134  1  0 99  0  0
 5  0      0 305964736      0 8275272    0    0     0     0 21011 37685  1  0 99  0  0
 2  0      0 305965600      0 8275272    0    0     0     0 21520 38643  1  0 98  0  0
 0  0      0 305965696      0 8275272    0    0     0     0 21689 39106  1  0 99  0  0
 0  0      0 305966080      0 8275272    0    0     0     0 21553 38726  1  0 99  0  0
 2  0      0 305966688      0 8275272    0    0     0     0 21461 38621  1  0 99  0  0
 1  0      0 305966976      0 8275272    0    0     0     0 21903 39118  1  0 98  0  0
 0  0      0 305966816      0 8275272    0    0     0     0 22238 39312  2  0 98  0  0
 0  0      0 305967456      0 8275272    0    0     0     0 21816 39085  1  0 98  0  0
 0  0      0 305968128      0 8275272    0    0     0     0 21721 39252  1  0 99  0  0
 0  0      0 305966432      0 8275272    0    0     0     0 21755 38994  1  0 98  0  0
 0  0      0 305966528      0 8275272    0    0     0     0 21954 39611  1  0 99  0  0
 0  0      0 305967008      0 8275272    0    0     0     0 21805 39546  1  0 99  0  0
 0  0      0 305967680      0 8275272    0    0     0     0 21085 38124  1  0 99  0  0
 0  0      0 305968064      0 8275272    0    0     0     0 21194 38321  1  0 99  0  0
procs -----------memory---------- ---swap-- -----io---- -system-- ------cpu-----
 r  b   swpd   free   buff  cache   si   so    bi    bo   in   cs us sy id wa st
 0  0      0 305968288      0 8275272    0    0     0     0 21616 38887  1  0 99  0  0
 1  0      0 305968288      0 8275272    0    0     0     0 21106 38005  1  0 99  0  0
 0  0      0 305973088      0 8275272    0    0     0     0 30984 47685  2  0 98  0  0
 0  0      0 305977792      0 8275272    0    0     0     0 23374 42365  1  0 99  0  0
 0  0      0 305979616      0 8275272    0    0     0     0 20614 38559  1  0 99  0  0
 0  0      0 305978272      0 8275272    0    0     0     0 21152 38761  1  0 99  0  0
 0  0      0 305975616      0 8275272    0    0     0     0 22365 39904  1  0 99  0  0
 0  0      0 305975808      0 8275272    0    0     0     0 21454 38763  1  0 99  0  0
 0  0      0 305975936      0 8275272    0    0     0     0 20956 38162  1  0 99  0  0
 0  0      0 305975936      0 8275272    0    0     0     0 21199 38862  1  0 99  0  0
 0  0      0 305977536      0 8275272    0    0     0     0 21130 38576  1  0 99  0  0
 0  0      0 305977888      0 8275272    0    0     0     0 20029 35367  1  0 99  0  0
 0  0      0 305978048      0 8275272    0    0     0     0 20158 35401  1  0 99  0  0
 0  0      0 305978176      0 8275272    0    0     0     0 20446 36387  1  0 99  0  0
 0  0      0 305978176      0 8275272    0    0     0     0 20697 37326  1  0 99  0  0
 0  0      0 305975200      0 8275272    0    0     0     0 21114 38177  1  0 99  0  0
 0  0      0 305975520      0 8275272    0    0     0     0 20938 38089  1  0 98  0  0
 0  0      0 305976064      0 8275272    0    0     0     0 21491 38908  1  0 98  0  0
 0  0      0 305976640      0 8275272    0    0     0     0 21852 39130  1  0 98  0  0
 0  0      0 305976800      0 8275272    0    0     0     0 21524 38782  1  0 98  0  0
 0  0      0 305976768      0 8275272    0    0     0     0 21417 38726  1  0 98  0  0
procs -----------memory---------- ---swap-- -----io---- -system-- ------cpu-----
 r  b   swpd   free   buff  cache   si   so    bi    bo   in   cs us sy id wa st
 1  0      0 305977408      0 8275272    0    0     0     0 22234 39479  2  0 98  0  0
 0  0      0 305977888      0 8275272    0    0     0     0 21946 39375  2  0 98  0  0
 0  0      0 305979008      0 8275272    0    0     0     0 21270 38527  1  0 99  0  0
 0  0      0 305979104      0 8275272    0    0     0     0 21364 38537  1  0 99  0  0
 0  0      0 305977856      0 8275272    0    0     0     0 21922 39116  1  0 98  0  0
 0  0      0 305979008      0 8275272    0    0     0     0 22217 39511  1  0 98  0  0
 0  0      0 305979680      0 8275272    0    0     0     0 22468 39691  2  0 98  0  0
 0  0      0 305980896      0 8275276    0    0     0     0 22323 39923  1  0 98  0  0
 0  0      0 305980992      0 8275276    0    0     0     0 22116 39484  1  0 98  0  0
 1  0      0 305981152      0 8275276    0    0     0     0 22093 39538  1  0 98  0  0
 0  0      0 305981248      0 8275276    0    0     0     0 22253 39080  1  0 98  0  0
 1  0      0 305981536      0 8275276    0    0     0     0 22124 38925  1  0 99  0  0
 0  0      0 305981728      0 8275276    0    0     0     0 21757 38333  1  0 98  0  0
 0  0      0 305981952      0 8275276    0    0     0     0 21781 38001  1  0 98  0  0
 0  0      0 305978720      0 8275276    0    0     0     0 21864 37821  1  0 98  0  0
 0  0      0 305980800      0 8275276    0    0     0     0 21193 37306  1  0 98  0  0
 0  0      0 305980768      0 8275276    0    0     0     0 20701 35810  1  0 98  0  0
 0  0      0 305980800      0 8275276    0    0     0     0 21062 34586  2  0 98  0  0
 1  0      0 305981056      0 8275276    0    0     0     0 21313 34922  1  0 98  0  0
 0  0      0 305981504      0 8275276    0    0     0     0 21715 37283  1  0 98  0  0
 0  0      0 305982016      0 8275276    0    0     0     0 21529 37864  1  0 98  0  0
procs -----------memory---------- ---swap-- -----io---- -system-- ------cpu-----
 r  b   swpd   free   buff  cache   si   so    bi    bo   in   cs us sy id wa st
 0  0      0 305982016      0 8275276    0    0     0     0 21362 37582  1  0 98  0  0
 0  0      0 305982016      0 8275276    0    0     0     0 21647 38737  1  0 98  0  0
 0  0      0 305981984      0 8275276    0    0     0     0 21772 39096  1  0 98  0  0
 0  0      0 305979360      0 8275276    0    0     0     0 21060 36645  1  0 98  0  0
 0  0      0 305980608      0 8275276    0    0     0     0 21196 38153  1  0 98  0  0
 0  0      0 305980992      0 8275276    0    0     0     0 21556 39240  1  0 99  0  0
 0  0      0 305981088      0 8275276    0    0     0     0 21612 38808  1  0 99  0  0
 0  0      0 305981280      0 8275276    0    0     0     0 21715 39125  1  0 99  0  0
 0  0      0 305981280      0 8275276    0    0     0     0 21732 39629  1  0 99  0  0
 1  0      0 305981664      0 8275276    0    0     0     0 22345 40093  1  0 98  0  0
 0  0      0 305983168      0 8275276    0    0     0     0 22353 39856  2  0 98  0  0
 3  0      0 305983168      0 8275276    0    0     0     0 21526 39278  1  0 99  0  0
34  0      0 305983168      0 8275276    0    0     0     0 20437 36984  1  0 99  0  0
171  0      0 305980096      0 8275276    0    0     0     0 19871 34879  1  0 99  0  0
60  0      0 305981696      0 8275276    0    0     0     0 19466 33858  1  0 98  0  0
30  0      0 305981696      0 8275276    0    0     0     0 20258 35758  1  0 98  0  0
15  0      0 305981696      0 8275276    0    0     0     0 20067 35660  1  0 99  0  0
 1  0      0 305981728      0 8275276    0    0     0     0 19990 35278  1  0 98  0  0
 1  0      0 305981728      0 8275276    0    0     0     0 19861 36574  1  0 99  0  0
 0  0      0 305981856      0 8275276    0    0     0     0 19901 35246  1  0 98  0  0
 0  0      0 305982336      0 8275276    0    0     0     0 20036 34847  1  0 98  0  0
procs -----------memory---------- ---swap-- -----io---- -system-- ------cpu-----
 r  b   swpd   free   buff  cache   si   so    bi    bo   in   cs us sy id wa st
 0  0      0 305982592      0 8275276    0    0     0     0 20496 37076  1  0 99  0  0
 0  0      0 305982592      0 8275276    0    0     0     0 20467 37595  1  0 99  0  0
 0  0      0 305980224      0 8275276    0    0     0     0 19531 35842  1  0 99  0  0
 0  0      0 305980576      0 8275276    0    0     0     0 19349 35726  1  0 99  0  0
 0  0      0 305980672      0 8275276    0    0     0     0 20261 36790  1  0 99  0  0
 0  0      0 305980928      0 8275276    0    0     0     0 20671 37538  1  0 99  0  0
 0  0      0 305981312      0 8275276    0    0     0     0 20049 37084  1  0 99  0  0
 0  0      0 305981184      0 8275276    0    0     0     0 20866 38444  1  0 99  0  0
 0  0      0 305981312      0 8275280    0    0     0     0 21121 37983  1  0 99  0  0
 0  0      0 305981536      0 8275280    0    0     0     0 21271 38023  1  0 98  0  0
 0  0      0 305981664      0 8275280    0    0     0     0 21241 38262  1  0 99  0  0
 0  0      0 305982048      0 8275280    0    0     0     0 20986 37873  1  0 99  0  0
 0  0      0 305982272      0 8275280    0    0     0     0 20361 35683  1  0 98  0  0
 0  0      0 305982464      0 8275280    0    0     0     0 20112 35161  1  0 98  0  0
 0  0      0 305982720      0 8275280    0    0     0     0 20080 34563  2  0 98  0  0
 0  0      0 305982752      0 8275280    0    0     0     0 19879 34570  1  0 98  0  0
 0  0      0 305982880      0 8275280    0    0     0     0 19946 35809  1  0 99  0  0
 0  0      0 305983264      0 8275280    0    0     0     0 19485 35395  1  0 99  0  0
 1  0      0 305983616      0 8275280    0    0     0     0 19957 35859  2  0 98  0  0
 0  0      0 305983936      0 8275280    0    0     0     0 19869 34869  2  0 98  0  0
 0  0      0 305984416      0 8275280    0    0     0     0 19710 34962  1  0 98  0  0
procs -----------memory---------- ---swap-- -----io---- -system-- ------cpu-----
 r  b   swpd   free   buff  cache   si   so    bi    bo   in   cs us sy id wa st
 0  0      0 305984768      0 8275280    0    0     0     0 20067 36368  1  0 98  0  0
 0  0      0 305982976      0 8275280    0    0     0     0 20633 36508  1  0 98  0  0
 0  0      0 305982976      0 8275280    0    0     0     0 21017 36771  2  0 98  0  0
 0  0      0 305983424      0 8275280    0    0     0     0 21231 36959  2  0 98  0  0
 0  0      0 305983360      0 8275280    0    0     0     0 21487 37286  2  0 98  0  0
 0  0      0 305983360      0 8275280    0    0     0     0 21448 37114  2  0 98  0  0
 0  0      0 305983584      0 8275280    0    0     0     0 21204 36065  2  0 98  0  0
 0  0      0 305983680      0 8275280    0    0     0     0 21400 37445  1  0 98  0  0
 0  0      0 305983840      0 8275280    0    0     0     0 21799 39241  1  0 98  0  0
 0  0      0 305984000      0 8275280    0    0     0     0 21521 38908  1  0 99  0  0
 0  0      0 305983616      0 8275280    0    0     0     0 21202 37294  1  0 98  0  0
 0  0      0 305981632      0 8275280    0    0     0     0 20774 37167  1  0 99  0  0
 0  0      0 305981760      0 8275280    0    0     0     0 20414 34712  2  0 98  0  0
 0  0      0 305982112      0 8275280    0    0     0     0 20751 35831  1  0 98  0  0
 2  0      0 305982752      0 8275280    0    0     0     0 20858 35587  1  0 98  0  0
 0  0      0 305982752      0 8275280    0    0     0     0 21078 37779  1  0 98  0  0
 0  0      0 305983360      0 8275280    0    0     0     0 21396 38241  1  0 98  0  0
 1  0      0 305983616      0 8275280    0    0     0     0 20985 37765  1  0 99  0  0
 0  0      0 305984256      0 8275280    0    0     0     0 20444 35794  1  0 98  0  0
 0  0      0 305984608      0 8275280    0    0     0     0 20754 32827  2  0 98  0  0
 1  0      0 305985248      0 8275280    0    0     0     0 21041 35146  1  0 98  0  0
procs -----------memory---------- ---swap-- -----io---- -system-- ------cpu-----
 r  b   swpd   free   buff  cache   si   so    bi    bo   in   cs us sy id wa st
 0  0      0 305984160      0 8275280    0    0     0     0 20993 36994  1  0 98  0  0
 0  0      0 305983168      0 8275280    0    0     0     0 20686 36456  1  0 98  0  0
 0  0      0 305982816      0 8275280    0    0     0     0 20060 34709  1  0 98  0  0
 0  0      0 305982976      0 8275280    0    0     0     0 20675 36031  1  0 98  0  0
 0  0      0 305983296      0 8275280    0    0     0     0 20877 37103  1  0 99  0  0
 0  0      0 305983872      0 8275280    0    0     0     0 21120 36376  1  0 98  0  0
 2  0      0 305983488      0 8275280    0    0     0     0 21422 36029  2  0 98  0  0
 0  0      0 305984352      0 8275312    0    0     0     0 19445 30457  2  0 98  0  0
 0  0      0 305984928      0 8275312    0    0     0     0 18753 27781  2  0 98  0  0
 0  0      0 305985184      0 8275316    0    0     0     0 19445 28636  2  0 98  0  0
 0  0      0 305983072      0 8275316    0    0     0     0 20479 33377  1  0 98  0  0
 0  0      0 305983072      0 8275316    0    0     0     0 19660 33451  1  0 98  0  0
 0  0      0 305983072      0 8275316    0    0     0     0 18823 30021  1  0 98  0  0
 0  0      0 305983680      0 8275316    0    0     0     0 19288 32745  1  0 98  0  0
 0  0      0 305983072      0 8275316    0    0     0     0 20370 36858  1  0 98  0  0
 0  0      0 305983072      0 8275316    0    0     0     0 19399 33357  1  0 98  0  0
 0  0      0 305980992      0 8275316    0    0     0     0 19986 34436  1  0 98  0  0
 0  0      0 305980416      0 8275320    0    0     0     0 46684 47890  2  1 98  0  0
 0  0      0 305983104      0 8275320    0    0     0     0 20989 34381  2  0 98  0  0
 0  0      0 305983104      0 8275320    0    0     0     0 20742 35075  2  0 98  0  0
 0  0      0 305983296      0 8275320    0    0     0     0 21023 36492  2  0 98  0  0
procs -----------memory---------- ---swap-- -----io---- -system-- ------cpu-----
 r  b   swpd   free   buff  cache   si   so    bi    bo   in   cs us sy id wa st
 0  0      0 305982784      0 8275320    0    0     0     0 21925 35929  2  0 98  0  0
 0  0      0 305983904      0 8275320    0    0     0     0 20825 33413  2  0 98  0  0
 0  0      0 305984160      0 8275320    0    0     0     0 21027 37174  2  0 98  0  0
 0  0      0 305984160      0 8275320    0    0     0     0 20974 37753  1  0 98  0  0
 0  0      0 305984800      0 8275320    0    0     0     0 20591 34796  1  0 98  0  0
 0  0      0 305984800      0 8275320    0    0     0     0 20808 35848  1  0 98  0  0
 0  0      0 305985216      0 8275320    0    0     0     0 21128 38248  1  0 98  0  0
 0  0      0 305985344      0 8275320    0    0     0     0 20606 37275  1  0 98  0  0
 0  0      0 305985728      0 8275320    0    0     0     0 20165 35586  1  0 98  0  0
 0  0      0 305983936      0 8275320    0    0     0     0 21006 37177  1  0 98  0  0
 0  0      0 305983264      0 8275320    0    0     0     0 20941 37042  1  0 98  0  0
 0  0      0 305983360      0 8275320    0    0     0     0 20502 34323  2  0 98  0  0
 0  0      0 305983520      0 8275320    0    0     0     0 20830 35420  2  0 98  0  0
 0  0      0 305983616      0 8275320    0    0     0     0 21298 38611  1  0 99  0  0
 5  0      0 305984352      0 8275320    0    0     0     0 21703 39534  1  0 99  0  0
 1  0      0 305985472      0 8275320    0    0     0     0 21369 37162  2  0 98  0  0
 0  0      0 305986144      0 8275320    0    0     0     0 20104 36641  1  0 99  0  0
 1  0      0 305986336      0 8275320    0    0     0     0 19254 33380  1  0 99  0  0
 5  0      0 305986336      0 8275320    0    0     0     0 18155 27490  1  0 98  0  0
 6  0      0 305983712      0 8275320    0    0     0     0 18667 28404  1  0 98  0  0
198  0      0 305984096      0 8275320    0    0     0     0 17681 28742  1  0 99  0  0
procs -----------memory---------- ---swap-- -----io---- -system-- ------cpu-----
 r  b   swpd   free   buff  cache   si   so    bi    bo   in   cs us sy id wa st
111  0      0 305984256      0 8275320    0    0     0     0 19083 29433  2  0 98  0  0
53  0      0 305984672      0 8275320    0    0     0     0 19672 30840  2  0 98  0  0
28  0      0 305984704      0 8275320    0    0     0     0 19907 35467  1  0 98  0  0
22  0      0 305985184      0 8275320    0    0     0     0 19656 35557  1  0 99  0  0
13  0      0 305985792      0 8275320    0    0     0     0 19162 34510  1  0 99  0  0
 1  0      0 305986464      0 8275320    0    0     0     0 20577 37116  1  0 99  0  0
 0  0      0 305985248      0 8275320    0    0     0     0 19989 35372  1  0 98  0  0
 0  0      0 305985600      0 8275320    0    0     0     0 18530 31537  1  0 98  0  0
 0  0      0 305983904      0 8275320    0    0     0     0 19949 35547  1  0 98  0  0
 0  0      0 305984224      0 8275320    0    0     0     0 19906 35287  1  0 98  0  0
 0  0      0 305984352      0 8275320    0    0     0     0 20512 36433  1  0 98  0  0
 0  0      0 305985216      0 8275324    0    0     0     0 21028 37743  1  0 99  0  0
 0  0      0 305984864      0 8275324    0    0     0     0 19786 35503  1  0 99  0  0
 0  0      0 305984992      0 8275324    0    0     0     0 19371 34712  1  0 98  0  0
 0  0      0 305985088      0 8275324    0    0     0     0 20248 35411  1  0 98  0  0
 0  0      0 305984864      0 8275324    0    0     0     0 19255 32640  2  0 98  0  0
 0  0      0 305985280      0 8275324    0    0     0     0 20193 36238  1  0 98  0  0
 0  0      0 305985664      0 8275324    0    0     0     0 20415 36634  1  0 98  0  0
 0  0      0 305982048      0 8275324    0    0     0     0 20363 36942  1  0 99  0  0
 0  0      0 305982176      0 8275324    0    0     0     0 19731 35358  2  0 98  0  0
 0  0      0 305982304      0 8275324    0    0     0     0 21226 38106  1  0 98  0  0
procs -----------memory---------- ---swap-- -----io---- -system-- ------cpu-----
 r  b   swpd   free   buff  cache   si   so    bi    bo   in   cs us sy id wa st
 0  0      0 305982272      0 8275324    0    0     0     0 20457 35752  1  0 98  0  0
 0  0      0 305982560      0 8275324    0    0     0     0 20237 36330  1  0 98  0  0
 0  0      0 305981984      0 8275324    0    0     0     0 20239 36967  1  0 98  0  0
 1  0      0 305981760      0 8275324    0    0     0     0 21091 37649  2  0 98  0  0
 0  0      0 305982176      0 8275324    0    0     0     0 20983 35932  2  0 98  0  0
 0  0      0 305982176      0 8275324    0    0     0     0 19053 30704  1  0 98  0  0
 0  0      0 305979776      0 8275324    0    0     0     0 17647 27338  1  0 98  0  0
 0  0      0 305981664      0 8275324    0    0     0     0 17664 30702  1  0 98  0  0
 0  0      0 305981952      0 8275324    0    0     0     0 19180 33528  1  0 98  0  0
 0  0      0 305982208      0 8275324    0    0     0     0 19887 33712  1  0 98  0  0
 0  0      0 305982880      0 8275324    0    0     0     0 19235 31635  2  0 98  0  0
 0  0      0 305983008      0 8275324    0    0     0     0 19648 29946  2  0 98  0  0
 0  0      0 305983360      0 8275324    0    0     0     0 18979 30750  2  0 98  0  0
 0  0      0 305983616      0 8275324    0    0     0     0 18361 29446  1  0 98  0  0
 0  0      0 305983520      0 8275324    0    0     0     0 17298 31974  1  0 99  0  0
 0  0      0 305983520      0 8275324    0    0     0     0 19436 35129  1  0 98  0  0
 0  0      0 305980416      0 8275324    0    0     0     0 19529 35542  1  0 99  0  0
 1  0      0 305981056      0 8275324    0    0     0     0 19692 35476  1  0 99  0  0
 0  0      0 305982048      0 8275324    0    0     0     0 19898 36209  1  0 99  0  0
 0  0      0 305982112      0 8275324    0    0     0     0 19945 35885  1  0 99  0  0
 0  0      0 305982432      0 8275324    0    0     0     0 18210 30148  1  0 99  0  0
procs -----------memory---------- ---swap-- -----io---- -system-- ------cpu-----
 r  b   swpd   free   buff  cache   si   so    bi    bo   in   cs us sy id wa st
 0  0      0 305982688      0 8275324    0    0     0     0 18407 25840  2  0 98  0  0
 0  0      0 305983168      0 8275324    0    0     0     0 19299 25429  2  0 98  0  0
 0  0      0 305982368      0 8275324    0    0     0     0 20041 27289  2  0 98  0  0
 0  0      0 305982176      0 8275324    0    0     0     0 19152 27786  1  0 98  0  0
 0  0      0 305983552      0 8275324    0    0     0     0 17938 28680  1  0 98  0  0
 0  0      0 305981120      0 8275324    0    0     0     0 17935 30770  1  0 98  0  0
 0  0      0 305981888      0 8275324    0    0     0     0 18998 31176  1  0 98  0  0
 0  0      0 305981632      0 8275324    0    0     0     0 19976 32126  1  0 98  0  0
 0  0      0 305980992      0 8275324    0    0     0     0 19747 33786  1  0 99  0  0
 0  0      0 305980544      0 8275324    0    0     0     0 17950 28133  1  0 98  0  0
 0  0      0 305980512      0 8275324    0    0     0     0 18788 29611  1  0 98  0  0
 0  0      0 305981312      0 8275324    0    0     0     0 19940 33363  1  0 98  0  0
 1  0      0 305981504      0 8275328    0    0     0     0 21279 35605  2  0 98  0  0
 0  0      0 305981760      0 8275328    0    0     0     0 19469 33346  1  0 98  0  0
 0  0      0 305982048      0 8275328    0    0     0     0 19838 34820  1  0 98  0  0
 0  0      0 305979232      0 8275328    0    0     0     0 20071 33991  1  0 98  0  0
 0  0      0 305979328      0 8275328    0    0     0     0 18880 32693  1  0 98  0  0
 0  0      0 305979584      0 8275328    0    0     0     0 18568 31369  1  0 98  0  0
 0  0      0 305979872      0 8275328    0    0     0     0 19045 28754  2  0 98  0  0
 0  0      0 305980096      0 8275328    0    0     0     0 19884 29913  2  0 98  0  0
 0  0      0 305980576      0 8275328    0    0     0     0 19251 32729  2  0 98  0  0
procs -----------memory---------- ---swap-- -----io---- -system-- ------cpu-----
 r  b   swpd   free   buff  cache   si   so    bi    bo   in   cs us sy id wa st
 0  0      0 305980224      0 8275328    0    0     0     0 18767 30149  1  0 98  0  0
 0  0      0 305980320      0 8275328    0    0     0     0 17734 31897  1  0 99  0  0
 0  0      0 305980480      0 8275328    0    0     0     0 19674 35941  1  0 99  0  0
 0  0      0 305980640      0 8275328    0    0     0     0 20633 37378  1  0 98  0  0
 0  0      0 305975968      0 8275328    0    0     0     0 20819 34070  1  0 98  0  0
 0  0      0 305976416      0 8275328    0    0     0     0 20138 35210  1  0 99  0  0
 0  0      0 305976544      0 8275328    0    0     0     0 19614 35039  1  0 99  0  0
 0  0      0 305976800      0 8275328    0    0     0     0 18217 29502  1  0 98  0  0
 0  0      0 305976544      0 8275328    0    0     0     0 17479 25660  1  0 98  0  0
 0  0      0 305976192      0 8275328    0    0     0     0 18102 26046  1  0 98  0  0
 0  0      0 305976672      0 8275328    0    0     0     0 17696 25194  1  0 98  0  0
 0  0      0 305976800      0 8275328    0    0     0     0 18832 27092  1  0 98  0  0
 0  0      0 305976928      0 8275328    0    0     0     0 19160 27307  1  0 98  0  0
 0  0      0 305977120      0 8275328    0    0     0     0 19020 30509  1  0 98  0  0
 0  0      0 305976992      0 8275328    0    0     0     0 18132 27894  1  0 98  0  0
 0  0      0 305977440      0 8275328    0    0     0     0 19011 28915  1  0 98  0  0
 0  0      0 305977824      0 8275328    0    0     0     0 18850 28583  1  0 98  0  0
 0  0      0 305978080      0 8275328    0    0     0     0 17952 27321  1  0 98  0  0
 0  0      0 305978304      0 8275328    0    0     0     0 17954 27716  1  0 99  0  0
 0  0      0 305978432      0 8275328    0    0     0     0 17759 27430  1  0 99  0  0
 0  0      0 305976416      0 8275336    0    0     0     0 20105 30389  1  0 98  0  0
procs -----------memory---------- ---swap-- -----io---- -system-- ------cpu-----
 r  b   swpd   free   buff  cache   si   so    bi    bo   in   cs us sy id wa st
 0  0      0 305978752      0 8275332    0    0     0     0 18771 26388  2  0 98  0  0
 0  0      0 305979904      0 8275332    0    0     0     0 17303 25823  1  0 99  0  0
 0  0      0 305980032      0 8275332    0    0     0     0 17164 24504  1  0 98  0  0
 0  0      0 305976672      0 8275332    0    0     0     0 17745 25982  1  0 98  0  0
 0  0      0 305977632      0 8275332    0    0     0     0 17719 26566  1  0 98  0  0
 0  0      0 305977856      0 8275332    0    0     0     0 17381 25675  1  0 99  0  0
 0  0      0 305977376      0 8275332    0    0     0     0 16777 24378  1  0 98  0  0
 0  0      0 305977280      0 8275332    0    0     0     0 17900 26350  1  0 98  0  0
 0  0      0 305977344      0 8275332    0    0     0     0 19598 26183  2  0 98  0  0
 0  0      0 305977504      0 8275332    0    0     0     0 19584 32070  1  0 98  0  0
21  0      0 305977184      0 8275332    0    0     0     0 40487 38289  2  1 98  0  0
 0  0      0 305976224      0 8275332    0    0     0     0 27177 40726  2  0 98  0  0
 0  0      0 305979200      0 8275332    0    0     0     0 19346 27963  1  0 98  0  0
126  0      0 305976768      0 8275336    0    0     0     0 15578 21422  1  0 99  0  0
 0  0      0 305977472      0 8275336    0    0     0     0 16868 23263  1  0 99  0  0
 0  0      0 305976320      0 8275336    0    0     0     0 18357 23839  1  0 98  0  0
 0  0      0 305976960      0 8275336    0    0     0     0 17867 23557  1  0 98  0  0
 0  0      0 305976960      0 8275336    0    0     0     0 17748 23568  1  0 98  0  0
 0  0      0 305977088      0 8275336    0    0     0     0 17682 23646  1  0 98  0  0
 0  0      0 305977216      0 8275336    0    0     0     0 18038 23869  1  0 98  0  0
 0  0      0 305977280      0 8275336    0    0     0     0 17794 23781  1  0 99  0  0
procs -----------memory---------- ---swap-- -----io---- -system-- ------cpu-----
 r  b   swpd   free   buff  cache   si   so    bi    bo   in   cs us sy id wa st
 0  0      0 305977920      0 8275336    0    0     0     0 31969 43789  1  0 98  0  0
 0  0      0 305977792      0 8275336    0    0     0     0 17396 26605  1  0 99  0  0
 0  0      0 305976128      0 8275336    0    0     0     0 17346 24998  1  0 99  0  0
 0  0      0 305976384      0 8275336    0    0     0     0 17518 23568  1  0 98  0  0
 0  0      0 305974496      0 8275340    0    0     0     0 18854 24029  1  0 98  0  0
 0  0      0 305974624      0 8275340    0    0     0     0 17101 23046  1  0 99  0  0
 0  0      0 305974496      0 8275340    0    0     0     0 17525 23508  1  0 98  0  0
 0  0      0 305975168      0 8275340    0    0     0     0 17606 23672  1  0 99  0  0
 1  0      0 305975616      0 8275340    0    0     0     0 17741 22909  2  0 98  0  0
194  0      0 305976288      0 8275340    0    0     0     0 15991 21420  1  0 99  0  0
 0  0      0 305976704      0 8275340    0    0     0     0 17612 23004  1  0 98  0  0
 0  0      0 305976896      0 8275340    0    0     0     0 17728 23304  1  0 98  0  0
 0  0      0 305974048      0 8275340    0    0     0     0 16677 22955  1  0 99  0  0
 0  0      0 305974912      0 8275340    0    0     0     0 17000 23084  1  0 98  0  0
 0  0      0 305974560      0 8275340    0    0     0     0 17322 23191  1  0 99  0  0
 0  0      0 305974976      0 8275340    0    0     0     0 17031 23177  1  0 99  0  0
 0  0      0 305974976      0 8275340    0    0     0     0 16878 23779  1  0 99  0  0
 0  0      0 305975104      0 8275340    0    0     0     0 18002 26071  1  0 98  0  0
 0  0      0 305975232      0 8275340    0    0     0     0 18423 26186  1  0 98  0  0
 0  0      0 305974912      0 8275340    0    0     0     0 18265 25122  1  0 98  0  0
 0  0      0 305974784      0 8275340    0    0     0     0 17209 24273  1  0 99  0  0
procs -----------memory---------- ---swap-- -----io---- -system-- ------cpu-----
 r  b   swpd   free   buff  cache   si   so    bi    bo   in   cs us sy id wa st
 0  0      0 305975136      0 8275340    0    0     0     0 17442 24336  1  0 99  0  0
 0  0      0 305974336      0 8275340    0    0     0     0 16629 22840  1  0 99  0  0
 0  0      0 305973600      0 8275340    0    0     0     0 17309 22666  1  0 98  0  0
 0  0      0 305973344      0 8275340    0    0     0     0 16918 22501  1  0 99  0  0
 0  0      0 305973824      0 8275340    0    0     0     0 17180 22561  1  0 99  0  0
 0  0      0 305973856      0 8275340    0    0     0     0 17209 22755  1  0 99  0  0
 0  0      0 305973952      0 8275340    0    0     0     0 17163 22611  1  0 99  0  0
 0  0      0 305974080      0 8275340    0    0     0     0 17202 22519  1  0 98  0  0
 0  0      0 305974560      0 8275340    0    0     0     0 17251 22545  1  0 98  0  0
 0  0      0 305974816      0 8275340    0    0     0     0 17072 22811  1  0 99  0  0
 0  0      0 305975072      0 8275340    0    0     0     0 17422 22716  1  0 98  0  0
 0  0      0 305973248      0 8275340    0    0     0     0 16948 22739  1  0 99  0  0
 0  0      0 305973760      0 8275340    0    0     0     0 18413 22725  1  0 98  0  0
 0  0      0 305974016      0 8275340    0    0     0     0 17568 23585  1  0 99  0  0
 0  0      0 305974144      0 8275340    0    0     0     0 17080 23184  1  0 99  0  0
 0  0      0 305974016      0 8275344    0    0     0     0 17125 22914  1  0 99  0  0
 0  0      0 305974464      0 8275344    0    0     0     0 17117 22921  1  0 99  0  0
 1  0      0 305974656      0 8275344    0    0     0     0 17879 22972  2  0 98  0  0
 0  0      0 305975072      0 8275344    0    0     0     0 17864 22672  2  0 98  0  0
 0  0      0 305975200      0 8275344    0    0     0     0 17239 22476  1  0 99  0  0
 0  0      0 305975232      0 8275344    0    0     0     0 17017 22860  1  0 98  0  0
procs -----------memory---------- ---swap-- -----io---- -system-- ------cpu-----
 r  b   swpd   free   buff  cache   si   so    bi    bo   in   cs us sy id wa st
 0  0      0 305972640      0 8275344    0    0     0     0 17502 23071  1  0 98  0  0
 0  0      0 305973120      0 8275344    0    0     0     0 17018 22907  1  0 99  0  0
 0  0      0 305972992      0 8275344    0    0     0     0 16844 22958  1  0 99  0  0
 0  0      0 305973248      0 8275344    0    0     0     0 16670 22786  1  0 99  0  0
 0  0      0 305973248      0 8275344    0    0     0     0 17641 23307  1  0 98  0  0
 0  0      0 305973024      0 8275344    0    0     0     0 17039 22932  1  0 99  0  0
 0  0      0 305973536      0 8275344    0    0     0     0 16654 22615  1  0 99  0  0
 0  0      0 305973056      0 8275344    0    0     0     0 17272 22681  1  0 98  0  0
 0  0      0 305973568      0 8275344    0    0     0     0 17044 22946  1  0 99  0  0
 0  0      0 305973568      0 8275344    0    0     0     0 16689 22677  1  0 99  0  0
 0  0      0 305971680      0 8275344    0    0     0     0 17117 22531  1  0 98  0  0
 0  0      0 305971968      0 8275344    0    0     0     0 17113 22432  1  0 99  0  0
 0  0      0 305971872      0 8275344    0    0     0     0 17401 22645  1  0 98  0  0
 0  0      0 305972000      0 8275344    0    0     0     0 17167 22505  1  0 99  0  0
39  0      0 305972224      0 8275344    0    0     0     0 16415 22347  1  0 99  0  0
 0  0      0 305971616      0 8275344    0    0     0     0 15692 20154  1  0 99  0  0
 0  0      0 305971968      0 8275344    0    0     0     0 17203 22738  1  0 99  0  0
 0  0      0 305972256      0 8275344    0    0     0     0 17234 22611  1  0 99  0  0
 0  0      0 305972736      0 8275344    0    0     0     0 18114 24704  1  0 99  0  0
 0  0      0 305970944      0 8275344    0    0     0     0 16692 22469  1  0 99  0  0
 0  0      0 305971680      0 8275344    0    0     0     0 17521 22953  1  0 99  0  0
procs -----------memory---------- ---swap-- -----io---- -system-- ------cpu-----
 r  b   swpd   free   buff  cache   si   so    bi    bo   in   cs us sy id wa st
 0  0      0 305971936      0 8275344    0    0     0     0 16978 22788  1  0 99  0  0
 0  0      0 305971936      0 8275344    0    0     0     0 16525 22572  1  0 99  0  0
 0  0      0 305972000      0 8275344    0    0     0     0 17089 22923  1  0 99  0  0
 0  0      0 305972608      0 8275344    0    0     0     0 17343 24182  1  0 99  0  0
 0  0      0 305972928      0 8275344    0    0     0     0 17889 24572  1  0 98  0  0
 0  0      0 305972672      0 8275344    0    0     0     0 17781 23647  2  0 98  0  0
 0  0      0 305973344      0 8275344    0    0     0     0 17017 24440  1  0 99  0  0
 0  0      0 305972992      0 8275344    0    0     0     0 19316 27948  1  0 98  0  0
 0  0      0 305971328      0 8275344    0    0     0     0 18867 27295  1  0 98  0  0
 0  0      0 305971584      0 8275344    0    0     0     0 17606 27192  1  0 98  0  0
 0  0      0 305971520      0 8275344    0    0     0     0 17784 28629  1  0 99  0  0
 0  0      0 305971648      0 8275344    0    0     0     0 19016 30979  1  0 99  0  0
 0  0      0 305971648      0 8275344    0    0     0     0 16869 24153  1  0 99  0  0
 0  0      0 305971776      0 8275344    0    0     0     0 16503 22702  1  0 98  0  0
 0  0      0 305971936      0 8275344    0    0     0     0 16293 22773  1  0 99  0  0
 0  0      0 305972416      0 8275344    0    0     0     0 16625 22873  1  0 99  0  0
 0  0      0 305971200      0 8275348    0    0     0     0 16736 22756  1  0 99  0  0
 0  0      0 305971904      0 8275348    0    0     0     0 16855 22685  1  0 99  0  0
 0  0      0 305969760      0 8275348    0    0     0     0 17169 22619  1  0 99  0  0
 0  0      0 305970912      0 8275348    0    0     0     0 17361 22976  1  0 99  0  0
 0  0      0 305971040      0 8275348    0    0     0     0 17031 22608  1  0 99  0  0
procs -----------memory---------- ---swap-- -----io---- -system-- ------cpu-----
 r  b   swpd   free   buff  cache   si   so    bi    bo   in   cs us sy id wa st
 0  0      0 305971168      0 8275348    0    0     0     0 16790 22497  1  0 99  0  0
 0  0      0 305971296      0 8275348    0    0     0     0 16533 22679  1  0 99  0  0
 0  0      0 305971776      0 8275348    0    0     0     0 17387 22900  1  0 99  0  0
 0  0      0 305972160      0 8275348    0    0     0     0 16838 22654  1  0 99  0  0
 0  0      0 305972544      0 8275348    0    0     0     0 16852 22775  1  0 99  0  0
 0  0      0 305972672      0 8275348    0    0     0     0 17109 22952  1  0 99  0  0
243  0      0 305972960      0 8275348    0    0     0     0 16726 23289  1  0 99  0  0
114  0      0 305970752      0 8275348    0    0     0     0 15697 21175  1  0 99  0  0
 0  0      0 305971616      0 8275348    0    0     0     0 16752 22649  1  0 99  0  0
 0  0      0 305970752      0 8275348    0    0     0     0 17044 22962  1  0 99  0  0
 0  0      0 305970528      0 8275348    0    0     0     0 17642 23544  1  0 99  0  0
 0  0      0 305970880      0 8275348    0    0     0     0 17583 23944  1  0 98  0  0
 0  0      0 305970912      0 8275348    0    0     0     0 17025 24554  1  0 99  0  0
 0  0      0 305971104      0 8275348    0    0     0     0 17634 25633  1  0 99  0  0
 0  0      0 305971680      0 8275348    0    0     0     0 20241 25092  2  0 98  0  0
 0  0      0 305971776      0 8275348    0    0     0     0 17775 24327  1  0 99  0  0
 0  0      0 305971904      0 8275348    0    0     0     0 16235 23697  1  0 99  0  0
 0  0      0 305969248      0 8275348    0    0     0     0 18380 27396  1  0 98  0  0
 0  0      0 305969472      0 8275348    0    0     0     0 19488 30136  1  0 98  0  0
 0  0      0 305969600      0 8275348    0    0     0     0 17581 24136  1  0 99  0  0
 0  0      0 305969472      0 8275348    0    0     0     0 16822 22637  1  0 99  0  0
procs -----------memory---------- ---swap-- -----io---- -system-- ------cpu-----
 r  b   swpd   free   buff  cache   si   so    bi    bo   in   cs us sy id wa st
 0  0      0 305969600      0 8275348    0    0     0     0 17303 22936  1  0 98  0  0
 0  0      0 305969600      0 8275348    0    0     0     0 17915 23831  1  0 98  0  0
 0  0      0 305969696      0 8275348    0    0     0     0 16958 22753  1  0 99  0  0
 0  0      0 305969088      0 8275348    0    0     0     0 35127 30498  2  0 98  0  0
 0  0      0 305968320      0 8275348    0    0     0     0 24525 38394  1  0 99  0  0
 0  0      0 305970720      0 8275348    0    0     0     0 17830 24415  1  0 98  0  0
 0  0      0 305968992      0 8275348    0    0     0     0 17096 23032  1  0 98  0  0
 0  0      0 305969088      0 8275348    0    0     0     0 16549 22607  1  0 99  0  0
 0  0      0 305967904      0 8275348    0    0     0     0 18287 23869  1  0 99  0  0
 0  0      0 305969216      0 8275348    0    0     0     0 17272 23370  1  0 99  0  0
 0  0      0 305969696      0 8275348    0    0     0     0 16865 23226  1  0 99  0  0
 0  0      0 305969824      0 8275348    0    0     0     0 17125 23228  1  0 99  0  0
 0  0      0 305970496      0 8275348    0    0     0     0 17324 24269  1  0 98  0  0
 0  0      0 305970016      0 8275348    0    0     0     0 17576 24549  1  0 99  0  0
 0  0      0 305970752      0 8275348    0    0     0     0 16690 24002  1  0 99  0  0
 0  0      0 305971008      0 8275348    0    0     0     0 20531 31624  1  0 98  0  0
 0  0      0 305970240      0 8275348    0    0     0     0 18961 29755  1  0 98  0  0
 0  0      0 305971904      0 8275352    0    0     0     0 19412 32918  1  0 99  0  0
 0  0      0 305972064      0 8275352    0    0     0     0 17224 23517  1  0 99  0  0
 0  0      0 305972448      0 8275352    0    0     0     0 16661 23505  1  0 99  0  0
 0  0      0 305972800      0 8275352    0    0     0     0 16946 23903  1  0 99  0  0
