procs -----------memory---------- ---swap-- -----io---- -system-- ------cpu-----
 r  b   swpd   free   buff  cache   si   so    bi    bo   in   cs us sy id wa st
 5  0      0 142826304  45248 5518584    0    0     0     7    0    0 42  1 57  0  0
 5  0      0 142825456  45248 5518584    0    0     0     0 16178 14862  2  0 97  0  0
11  0      0 142823936  45248 5518636    0    0     0     0 15668 14617  2  0 97  0  0
13  0      0 142810784  45248 5518636    0    0     0     0 13994 13727  2  0 98  0  0
35  0      0 142810576  45248 5518664    0    0     0     0 14405 14385  2  0 97  0  0
13  0      0 142825216  45264 5518652    0    0     0    80 14142 14270  2  0 98  0  0
13  0      0 142814736  45264 5518652    0    0     0     0 13911 13112  2  0 98  0  0
12  0      0 142813712  45264 5518848    0    0     0     4 14994 13741  2  0 97  0  0
15  0      0 142811664  45264 5518848    0    0     0     0 14149 13391  2  0 97  0  0
12  0      0 142822592  45264 5518856    0    0     0    16 14557 13318  3  0 97  0  0
 9  0      0 142822656  45264 5518856    0    0     0     0 13748 13203  2  0 98  0  0
28  0      0 142815440  45272 5518848    0    0     0    64 13954 13045  2  0 98  0  0
13  0      0 142814944  45272 5518848    0    0     0     0 13694 13072  2  0 98  0  0
22  0      0 142808368  45272 5518864    0    0     0     0 13859 13267  2  0 98  0  0
17  0      0 142803296  46324 5519312    0    0  1051     0 15545 22864  2  0 97  0  0
13  0      0 142803296  46324 5519312    0    0     0     0 13827 13492  2  0 98  0  0
 8  0      0 142803296  46324 5519312    0    0     0     0 13735 13098  2  0 98  0  0
12  0      0 142803424  46324 5519312    0    0     0     0 14678 13854  2  0 97  0  0
10  0      0 142803456  46324 5519312    0    0     0     0 13802 13399  2  0 98  0  0
13  0      0 142799232  46324 5519312    0    0     0     0 14102 13348  2  0 97  0  0
15  0      0 142797184  46324 5519312    0    0     0     0 13953 13343  2  0 98  0  0
procs -----------memory---------- ---swap-- -----io---- -system-- ------cpu-----
 r  b   swpd   free   buff  cache   si   so    bi    bo   in   cs us sy id wa st
12  0      0 142797184  46324 5519312    0    0     0     0 13814 13341  2  0 98  0  0
12  1      0 142794112  46476 5519160    0    0   138    40 13947 14079  2  0 97  0  0
12  0      0 142807456  46944 5520948    0    0   452     0 14757 18691  2  0 97  0  0
13  0      0 142804416  47448 5523452    0    0   507     0 14552 18354  2  0 97  0  0
14  0      0 142802368  47960 5525196    0    0   496     0 14671 18889  2  0 97  0  0
18  0      0 142800208  48408 5527004    0    0   447     0 14340 18484  2  0 97  0  0
16  0      0 142791680  48796 5528872    0    0   377     0 14150 18368  2  0 97  0  0
15  0      0 142790144  49152 5530020    0    0   347     0 13986 18455  2  0 97  0  0
17  0      0 142788016  49452 5531224    0    0   290     0 13966 18186  2  0 97  0  0
19  0      0 142788576  49632 5532488    0    0   174     0 14727 18191  2  0 97  0  0
16  0      0 142787168  49888 5533780    0    0   254     0 13754 18136  2  0 97  0  0
19  0      0 142785216  50084 5534336    0    0   203     0 13470 17736  2  0 97  0  0
25  0      0 142784192  50280 5536396    0    0   200     0 13383 17893  2  0 97  0  0
23  1      0 142783296  50440 5536752    0    0   168    16 13922 18625  2  0 97  0  0
18  0      0 142782784  50484 5536708    0    0    44     0 12906 17666  2  0 97  0  0
20  0      0 142782592  50552 5537476    0    0    74    56 12461 17746  2  0 98  0  0
20  0      0 142782672  50668 5538260    0    0   120     0 12812 17783  2  0 97  0  0
21  1      0 142781632  50944 5539200    0    0   270     0 14153 17901  2  0 97  0  0
12  0      0 142778176  51524 5541784    0    0   571    72 15310 18461  3  0 97  0  0
14  1      0 142775568  52184 5544624    0    0   647     0 14991 19436  2  0 97  0  0
13  0      0 142772400  52760 5546304    0    0   570     0 14942 18753  2  0 97  0  0
procs -----------memory---------- ---swap-- -----io---- -system-- ------cpu-----
 r  b   swpd   free   buff  cache   si   so    bi    bo   in   cs us sy id wa st
15  0      0 142769904  53320 5548876    0    0   551     0 14917 18674  2  0 97  0  0
10  0      0 142767376  53808 5551004    0    0   498     0 14597 18414  2  0 97  0  0
14  0      0 142766144  54092 5551500    0    0   287     0 14050 16853  2  0 97  0  0
16  1      0 142764416  54692 5553908    0    0   580     0 14620 19637  2  0 97  0  0
15  0      0 142761904  55076 5555028    0    0   360     0 14394 17369  2  0 97  0  0
17  0      0 142760032  55480 5556660    0    0   441     0 14719 17885  2  0 97  0  0
11  0      0 142757904  55904 5558492    0    0   427     0 14519 17832  2  0 97  0  0
18  0      0 142753216  56244 5560408    0    0   343    12 14593 16845  2  0 97  0  0
14  0      0 142752704  56300 5560352    0    0    54     0 13898 14469  2  0 98  0  0
29  0      0 142748688  56716 5562192    0    0   415     0 16766 18762  2  0 97  0  0
15  0      0 142746528  57120 5564044    0    0   404     0 14503 17727  2  0 97  0  0
17  0      0 142744384  57524 5565144    0    0   407     0 14622 17773  2  0 97  0  0
23  0      0 142742352  57936 5566988    0    0   418     0 14378 17982  2  0 97  0  0
27  0      0 142740608  58164 5567512    0    0   219    52 14120 16410  2  0 97  0  0
22  0      0 142738784  58448 5568732    0    0   283     0 14891 17334  2  0 97  0  0
43  0      0 142736928  58720 5570716    0    0   267     0 14011 16841  2  0 97  0  0
13  1      0 142735504  59116 5573104    0    0   379     0 14294 17607  2  0 97  0  0
22  0      0 142733472  59548 5574176    0    0   435     0 14839 17542  2  0 97  0  0
22  0      0 142731632  59924 5576712    0    0   372     0 15388 17514  2  0 97  0  0
37  0      0 142727712  60288 5577852    0    0   365    40 15325 17307  2  0 97  0  0
46  0      0 142724784  60620 5579196    0    0   317     0 15374 17073  2  0 97  0  0
procs -----------memory---------- ---swap-- -----io---- -system-- ------cpu-----
 r  b   swpd   free   buff  cache   si   so    bi    bo   in   cs us sy id wa st
45  0      0 142722128  61040 5581784    0    0   421     0 14916 17334  2  0 97  0  0
57  1      0 142719616  61452 5583076    0    0   404     8 15407 17543  2  0 97  0  0
62  0      0 142716448  61844 5585692    0    0   390     0 14869 17116  2  0 97  0  0
64  1      0 142715952  61976 5586092    0    0   135     0 14374 14686  2  0 97  0  0
75  0      0 142713824  62292 5587708    0    0   312    44 15490 16685  2  0 97  0  0
81  0      0 142712064  62756 5589084    0    0   460     0 15210 17596  3  0 97  0  0
63  0      0 142709024  63224 5592012    0    0   469     0 15310 17653  3  0 97  0  0
66  0      0 142706656  63632 5593860    0    0   404     0 14811 17421  2  0 97  0  0
65  0      0 142704000  63996 5595752    0    0   361     0 14675 17117  2  0 97  0  0
69  0      0 142702112  64324 5598104    0    0   332     0 14410 17214  2  0 97  0  0
67  0      0 142701360  64440 5598608    0    0   113    40 14034 15621  2  0 98  0  0
64  0      0 142700912  64672 5599128    0    0   196     0 14008 16637  2  0 97  0  0
70  1      0 142699888  64840 5599996    0    0   189     0 14126 16591  2  0 97  0  0
79  0      0 142699008  65044 5600840    0    0   207     0 14026 16706  2  0 97  0  0
65  0      0 142697472  65160 5602344    0    0   116     0 14120 16671  2  0 97  0  0
63  0      0 142696960  65356 5602900    0    0   199     0 13627 17044  2  0 97  0  0
62  0      0 142694272  65472 5602788    0    0   118     0 13964 15611  2  0 97  0  0
62  0      0 142692128  65736 5604028    0    0   263     0 14121 16761  2  0 97  0  0
61  1      0 142690112  66116 5606656    0    0   374     0 14555 17287  2  0 97  0  0
61  1      0 142688480  66360 5607164    0    0   245     0 14316 15590  2  0 97  0  0
56  0      0 142686960  66756 5609024    0    0   393    40 14749 17605  2  0 97  0  0
procs -----------memory---------- ---swap-- -----io---- -system-- ------cpu-----
 r  b   swpd   free   buff  cache   si   so    bi    bo   in   cs us sy id wa st
42  0      0 142683808  67248 5610788    0    0   499    20 14795 18120  2  0 97  0  0
27  0      0 142681248  67392 5611396    0    0   148     0 14230 15260  2  0 97  0  0
15  1      0 142681248  67412 5612128    0    0    20     0 13943 14232  2  0 98  0  0
14  1      0 142681248  67412 5612128    0    0     0     0 13951 13228  2  0 98  0  0
12  1      0 142681248  67412 5612128    0    0     0     0 13899 13214  2  0 98  0  0
11  1      0 142681248  67412 5612128    0    0     0    24 13821 13187  2  0 98  0  0
13  1      0 142681248  67420 5612120    0    0     0    32 13862 13360  2  0 98  0  0
11  1      0 142681248  67420 5612120    0    0     0     0 13777 13202  2  0 98  0  0
13  1      0 142681248  67420 5612120    0    0     0     0 13741 13138  2  0 98  0  0
26  0      0 142677888  67484 5612056    0    0    69     0 14223 14831  2  0 97  0  0
16  0      0 142660896  67484 5627748    0    0     0     0 19739 21367  2  0 97  0  0
14  0      0 142645904  67484 5641656    0    0     0     0 18544 20846  2  0 97  0  0
16  0      0 142632944  67484 5654944    0    0     0     0 18329 20404  2  0 97  0  0
17  0      0 142630912  67484 5654948    0    0     0     0 13716 14382  2  0 98  0  0
17  0      0 142626560  67484 5660228    0    0     0     0 16335 18325  3  0 97  0  0
14  1      0 142626432  67536 5660032    0    0    53     8 14203 14657  3  0 97  0  0
42  0      0 142623072  67544 5660776    0    0     0    44 13994 15490  2  0 97  0  0
26  0      0 142622528  67544 5660776    0    0     0     0 13470 14962  2  0 98  0  0
23  0      0 142622528  67544 5660776    0    0     0     0 13816 15871  2  0 98  0  0
21  0      0 142620368  67544 5660776    0    0     0     0 13706 15676  2  0 98  0  0
19  0      0 142620368  67544 5660776    0    0     0     0 13732 15428  2  0 98  0  0
procs -----------memory---------- ---swap-- -----io---- -system-- ------cpu-----
 r  b   swpd   free   buff  cache   si   so    bi    bo   in   cs us sy id wa st
18  0      0 142619136  67544 5661300    0    0     0     0 19641 21397  3  1 97  0  0
13  0      0 142619168  67544 5661300    0    0     0     0 15101 16369  2  0 97  0  0
15  0      0 142617344  67544 5661300    0    0     0     0 14271 14710  2  0 98  0  0
10  0      0 142615296  67544 5661300    0    0     0     0 14084 14445  2  0 98  0  0
12  0      0 142613248  67544 5661300    0    0     0     0 14134 14272  2  0 97  0  0
16  0      0 142613248  67544 5661300    0    0     0     0 14150 14467  2  0 98  0  0
35  0      0 142609664  67552 5661260    0    0     0    24 15092 14860  2  0 97  0  0
12  0      0 142607648  67552 5661260    0    0     0     0 14767 14464  2  0 97  0  0
12  0      0 142605360  67552 5661252    0    0     0     0 13858 14088  2  0 98  0  0
12  0      0 142603184  67552 5661252    0    0     0     0 13840 14330  2  0 98  0  0
13  0      0 142601568  67552 5661100    0    0     0     0 13903 14167  2  0 98  0  0
12  0      0 142599424  67552 5661100    0    0     0     0 14681 14643  2  0 97  0  0
13  0      0 142596144  67556 5662896    0    0     0    44 14517 15659  2  0 97  0  0
15  0      0 142595152  67556 5662896    0    0     0     0 13954 14281  2  0 98  0  0
15  0      0 142595152  67556 5662896    0    0     0     0 14079 14573  2  0 97  0  0
12  0      0 142593872  67556 5662896    0    0     0     0 14974 15085  2  0 97  0  0
13  0      0 142590432  67556 5663092    0    0     0     0 14592 14658  2  0 97  0  0
14  0      0 142590064  67556 5663124    0    0     0     0 15088 14938  2  0 97  0  0
13  0      0 142589776  67556 5663124    0    0     0     0 14252 14058  2  0 97  0  0
15  0      0 142590976  67556 5663288    0    0     0    20 14743 14579  2  0 97  0  0
12  0      0 142586752  67560 5663284    0    0     0    40 14083 14368  2  0 97  0  0
procs -----------memory---------- ---swap-- -----io---- -system-- ------cpu-----
 r  b   swpd   free   buff  cache   si   so    bi    bo   in   cs us sy id wa st
14  0      0 142584496  67560 5663284    0    0     0     0 14016 14202  2  0 97  0  0
13  0      0 142582144  67560 5663364    0    0     0     0 14838 14461  2  0 97  0  0
16  0      0 142580128  67560 5663364    0    0     0     0 14308 14291  3  0 97  0  0
15  0      0 142576032  67560 5663368    0    0     0    16 14096 14021  3  0 97  0  0
12  0      0 142574240  67560 5663368    0    0     0     0 13884 14443  2  0 98  0  0
14  0      0 142567904  67560 5663368    0    0     0     0 13846 14514  2  0 98  0  0
14  0      0 142563696  67568 5663360    0    0     0    48 13841 13955  2  0 97  0  0
14  0      0 142561648  67568 5663360    0    0     0     0 13950 14353  2  0 98  0  0
12  0      0 142559472  67568 5663360    0    0     0     0 13821 14517  2  0 98  0  0
12  0      0 142559472  67568 5663360    0    0     0     0 13921 14557  2  0 98  0  0
12  0      0 142557296  67568 5663360    0    0     0     0 13840 14410  2  0 97  0  0
15  0      0 142557328  67568 5663576    0    0     0     0 14573 14620  2  0 97  0  0
13  0      0 142555008  67568 5663576    0    0     0     0 14135 14727  2  0 98  0  0
13  0      0 142555040  67568 5663576    0    0     0    16 14042 14460  2  0 97  0  0
37  0      0 142553120  67576 5663572    0    0     0    44 13802 14382  2  0 98  0  0
19  0      0 142548992  67576 5663572    0    0     0     0 13959 14379  2  0 98  0  0
17  0      0 142549008  67576 5663576    0    0     0     0 13923 14533  2  0 97  0  0
28  0      0 142549008  67576 5663576    0    0     0     0 14083 15225  2  0 98  0  0
22  0      0 142546848  67576 5663576    0    0     0     0 14165 14728  2  0 98  0  0
20  0      0 142544672  67576 5663576    0    0     0     0 13852 14433  2  0 98  0  0
19  0      0 142542624  67576 5663576    0    0     0     0 13995 15256  2  0 98  0  0
procs -----------memory---------- ---swap-- -----io---- -system-- ------cpu-----
 r  b   swpd   free   buff  cache   si   so    bi    bo   in   cs us sy id wa st
17  0      0 142540320  67576 5663576    0    0     0     0 14131 15184  2  0 98  0  0
15  0      0 142540320  67576 5663576    0    0     0     0 13951 15296  2  0 98  0  0
17  0      0 142538144  67576 5663576    0    0     0     0 13885 15410  2  0 97  0  0
19  0      0 142537280  67576 5663576    0    0     0     0 15101 16456  2  0 97  0  0
17  0      0 142535680  67576 5663576    0    0     0     0 13811 15635  2  0 98  0  0
17  0      0 142533792  67576 5663576    0    0     0     0 14595 15509  2  1 97  0  0
22  0      0 142533792  67576 5663576    0    0     0     0 13799 15847  2  0 97  0  0
21  0      0 142534144  67576 5663576    0    0     0     0 14210 16684  2  0 97  0  0
17  0      0 142531968  67584 5663568    0    0     0    48 13629 16081  2  0 97  0  0
26  0      0 142531968  67584 5663568    0    0     0     0 13274 16447  2  0 98  0  0
31  0      0 142531968  67584 5663568    0    0     0     0 13161 16707  2  0 97  0  0
34  0      0 142531968  67584 5663568    0    0     0     0 13539 17318  3  0 97  0  0
30  0      0 142531968  67584 5663568    0    0     0    48 13022 17220  2  0 97  0  0
29  0      0 142531968  67584 5663568    0    0     0     0 12595 17338  2  0 98  0  0
40  0      0 142529328  67584 5663568    0    0     0     0 12717 17370  2  0 97  0  0
39  0      0 142529328  67584 5663568    0    0     0     0 12885 17395  2  0 98  0  0
37  0      0 142529328  67584 5663568    0    0     0     0 12990 16908  2  0 98  0  0
37  0      0 142529328  67584 5663568    0    0     0     0 12933 17064  2  0 97  0  0
36  0      0 142527616  67584 5663648    0    0     0     0 12937 17162  2  0 98  0  0
25  0      0 142527616  67584 5663648    0    0     0     0 13451 17771  2  0 97  0  0
31  0      0 142527744  67584 5663648    0    0     0     0 13305 16975  2  0 98  0  0
procs -----------memory---------- ---swap-- -----io---- -system-- ------cpu-----
 r  b   swpd   free   buff  cache   si   so    bi    bo   in   cs us sy id wa st
21  0      0 142527744  67584 5663648    0    0     0     0 13417 16531  2  0 98  0  0
25  0      0 142527744  67584 5663648    0    0     0    20 13577 16903  2  0 97  0  0
25  0      0 142527776  67584 5663648    0    0     0     0 13529 16995  2  0 98  0  0
14  0      0 142523488  67584 5663648    0    0     0     0 13654 16020  2  0 97  0  0
22  0      0 142520320  67584 5663500    0    0     0     0 15502 15939  2  0 97  0  0
30  0      0 142520288  67584 5663500    0    0     0     0 14017 15001  2  0 97  0  0
18  0      0 142516032  67592 5663524    0    0     0    60 13991 14732  2  0 98  0  0
16  0      0 142511808  67592 5663524    0    0     0     0 13843 14739  2  0 98  0  0
19  0      0 142508192  67592 5663520    0    0     0     0 14569 14503  2  0 97  0  0
14  0      0 142506016  67592 5663520    0    0     0     0 13955 14092  2  0 98  0  0
13  0      0 142499744  67592 5663520    0    0     0     0 13938 14004  2  0 98  0  0
13  0      0 142497696  67592 5663520    0    0     0     0 13929 14287  2  0 97  0  0
25  0      0 142497280  67592 5663620    0    0     0     0 14753 14712  2  0 97  0  0
49  0      0 142493504  67600 5663612    0    0     0    40 13971 14715  2  0 97  0  0
72  0      0 142493248  67600 5663392    0    0     0     0 14691 14953  2  0 97  0  0
82  0      0 142490624  67600 5663472    0    0     0     0 14628 14951  2  0 97  0  0
107  0      0 142489696  67600 5663276    0    0     0    20 14665 14773  2  0 97  0  0
118  0      0 142488144  67600 5663276    0    0     0     0 14094 14792  2  0 98  0  0
118  0      0 142488496  67600 5663276    0    0     0     0 13971 14135  2  0 98  0  0
127  0      0 142484240  67608 5663268    0    0     0    44 14245 14236  2  0 97  0  0
111  0      0 142486592  67608 5663280    0    0     0     0 15657 14761  3  0 97  0  0
procs -----------memory---------- ---swap-- -----io---- -system-- ------cpu-----
 r  b   swpd   free   buff  cache   si   so    bi    bo   in   cs us sy id wa st
98  0      0 142484544  67608 5663280    0    0     0     0 14212 14248  2  0 97  0  0
90  0      0 142483040  67608 5663280    0    0     0     0 14026 14090  2  0 97  0  0
85  0      0 142480784  67608 5663280    0    0     0     0 14084 14101  2  0 98  0  0
80  0      0 142478736  67608 5663280    0    0     0     0 13804 14532  2  0 97  0  0
98  0      0 142478736  67616 5663272    0    0     0    40 13857 14772  2  0 97  0  0
104  0      0 142476656  67616 5663280    0    0     0     0 13682 14979  2  0 97  0  0
101  0      0 142474608  67616 5663280    0    0     0     0 13627 15188  2  0 97  0  0
100  0      0 142472464  67616 5663280    0    0     0     0 13541 14961  2  0 98  0  0
97  0      0 142472416  67616 5663280    0    0     0     0 14155 15263  2  0 97  0  0
92  0      0 142472416  67616 5663280    0    0     0     0 13465 15639  2  0 98  0  0
91  0      0 142472448  67616 5663280    0    0     0     0 13306 15461  2  0 97  0  0
88  0      0 142470400  67616 5663280    0    0     0     0 13194 15604  2  0 98  0  0
86  0      0 142468288  67616 5663280    0    0     0     0 13155 16040  2  0 98  0  0
84  0      0 142468288  67620 5663276    0    0     0    40 13109 16328  2  0 98  0  0
73  0      0 142468160  67620 5663276    0    0     0     0 12877 16144  2  0 97  0  0
64  0      0 142468160  67620 5663276    0    0     0    16 12770 16184  2  0 97  0  0
36  0      0 142466096  67620 5663276    0    0     0     0 13234 15735  2  0 98  0  0
34  0      0 142465984  67620 5663276    0    0     0     0 13935 14280  2  0 98  0  0
34  0      0 142463808  67620 5663276    0    0     0     0 13805 13671  2  0 98  0  0
28  0      0 142463808  67620 5663276    0    0     0     0 13863 14003  2  0 97  0  0
30  0      0 142461760  67628 5663268    0    0     0    56 13908 13986  2  0 97  0  0
procs -----------memory---------- ---swap-- -----io---- -system-- ------cpu-----
 r  b   swpd   free   buff  cache   si   so    bi    bo   in   cs us sy id wa st
22  0      0 142459584  67628 5663268    0    0     0     0 14049 14324  2  0 98  0  0
12  0      0 142457472  67628 5663268    0    0     0     0 13878 14225  2  0 98  0  0
16  0      0 142457472  67628 5663268    0    0     0     0 13830 14357  2  0 97  0  0
15  0      0 142457472  67628 5663268    0    0     0     0 13948 14067  2  0 97  0  0
13  0      0 142457664  67632 5663160    0    0     0    20 14402 14694  2  0 97  0  0
14  0      0 142457456  67632 5663164    0    0     0     0 14004 14502  2  0 98  0  0
16  0      0 142457456  67632 5663164    0    0     0     0 13917 14285  2  0 98  0  0
39  0      0 142457504  67632 5663164    0    0     0     0 13956 14943  2  0 97  0  0
12  0      0 142457664  67632 5663164    0    0     0     0 14538 14572  3  0 97  0  0
16  0      0 142457536  67632 5663164    0    0     0     8 14044 14459  2  0 98  0  0
15  0      0 142457536  67632 5663164    0    0     0    40 13993 14352  2  0 98  0  0
11  0      0 142452320  67632 5666172    0    0     0     0 15112 15525  2  0 97  0  0
12  0      0 142448896  67632 5670332    0    0     0     0 15442 16261  2  0 97  0  0
12  0      0 142440544  67632 5678524    0    0     0     0 16696 18918  2  0 97  0  0
17  0      0 142440848  67632 5678524    0    0     0     0 13834 14574  2  0 98  0  0
16  0      0 142426448  67632 5680028    0    0     0     0 21362 25245  3  1 96  0  0
17  0      0 142426496  67632 5693988    0    0     0     0 18303 21808  2  0 97  0  0
17  0      0 142426656  67632 5693988    0    0     0     0 13497 15208  2  0 97  0  0
19  0      0 142426656  67632 5693988    0    0     0     0 13457 15127  2  0 97  0  0
21  0      0 142426656  67632 5693988    0    0     0     0 13454 15416  2  0 98  0  0
11  0      0 142426656  67636 5693984    0    0     0    20 13688 15719  2  0 97  0  0
procs -----------memory---------- ---swap-- -----io---- -system-- ------cpu-----
 r  b   swpd   free   buff  cache   si   so    bi    bo   in   cs us sy id wa st
27  0      0 142424544  67636 5693984    0    0     0     0 13810 15336  2  0 98  0  0
23  0      0 142407840  67636 5701408    0    0     0     0 18067 18740  2  0 97  0  0
11  0      0 142407312  67636 5709248    0    0     0     0 16699 18557  2  0 97  0  0
17  0      0 142407008  67636 5709288    0    0     0     0 13917 14608  2  0 98  0  0
15  0      0 142407008  67636 5709288    0    0     0     0 13846 14801  2  0 98  0  0
12  0      0 142407008  67636 5709284    0    0     0     0 14472 14861  2  0 97  0  0
11  0      0 142407008  67644 5709284    0    0     0    40 13863 14187  2  0 98  0  0
23  0      0 142407088  67644 5709284    0    0     0     0 13959 14189  2  0 97  0  0
14  0      0 142407088  67644 5709284    0    0     0     0 13983 14609  2  0 98  0  0
17  0      0 142391152  67644 5717980    0    0     0     0 18130 20171  2  0 97  0  0
15  0      0 142388640  67644 5724748    0    0     0     0 16389 18094  2  0 97  0  0
11  0      0 142387872  67644 5724748    0    0     0     0 14540 14971  2  0 97  0  0
12  0      0 142387104  67644 5724748    0    0     0     0 14684 14625  2  0 97  0  0
16  0      0 142386464  67652 5724740    0    0     0    56 14533 14466  2  0 97  0  0
12  0      0 142386480  67652 5724740    0    0     0     0 14154 13912  2  0 98  0  0
12  0      0 142386480  67652 5724740    0    0     0     0 13864 14164  2  0 98  0  0
14  0      0 142386480  67652 5724740    0    0     0     0 13817 13932  2  0 98  0  0
13  0      0 142385936  67652 5724740    0    0     0     0 15753 14513  3  0 97  0  0
13  0      0 142388896  67652 5725816    0    0     0    20 14407 14803  2  0 97  0  0
12  0      0 142388560  67656 5725816    0    0     0    52 14084 14585  2  0 98  0  0
43  0      0 142384752  67656 5725816    0    0     0     0 14074 14312  2  0 98  0  0
procs -----------memory---------- ---swap-- -----io---- -system-- ------cpu-----
 r  b   swpd   free   buff  cache   si   so    bi    bo   in   cs us sy id wa st
13  0      0 142384864  67656 5725816    0    0     0     0 13976 14256  2  0 98  0  0
14  0      0 142384864  67656 5725816    0    0     0     0 14061 14658  2  0 97  0  0
12  0      0 142384864  67656 5725816    0    0     0     0 13999 15327  2  0 98  0  0
17  0      0 142384864  67656 5725816    0    0     0     0 13941 15275  2  0 97  0  0
15  0      0 142384224  67656 5726552    0    0     0     0 13845 15030  2  0 98  0  0
11  0      0 142383696  67656 5726584    0    0     0     0 14334 14676  2  0 97  0  0
12  0      0 142383776  67656 5726584    0    0     0     0 13861 14855  2  0 97  0  0
13  0      0 142379552  67656 5726584    0    0     0    12 13890 14065  2  0 98  0  0
13  0      0 142375216  67656 5726584    0    0     0     0 13771 14344  2  0 98  0  0
16  0      0 142366704  67656 5726584    0    0     0     0 13969 14358  2  0 97  0  0
13  0      0 142361584  67656 5727364    0    0     0    40 14487 14442  2  0 98  0  0
15  0      0 142356928  67656 5727636    0    0     0     0 13896 13857  2  0 98  0  0
11  0      0 142354880  67656 5727636    0    0     0     0 13858 14085  2  0 97  0  0
12  0      0 142350544  67656 5727636    0    0     0     0 13988 14157  2  0 98  0  0
12  0      0 142346448  67656 5727636    0    0     0     0 13871 13999  2  0 98  0  0
11  0      0 142344272  67656 5727636    0    0     0     0 13849 14126  2  0 98  0  0
13  0      0 142338512  67656 5729892    0    0     0     0 14270 14710  2  0 97  0  0
11  0      0 142333472  67656 5729684    0    0     0     0 15595 14528  2  0 97  0  0
11  0      0 142331408  67656 5729684    0    0     0     0 13987 14470  2  0 98  0  0
12  0      0 142324960  67656 5729684    0    0     0     0 13791 13877  2  0 98  0  0
13  0      0 142319520  67656 5729684    0    0     0     0 13840 13887  2  0 97  0  0
procs -----------memory---------- ---swap-- -----io---- -system-- ------cpu-----
 r  b   swpd   free   buff  cache   si   so    bi    bo   in   cs us sy id wa st
13  0      0 142316736  67656 5733444    0    0     0     0 15363 17048  2  0 97  0  0
20  0      0 142314336  67660 5733440    0    0     0    52 13856 14396  2  0 97  0  0
13  0      0 142316576  67660 5733844    0    0     0     0 14683 14601  2  0 97  0  0
12  0      0 142316720  67660 5733844    0    0     0     0 13979 14120  2  0 97  0  0
12  0      0 142314656  67660 5733844    0    0     0     0 13792 14406  2  0 97  0  0
12  0      0 142314656  67660 5733844    0    0     0     0 14520 14299  3  0 97  0  0
20  0      0 142306592  67660 5742116    0    0     0    20 16502 17717  2  0 97  0  0
12  0      0 142306560  67668 5742108    0    0     0    40 13739 14222  2  0 97  0  0
15  0      0 142304448  67668 5742108    0    0     0     0 13756 14324  2  0 98  0  0
16  0      0 142304448  67668 5742108    0    0     0     0 13801 14165  2  0 97  0  0
14  0      0 142304448  67668 5742108    0    0     0     0 13806 14127  2  0 98  0  0
21  0      0 142304448  67668 5742108    0    0     0     0 13708 14286  2  0 97  0  0
23  0      0 142304448  67668 5742108    0    0     0     0 13834 14687  2  0 98  0  0
20  0      0 142304448  67668 5742108    0    0     0     0 14300 15128  2  0 98  0  0
24  0      0 142304448  67668 5742108    0    0     0     0 13916 14566  2  0 97  0  0
19  0      0 142304448  67668 5742108    0    0     0     0 13870 14290  2  0 97  0  0
40  0      0 142289184  67668 5757092    0    0     0    12 18032 20562  2  0 97  0  0
24  0      0 142288896  67668 5757396    0    0     0     0 13793 14144  2  0 97  0  0
13  0      0 142286656  67668 5757396    0    0     0     0 13822 14227  2  0 98  0  0
11  0      0 142286736  67668 5757536    0    0     0     0 15470 14565  2  0 97  0  0
13  0      0 142286816  67668 5757536    0    0     0     0 13937 14444  2  0 98  0  0
procs -----------memory---------- ---swap-- -----io---- -system-- ------cpu-----
 r  b   swpd   free   buff  cache   si   so    bi    bo   in   cs us sy id wa st
32  0      0 142286816  67676 5757528    0    0     0    52 14076 14591  2  0 97  0  0
52  0      0 142287504  67676 5757528    0    0     0     0 13877 14878  2  0 98  0  0
83  0      0 142286704  67676 5757524    0    0     0     0 14863 15393  2  0 97  0  0
90  0      0 142286960  67676 5757524    0    0     0     0 14348 15213  2  0 98  0  0
94  0      0 142286960  67676 5757524    0    0     0     0 14283 15380  2  0 97  0  0
98  0      0 142286960  67676 5757524    0    0     0     0 14139 15159  2  0 98  0  0
111  0      0 142286320  67676 5757548    0    0     0     0 16575 15904  2  0 97  0  0
116  0      0 142284160  67676 5757548    0    0     0     0 14629 15067  2  0 98  0  0
130  0      0 142283280  67684 5757608    0    0     0    44 15217 15487  2  0 97  0  0
128  0      0 142283168  67684 5757608    0    0     0    20 15716 15181  2  0 97  0  0
154  0      0 142282048  67684 5757608    0    0     0     0 15229 15559  2  0 97  0  0
134  0      0 142281936  67684 5757608    0    0     0     0 14418 14387  2  0 98  0  0
117  0      0 142281936  67684 5757608    0    0     0     0 14268 14969  2  0 98  0  0
104  0      0 142281936  67692 5757600    0    0     0    44 14100 15526  2  0 97  0  0
57  0      0 142266944  67692 5772388    0    0     0     0 21453 24136  3  1 97  0  0
37  0      0 142267120  67692 5773060    0    0     0     0 14563 15422  2  0 97  0  0
17  0      0 142268256  67692 5773060    0    0     0     0 14264 14865  2  0 97  0  0
11  0      0 142266144  67692 5773060    0    0     0     0 14215 15136  2  0 97  0  0
14  0      0 142266144  67692 5773060    0    0     0     0 14108 15007  2  0 98  0  0
13  0      0 142266144  67696 5773060    0    0     0    88 14312 14372  2  0 98  0  0
12  0      0 142266144  67696 5773060    0    0     0     0 14171 14899  2  0 98  0  0
procs -----------memory---------- ---swap-- -----io---- -system-- ------cpu-----
 r  b   swpd   free   buff  cache   si   so    bi    bo   in   cs us sy id wa st
14  0      0 142266144  67696 5773056    0    0     0     0 14111 14988  2  0 98  0  0
12  0      0 142266144  67696 5773056    0    0     0     0 13945 14457  2  0 98  0  0
17  0      0 142265600  67696 5773056    0    0     0     0 14555 14953  2  0 97  0  0
15  0      0 142265600  67696 5773056    0    0     0     0 14054 14559  2  0 98  0  0
13  0      0 142263552  67696 5773056    0    0     0     0 13925 14461  2  0 98  0  0
 9  0      0 142263952  67696 5773184    0    0     0     0 13950 14711  2  0 98  0  0
14  0      0 142261328  67696 5773184    0    0     0     0 13973 14722  2  0 98  0  0
12  0      0 142261344  67696 5773184    0    0     0     0 14087 14375  2  0 97  0  0
12  0      0 142261344  67700 5773180    0    0     0    60 14111 14764  2  0 98  0  0
14  0      0 142261472  67700 5773180    0    0     0     0 13969 15017  2  0 97  0  0
12  0      0 142259968  67700 5773184    0    0     0     0 15150 15218  2  0 97  0  0
12  0      0 142259712  67700 5773184    0    0     0     0 14125 14791  2  0 98  0  0
12  0      0 142259584  67700 5773184    0    0     0     0 14128 15095  2  0 98  0  0
12  0      0 142259632  67700 5773184    0    0     0     0 13814 15191  2  0 97  0  0
11  0      0 142255408  67708 5773176    0    0     0    40 13940 14973  2  0 98  0  0
14  0      0 142252544  67708 5773184    0    0     0     0 14264 15020  2  0 97  0  0
12  0      0 142246256  67708 5773184    0    0     0     0 14071 14782  2  0 98  0  0
12  0      0 142243728  67708 5773184    0    0     0     0 13923 15164  2  0 97  0  0
14  0      0 142241568  67708 5773184    0    0     0     0 13926 14737  2  0 98  0  0
12  0      0 142240032  67708 5773188    0    0     0     0 14226 14546  2  0 97  0  0
11  0      0 142239648  67708 5773188    0    0     0     0 14875 14942  2  0 97  0  0
procs -----------memory---------- ---swap-- -----io---- -system-- ------cpu-----
 r  b   swpd   free   buff  cache   si   so    bi    bo   in   cs us sy id wa st
16  0      0 142237472  67716 5773180    0    0     0    40 13782 13868  2  0 97  0  0
16  0      0 142235424  67716 5773180    0    0     0     0 14172 14479  2  0 97  0  0
14  0      0 142233264  67716 5773180    0    0     0     8 14802 14225  3  0 97  0  0
13  0      0 142231216  67716 5773180    0    0     0     0 14174 14266  2  0 98  0  0
18  0      0 142231216  67716 5773180    0    0     0     0 14091 14459  2  0 98  0  0
13  0      0 142228848  67716 5773180    0    0     0     0 14169 14585  2  0 97  0  0
15  0      0 142226480  67716 5773180    0    0     0     0 14403 14209  2  0 97  0  0
13  0      0 142227904  67716 5773180    0    0     0     0 15133 15080  2  0 97  0  0
14  0      0 142227872  67724 5773172    0    0     0    40 18267 18419  3  1 97  0  0
28  0      0 142227872  67724 5773172    0    0     0     0 17332 19534  2  0 97  0  0
18  0      0 142227872  67724 5773172    0    0     0     0 13852 14205  2  0 97  0  0
30  0      0 142227872  67724 5773172    0    0     0     0 13762 14286  2  0 98  0  0
37  0      0 142227872  67724 5773172    0    0     0     0 13797 14980  2  0 97  0  0
71  0      0 142227872  67724 5773172    0    0     0     0 13840 15038  2  0 98  0  0
106  0      0 142227872  67732 5773164    0    0     0    20 13879 15079  2  0 98  0  0
151  0      0 142211104  67732 5782940    0    0     0     0 17336 19090  2  0 97  0  0
151  0      0 142211024  67732 5788272    0    0     0     0 18359 19530  2  0 97  0  0
158  0      0 142211072  67732 5788576    0    0     0    16 14144 14476  2  0 97  0  0
159  0      0 142211136  67732 5788672    0    0     0     0 13768 14301  2  0 98  0  0
147  0      0 142211152  67732 5788672    0    0     0     0 13833 14214  2  0 98  0  0
124  0      0 142211392  67732 5788668    0    0     0     0 14632 14569  2  0 97  0  0
procs -----------memory---------- ---swap-- -----io---- -system-- ------cpu-----
 r  b   swpd   free   buff  cache   si   so    bi    bo   in   cs us sy id wa st
102  0      0 142211392  67740 5788664    0    0     0    40 13836 14675  2  0 98  0  0
87  0      0 142211392  67740 5788664    0    0     0    24 13810 15027  2  0 97  0  0
72  0      0 142211392  67740 5788664    0    0     0     0 13784 14208  2  0 98  0  0
54  0      0 142212704  67740 5788668    0    0     0     0 14387 15638  2  0 97  0  0
20  0      0 142210592  67740 5788668    0    0     0     0 14205 15160  2  0 98  0  0
13  0      0 142209792  67744 5788664    0    0     0    64 14650 15648  2  0 97  0  0
10  0      0 142208096  67744 5788700    0    0     0     0 14758 15097  2  0 97  0  0
15  0      0 142208256  67744 5788544    0    0     0     0 14703 15476  2  0 97  0  0
12  0      0 142208624  67744 5788544    0    0     0     0 14266 15329  2  0 98  0  0
14  0      0 142208784  67744 5788544    0    0     0     0 14136 14737  2  0 97  0  0
11  0      0 142208784  67744 5788544    0    0     0     0 14264 14706  2  0 97  0  0
12  0      0 142209376  67748 5788256    0    0     0    40 15691 15944  3  0 97  0  0
12  0      0 142209424  67748 5788256    0    0     0     0 13916 15158  2  0 98  0  0
15  0      0 142209488  67748 5788256    0    0     0     0 13911 14497  2  0 98  0  0
22  0      0 142207376  67748 5788256    0    0     0     0 13999 14594  2  0 97  0  0
12  0      0 142207376  67748 5788256    0    0     0     0 13882 15031  2  0 98  0  0
12  0      0 142207504  67752 5788252    0    0     0    40 13910 14938  2  0 98  0  0
13  0      0 142207504  67752 5788256    0    0     0     0 14004 14801  2  0 98  0  0
11  0      0 142207504  67752 5788256    0    0     0     0 13886 14820  2  0 98  0  0
13  0      0 142207504  67752 5788256    0    0     0     0 13972 14311  2  0 98  0  0
13  0      0 142207680  67752 5788256    0    0     0     0 14876 15030  2  0 97  0  0
procs -----------memory---------- ---swap-- -----io---- -system-- ------cpu-----
 r  b   swpd   free   buff  cache   si   so    bi    bo   in   cs us sy id wa st
12  0      0 142207648  67752 5788256    0    0     0    12 14234 14769  2  0 97  0  0
16  0      0 142207648  67752 5788256    0    0     0     0 14216 14265  2  0 98  0  0
15  0      0 142207648  67752 5788256    0    0     0     0 14034 14347  2  0 97  0  0
26  0      0 142205536  67752 5788256    0    0     0     0 14051 14416  2  0 98  0  0
13  0      0 142205536  67752 5788256    0    0     0     0 14063 14339  2  0 97  0  0
14  0      0 142205536  67756 5788252    0    0     0    40 14050 14755  2  0 98  0  0
14  0      0 142205536  67756 5788252    0    0     0     0 13827 14101  2  0 98  0  0
13  0      0 142205536  67756 5788252    0    0     0     0 13799 14278  2  0 98  0  0
11  0      0 142205536  67756 5788252    0    0     0     0 13814 14034  2  0 98  0  0
11  0      0 142205536  67756 5788252    0    0     0     0 13836 14136  2  0 98  0  0
14  0      0 142202480  67756 5788312    0    0     0    40 15278 14493  2  0 97  0  0
13  0      0 142200352  67756 5788312    0    0     0     0 16151 14316  3  0 97  0  0
10  0      0 142200384  67756 5788316    0    0     0     0 14159 14251  2  0 98  0  0
16  0      0 142199072  67756 5788316    0    0     0     0 14207 14291  2  0 97  0  0
15  0      0 142199504  67756 5788316    0    0     0     0 13925 14001  2  0 98  0  0
12  0      0 142199872  67764 5787960    0    0     0    76 13940 14745  2  0 97  0  0
13  0      0 142199872  67764 5787960    0    0     0     0 13894 13902  2  0 98  0  0
14  0      0 142197568  67764 5790984    0    0     0     0 16047 17192  2  0 97  0  0
16  0      0 142197216  67764 5790976    0    0     0     0 13953 15204  2  0 98  0  0
16  0      0 142197712  67764 5790976    0    0     0     0 14276 15199  2  0 97  0  0
29  0      0 142197600  67764 5790976    0    0     0     0 14508 14760  3  0 97  0  0
procs -----------memory---------- ---swap-- -----io---- -system-- ------cpu-----
 r  b   swpd   free   buff  cache   si   so    bi    bo   in   cs us sy id wa st
24  0      0 142197600  67772 5790968    0    0     0    60 13896 14424  2  0 98  0  0
101  0      0 142197712  67772 5790968    0    0     0     0 13978 14375  2  0 97  0  0
136  0      0 142195072  67772 5790968    0    0     0     0 14040 14767  2  0 98  0  0
160  0      0 142195072  67772 5790968    0    0     0     0 13888 14559  2  0 97  0  0
132  0      0 142195072  67772 5790968    0    0     0     0 13677 14903  2  0 98  0  0
101  0      0 142195072  67772 5790968    0    0     0     0 13590 14624  2  0 97  0  0
74  0      0 142195072  67772 5790968    0    0     0     0 13748 14709  2  0 98  0  0
65  0      0 142195072  67772 5790968    0    0     0     0 13776 14787  2  0 98  0  0
26  0      0 142195200  67772 5790968    0    0     0     0 17001 17463  2  0 98  0  0
20  0      0 142195200  67772 5790968    0    0     0     0 13883 13969  2  0 97  0  0
16  0      0 142195200  67772 5790968    0    0     0     0 13877 14129  2  0 98  0  0
26  0      0 142195200  67772 5790968    0    0     0     0 13836 13977  2  0 98  0  0
32  0      0 142191264  67772 5790968    0    0     0     0 13807 14175  2  0 98  0  0
60  0      0 142192192  67772 5790788    0    0     0     0 15986 15151  2  0 97  0  0
84  0      0 142191968  67772 5790788    0    0     0     0 14261 14900  2  0 98  0  0
99  0      0 142191872  67772 5790788    0    0     0     0 14075 14540  2  0 97  0  0
127  0      0 142191872  67772 5790788    0    0     0     0 13923 14558  2  0 98  0  0
120  0      0 142191472  67772 5790852    0    0     0     0 14547 15411  2  0 97  0  0
83  0      0 142192720  67780 5790844    0    0     0    40 14261 14292  2  0 98  0  0
42  0      0 142192736  67780 5790844    0    0     0    16 14267 14379  2  0 97  0  0
16  0      0 142192736  67780 5790844    0    0     0     0 14136 14106  2  0 97  0  0
procs -----------memory---------- ---swap-- -----io---- -system-- ------cpu-----
 r  b   swpd   free   buff  cache   si   so    bi    bo   in   cs us sy id wa st
48  0      0 142190960  67780 5790852    0    0     0     0 16400 15474  2  0 97  0  0
72  0      0 142188976  67780 5790852    0    0     0     0 13952 14507  2  0 97  0  0
48  0      0 142186048  67780 5790800    0    0     0     0 14742 15002  2  0 97  0  0
21  0      0 142186208  67788 5790792    0    0     0    72 14488 14472  2  0 97  0  0
31  0      0 142186160  67788 5790784    0    0     0     0 14489 14609  2  0 97  0  0
16  0      0 142186336  67796 5790776    0    0     0    32 14103 15092  2  0 98  0  0
16  0      0 142186528  67796 5790776    0    0     0     0 13908 14888  2  0 98  0  0
23  0      0 142186528  67796 5790776    0    0     0     0 14507 13998  3  0 97  0  0
15  0      0 142187360  67796 5790432    0    0     0    24 15110 15292  3  0 97  0  0
12  0      0 142187600  67804 5790424    0    0     0    52 14030 14607  2  0 98  0  0
12  0      0 142187600  67804 5790424    0    0     0     0 13868 15207  2  0 97  0  0
11  0      0 142185328  67804 5790424    0    0     0     0 13825 14700  2  0 98  0  0
12  0      0 142185328  67804 5790424    0    0     0     0 13579 14813  2  0 98  0  0
11  0      0 142185456  67804 5790424    0    0     0     0 13802 14581  2  0 98  0  0
12  0      0 142182784  67804 5791176    0    0     0     0 14076 14725  2  0 97  0  0
11  0      0 142180736  67804 5791176    0    0     0     0 13857 14080  2  0 98  0  0
14  0      0 142176032  67804 5791176    0    0     0     0 13727 14587  2  0 98  0  0
12  0      0 142172496  67804 5793656    0    0     0     0 15072 15186  2  0 97  0  0
10  0      0 142170032  67804 5793448    0    0     0     0 14018 14144  2  0 98  0  0
13  0      0 142165840  67804 5793448    0    0     0     0 13794 14399  2  0 97  0  0
12  0      0 142163792  67804 5793448    0    0     0     0 13735 14405  2  0 98  0  0
procs -----------memory---------- ---swap-- -----io---- -system-- ------cpu-----
 r  b   swpd   free   buff  cache   si   so    bi    bo   in   cs us sy id wa st
13  0      0 142158032  67804 5797208    0    0     0     0 14961 15756  2  0 97  0  0
16  0      0 142153440  67812 5797200    0    0     0    40 13951 14080  2  0 98  0  0
10  0      0 142151264  67812 5797200    0    0     0     0 13852 14797  2  0 97  0  0
13  0      0 142146928  67812 5797200    0    0     0     0 13721 14474  2  0 98  0  0
16  0      0 142142704  67812 5797200    0    0     0     0 13947 14521  2  0 97  0  0
16  0      0 142138368  67812 5797200    0    0     0     0 13684 14235  2  0 98  0  0
14  0      0 142132608  67812 5797200    0    0     0     0 13794 14213  2  0 98  0  0
11  0      0 142124032  67812 5797200    0    0     0     0 13764 14101  2  0 97  0  0
13  0      0 142119824  67812 5797200    0    0     0     0 13737 14583  2  0 98  0  0
14  0      0 142117776  67812 5797200    0    0     0     0 13567 14617  2  0 98  0  0
12  0      0 142115104  67812 5797200    0    0     0     0 13612 14443  2  0 98  0  0
12  0      0 142113056  67812 5797200    0    0     0     0 13622 14724  2  0 98  0  0
13  0      0 142110880  67812 5797200    0    0     0    64 13801 14316  2  0 97  0  0
12  0      0 142110880  67812 5797200    0    0     0     0 13666 14367  2  0 98  0  0
13  0      0 142108320  67812 5797200    0    0     0     0 14650 14850  2  0 97  0  0
14  0      0 142108320  67812 5797200    0    0     0     0 14058 14438  2  0 98  0  0
13  0      0 142106160  67812 5797200    0    0     0     0 14642 14550  3  0 97  0  0
13  0      0 142103984  67820 5797192    0    0     0    40 14159 15174  2  0 97  0  0
17  0      0 142102080  67820 5797676    0    0     0     0 15180 15019  3  0 97  0  0
17  0      0 142101984  67820 5797676    0    0     0     0 13727 14361  2  0 98  0  0
24  0      0 142099488  67820 5797684    0    0     0     0 13996 14556  2  0 98  0  0
procs -----------memory---------- ---swap-- -----io---- -system-- ------cpu-----
 r  b   swpd   free   buff  cache   si   so    bi    bo   in   cs us sy id wa st
85  0      0 142097440  67820 5797684    0    0     0     0 13925 14238  2  0 98  0  0
100  0      0 142093216  67820 5797684    0    0     0     0 14017 14638  2  0 98  0  0
129  0      0 142093568  67824 5797692    0    0     0    52 20289 23533  3  1 96  0  0
154  0      0 142093600  67824 5797692    0    0     0     0 18790 21680  2  0 97  0  0
108  0      0 142091424  67824 5797692    0    0     0     0 14071 14464  2  0 98  0  0
90  0      0 142089264  67824 5797692    0    0     0     0 13711 14845  2  0 98  0  0
87  0      0 142081504  67824 5805636    0    0     0     8 15871 17749  2  0 97  0  0
54  0      0 142079456  67824 5805636    0    0     0     0 14123 14916  2  0 98  0  0
60  0      0 142077168  67824 5805636    0    0     0     0 13912 14944  2  0 97  0  0
83  0      0 142075104  67824 5805636    0    0     0     0 14125 15326  2  0 98  0  0
68  0      0 142073984  67824 5805772    0    0     0     0 16307 16653  2  0 97  0  0
59  0      0 142071264  67828 5805768    0    0     0    40 14340 15167  2  0 97  0  0
52  0      0 142068928  67828 5805824    0    0     0     0 14101 14673  2  0 98  0  0
27  0      0 142066688  67828 5805824    0    0     0     0 14225 14431  2  0 97  0  0
15  0      0 142067744  67828 5805796    0    0     0     0 14351 15222  2  0 97  0  0
11  0      0 142065424  67828 5805800    0    0     0     0 14261 15257  2  0 97  0  0
12  0      0 142065520  67828 5805800    0    0     0     0 13895 14771  2  0 98  0  0
21  0      0 142063472  67828 5805800    0    0     0     0 13784 14752  2  0 97  0  0
12  0      0 142059168  67828 5805796    0    0     0     0 13925 15034  2  0 97  0  0
11  0      0 142059392  67832 5805792    0    0     0    40 14945 15413  2  0 97  0  0
13  0      0 142056352  67832 5805888    0    0     0     0 14749 14896  2  0 97  0  0
procs -----------memory---------- ---swap-- -----io---- -system-- ------cpu-----
 r  b   swpd   free   buff  cache   si   so    bi    bo   in   cs us sy id wa st
12  0      0 142057056  67832 5805888    0    0     0     0 14812 14595  2  0 97  0  0
16  0      0 142055984  67832 5806092    0    0     0     0 14364 14556  2  0 97  0  0
12  0      0 142055776  67832 5806092    0    0     0     0 14394 14648  2  0 97  0  0
11  0      0 142055952  67832 5806092    0    0     0     0 13769 14176  2  0 97  0  0
13  0      0 142055952  67836 5806088    0    0     0    40 14474 14117  3  0 97  0  0
13  0      0 142055888  67836 5806208    0    0     0     0 15067 14716  2  0 97  0  0
11  0      0 142055776  67836 5806256    0    0     0     0 14233 14611  2  0 98  0  0
13  0      0 142055904  67836 5806260    0    0     0     0 13855 14787  2  0 97  0  0
11  0      0 142056096  67836 5806260    0    0     0     0 13862 14654  2  0 98  0  0
12  0      0 142056096  67836 5806260    0    0     0     0 13788 14699  2  0 98  0  0
12  0      0 142056720  67844 5806252    0    0     0    88 14094 14584  2  0 98  0  0
13  0      0 142056720  67844 5806252    0    0     0     0 13832 14762  2  0 97  0  0
12  0      0 142056720  67844 5806252    0    0     0     0 13939 14549  2  0 98  0  0
22  0      0 142056096  67844 5806260    0    0     0     0 13856 14312  2  0 97  0  0
13  0      0 142050320  67844 5812308    0    0     0     0 16756 18256  2  0 97  0  0
12  0      0 142050304  67852 5812300    0    0     0    52 14139 14078  2  0 97  0  0
12  0      0 142050304  67852 5812300    0    0     0     0 13898 14084  2  0 98  0  0
12  0      0 142050304  67852 5812300    0    0     0     0 13768 14986  2  0 97  0  0
13  0      0 142050304  67852 5812300    0    0     0     0 13838 14704  2  0 98  0  0
10  0      0 142050304  67852 5812300    0    0     0     0 13809 14336  2  0 98  0  0
10  0      0 142050304  67852 5812300    0    0     0    24 13764 14713  2  0 98  0  0
procs -----------memory---------- ---swap-- -----io---- -system-- ------cpu-----
 r  b   swpd   free   buff  cache   si   so    bi    bo   in   cs us sy id wa st
12  0      0 142050304  67852 5812300    0    0     0     0 13600 14614  2  0 98  0  0
14  0      0 142050304  67852 5812300    0    0     0     0 13709 14734  2  0 98  0  0
15  0      0 142050304  67852 5812300    0    0     0     0 13769 15144  2  0 97  0  0
13  0      0 142050304  67852 5812300    0    0     0     0 13929 14207  2  0 98  0  0
20  0      0 142047792  67856 5812620    0    0     0    32 14363 14945  2  0 97  0  0
12  0      0 142047008  67860 5812620    0    0     0    52 14805 14915  2  0 97  0  0
15  0      0 142046752  67860 5812620    0    0     0     0 13841 14996  2  0 98  0  0
14  0      0 142047584  67860 5812620    0    0     0     0 13947 14687  2  0 98  0  0
13  0      0 142047600  67860 5812620    0    0     0     0 13718 14242  2  0 98  0  0
16  0      0 142047600  67860 5812620    0    0     0     0 14179 14606  2  0 98  0  0
74  0      0 142047600  67864 5812616    0    0     0    12 13969 14310  2  0 98  0  0
85  0      0 142048096  67864 5812620    0    0     0     0 14772 14658  2  0 97  0  0
80  0      0 142047920  67864 5812620    0    0     0     0 14055 14576  2  0 98  0  0
120  0      0 142047872  67864 5812652    0    0     0     0 14774 14282  3  0 97  0  0
139  0      0 142048000  67864 5812652    0    0     0     0 14155 15368  2  0 98  0  0
132  0      0 142048000  67864 5812652    0    0     0     0 14168 14950  2  0 98  0  0
164  0      0 142048000  67868 5812648    0    0     0    40 14095 14734  2  0 97  0  0
150  0      0 142048000  67868 5812648    0    0     0     0 13855 14061  2  0 98  0  0
120  0      0 142048000  67868 5812648    0    0     0     0 13801 13845  2  0 98  0  0
118  0      0 142048000  67868 5812648    0    0     0    64 13857 14000  2  0 98  0  0
111  0      0 142048000  67868 5812648    0    0     0     0 13956 14514  2  0 97  0  0
procs -----------memory---------- ---swap-- -----io---- -system-- ------cpu-----
 r  b   swpd   free   buff  cache   si   so    bi    bo   in   cs us sy id wa st
74  0      0 142048000  67868 5812648    0    0     0     0 14197 15014  2  0 98  0  0
63  0      0 142047712  67868 5812620    0    0     0     0 14078 14813  2  0 98  0  0
49  0      0 142047744  67868 5812620    0    0     0     0 13946 14596  2  0 97  0  0
27  0      0 142047744  67868 5812620    0    0     0     0 14018 14191  2  0 98  0  0
21  0      0 142047904  67868 5812624    0    0     0     0 13939 14205  2  0 98  0  0
11  0      0 142047904  67868 5812624    0    0     0     0 14017 14424  2  0 97  0  0
16  0      0 142047904  67868 5812624    0    0     0     0 13901 14213  2  0 98  0  0
19  0      0 142039552  67868 5820896    0    0     0     0 15874 14968  2  0 97  0  0
12  0      0 142039376  67868 5820992    0    0     0     0 14050 14288  2  0 98  0  0
12  0      0 142039376  67868 5820992    0    0     0     0 13952 14462  2  0 98  0  0
13  0      0 142039376  67868 5820992    0    0     0     0 13789 14696  2  0 97  0  0
11  0      0 142040160  67868 5820920    0    0     0     0 14755 14960  2  0 97  0  0
13  0      0 142039824  67868 5820952    0    0     0    44 14149 14334  2  0 98  0  0
 9  0      0 142040128  67868 5820952    0    0     0     0 13699 14710  2  0 98  0  0
11  0      0 142040384  67868 5820952    0    0     0     0 13829 14095  2  0 98  0  0
11  0      0 142040512  67868 5820952    0    0     0     0 14064 14540  2  0 97  0  0
13  0      0 142040896  67868 5820956    0    0     0     0 14928 14653  2  0 97  0  0
11  0      0 142039840  67868 5821020    0    0     0     0 14771 14558  2  0 97  0  0
15  0      0 142041248  67868 5821096    0    0     0    40 15020 14446  2  0 97  0  0
15  0      0 142039008  67868 5821128    0    0     0     0 14271 14056  2  0 98  0  0
19  0      0 142034256  67868 5821128    0    0     0     0 14870 14751  2  0 97  0  0
procs -----------memory---------- ---swap-- -----io---- -system-- ------cpu-----
 r  b   swpd   free   buff  cache   si   so    bi    bo   in   cs us sy id wa st
28  0      0 142034528  67872 5821120    0    0     0    64 14002 14557  2  0 98  0  0
13  0      0 142034528  67872 5821124    0    0     0     0 14388 14864  3  0 97  0  0
20  0      0 142034128  67872 5821136    0    0     0     0 14354 16126  2  0 97  0  0
21  0      0 142034160  67872 5821136    0    0     0     0 12832 16396  2  0 97  0  0
22  0      0 142034144  67872 5821136    0    0     0     0 12667 16303  2  0 98  0  0
20  0      0 142034144  67872 5821136    0    0     0     0 12657 16580  2  0 97  0  0
19  0      0 142034144  67872 5821136    0    0     0     0 12849 15505  2  0 98  0  0
19  0      0 142034144  67876 5821132    0    0     0    40 13305 15165  2  0 98  0  0
74  0      0 142030784  67876 5821132    0    0     0     0 13246 14882  2  0 97  0  0
40  0      0 142031056  67876 5821012    0    0     0     0 13157 16145  2  0 98  0  0
40  0      0 142026928  67876 5822080    0    0     0     0 12961 15801  2  0 97  0  0
37  0      0 142025792  67876 5823200    0    0     0     0 13455 16921  2  0 97  0  0
57  0      0 142025280  67876 5823200    0    0     0     0 12823 16682  2  0 97  0  0
39  0      0 142022976  67876 5824988    0    0     0     0 12861 16748  2  0 98  0  0
41  0      0 142020096  67876 5825004    0    0     0     0 13104 16599  2  0 97  0  0
48  0      0 142019488  67876 5825136    0    0     0     0 13262 16621  2  0 97  0  0
34  0      0 142017024  67876 5825140    0    0     0     0 13254 16405  2  0 97  0  0
37  0      0 142014576  67880 5825136    0    0     0    40 13558 16151  2  0 98  0  0
23  0      0 142012288  67880 5825136    0    0     0     0 13439 16405  2  0 97  0  0
33  0      0 142011968  67880 5825136    0    0     0     0 13606 16679  2  0 97  0  0
33  0      0 142010064  67880 5825140    0    0     0     0 13865 16937  2  0 97  0  0
procs -----------memory---------- ---swap-- -----io---- -system-- ------cpu-----
 r  b   swpd   free   buff  cache   si   so    bi    bo   in   cs us sy id wa st
175  0      0 142005408  67880 5825140    0    0     0     0 13547 15951  2  0 97  0  0
31  0      0 141998768  67880 5825140    0    0     0    48 13528 15397  2  0 98  0  0
18  0      0 141998720  67880 5825140    0    0     0     0 14159 18020  2  0 97  0  0
21  0      0 141996800  67880 5825140    0    0     0     0 13791 17427  2  0 97  0  0
15  0      0 141996800  67880 5825140    0    0     0     0 14467 17737  2  0 98  0  0
20  0      0 141990368  67888 5825132    0    0     0    12 13824 15246  2  0 98  0  0
37  0      0 141975664  67888 5825132    0    0     0     0 13936 14923  2  0 97  0  0
16  0      0 141966976  67888 5825132    0    0     0     0 13369 13409  2  0 98  0  0
12  0      0 141961008  67888 5825192    0    0     0     0 14597 14680  2  0 97  0  0
33  0      0 141942160  67888 5825192    0    0     0     0 13850 14144  2  0 97  0  0
20  0      0 141939760  67888 5825204    0    0     0     0 15173 14173  3  0 97  0  0
16  0      0 141922784  67888 5825200    0    0     0    16 14163 13858  2  0 97  0  0
15  0      0 141907872  67888 5825208    0    0     0     0 14182 13708  2  0 98  0  0
35  0      0 141905184  67892 5825204    0    0     0    48 14364 13943  2  0 97  0  0
40  0      0 141893216  67892 5825284    0    0     0     0 13627 12522  2  0 98  0  0
35  0      0 141888480  67892 5825372    0    0     0     0 14470 13775  2  0 98  0  0
41  0      0 141887040  67892 5825372    0    0     0     0 14430 13865  2  0 97  0  0
31  0      0 141887840  67892 5825376    0    0     0     0 25153 23982  3  1 96  0  0
42  0      0 141884512  67892 5825376    0    0     0     0 14414 13994  2  0 98  0  0
32  0      0 141879680  67892 5825376    0    0     0     0 14065 13553  2  0 98  0  0
21  0      0 141873040  67892 5825376    0    0     0     0 14115 14050  2  0 97  0  0
procs -----------memory---------- ---swap-- -----io---- -system-- ------cpu-----
 r  b   swpd   free   buff  cache   si   so    bi    bo   in   cs us sy id wa st
18  0      0 141870656  67892 5825376    0    0     0     0 14036 14313  2  0 98  0  0
15  0      0 141868448  67900 5825368    0    0     0    20 14261 14193  2  0 97  0  0
12  0      0 141865632  67900 5825368    0    0     0     0 13855 13641  2  0 97  0  0
12  0      0 141865632  67900 5825368    0    0     0     0 13813 13787  2  0 98  0  0
12  0      0 141862976  67900 5825388    0    0     0     0 16065 14627  2  0 97  0  0
12  0      0 141860720  67900 5825388    0    0     0     0 14157 13744  2  0 98  0  0
30  0      0 141858624  67900 5825412    0    0     0     0 13945 14124  2  0 98  0  0
38  0      0 141858496  67900 5825416    0    0     0     0 14052 13758  2  0 97  0  0
52  0      0 141857888  67900 5825420    0    0     0     0 14011 14191  2  0 97  0  0
66  0      0 141856128  67908 5825412    0    0     0    40 14952 14209  2  0 97  0  0
64  0      0 141857472  67908 5825384    0    0     0     0 14101 13437  2  0 97  0  0
66  0      0 141856032  67908 5825388    0    0     0     0 14377 14835  2  0 97  0  0
68  0      0 141853584  67908 5825388    0    0     0     0 14633 14813  2  0 97  0  0
115  0      0 141852432  67908 5825488    0    0     0     0 15316 14215  2  0 97  0  0
96  0      0 141850144  67908 5825480    0    0     0     0 14703 14261  2  0 97  0  0
90  0      0 141846192  67908 5825480    0    0     0     8 14877 14679  2  0 97  0  0
84  0      0 141845584  67908 5825480    0    0     0     0 14245 14735  2  0 97  0  0
83  0      0 141844192  67916 5825472    0    0     0    44 14844 15514  2  0 97  0  0
76  0      0 141843264  67916 5825472    0    0     0     0 13939 14855  2  0 97  0  0
75  0      0 141842848  67916 5825472    0    0     0     0 14860 15366  3  0 97  0  0
62  0      0 141841104  67916 5825472    0    0     0     0 15071 15509  2  0 97  0  0
procs -----------memory---------- ---swap-- -----io---- -system-- ------cpu-----
 r  b   swpd   free   buff  cache   si   so    bi    bo   in   cs us sy id wa st
61  0      0 141840544  67916 5825472    0    0     0     0 14171 15284  2  0 97  0  0
58  0      0 141838144  67920 5825468    0    0     0    40 14094 14948  2  0 98  0  0
77  0      0 141837776  67920 5825476    0    0     0     0 14130 15012  2  0 98  0  0
65  0      0 141837536  67920 5825476    0    0     0     0 14033 15494  2  0 98  0  0
67  0      0 141837440  67920 5825476    0    0     0     0 14359 15789  2  0 97  0  0
54  0      0 141835264  67920 5825476    0    0     0     0 14050 15121  2  0 98  0  0
47  0      0 141835120  67920 5825476    0    0     0     0 13977 14830  2  0 97  0  0
37  0      0 141835120  67920 5825476    0    0     0     0 14070 14078  2  0 98  0  0
19  0      0 141834960  67920 5825476    0    0     0     0 14710 14512  2  0 97  0  0
21  0      0 141830720  67920 5825476    0    0     0    36 14513 13801  2  0 97  0  0
23  0      0 141828672  67920 5825476    0    0     0     0 14413 13904  2  0 97  0  0
30  0      0 141828672  67920 5825476    0    0     0     0 14340 14396  2  0 98  0  0
33  0      0 141827152  67920 5825476    0    0     0     0 14400 13541  2  0 97  0  0
31  0      0 141828448  67920 5825732    0    0     0     0 14458 14429  2  0 97  0  0
26  0      0 141827216  67924 5825728    0    0     0    52 14213 14309  2  0 98  0  0
32  0      0 141824928  67924 5825728    0    0     0     0 14214 14206  2  0 97  0  0
28  0      0 141824320  67924 5825728    0    0     0     0 14247 14545  2  0 98  0  0
70  0      0 141823168  67924 5825728    0    0     0     0 14069 13697  2  0 98  0  0
47  0      0 141823040  67924 5825732    0    0     0     0 14735 14601  2  0 97  0  0
39  0      0 141821024  67924 5825732    0    0     0     0 15557 14738  2  0 97  0  0
36  0      0 141820640  67924 5825732    0    0     0     0 14339 14758  2  0 98  0  0
procs -----------memory---------- ---swap-- -----io---- -system-- ------cpu-----
 r  b   swpd   free   buff  cache   si   so    bi    bo   in   cs us sy id wa st
33  0      0 141820320  67924 5825732    0    0     0     0 14072 14591  2  0 98  0  0
32  0      0 141819296  67924 5825732    0    0     0     0 14210 14324  2  0 98  0  0
31  0      0 141819072  67924 5825732    0    0     0     0 14058 14950  2  0 97  0  0
29  0      0 141818272  67924 5825732    0    0     0     4 14443 14703  2  0 98  0  0
27  0      0 141818144  67932 5825724    0    0     0    48 14207 14748  2  0 97  0  0
23  0      0 141817472  67932 5825612    0    0     0     0 14971 15397  2  0 97  0  0
22  0      0 141810992  67932 5825612    0    0     0     0 14307 13907  2  0 98  0  0
16  0      0 141810976  67932 5825612    0    0     0     0 15139 15013  3  0 97  0  0
16  0      0 141810976  67932 5825612    0    0     0    20 14344 14444  2  0 98  0  0
16  0      0 141808800  67932 5825612    0    0     0     0 14433 14158  2  0 97  0  0
14  0      0 141808928  67936 5825612    0    0     0    40 14478 14025  2  0 98  0  0
13  0      0 141808928  67936 5825612    0    0     0     0 14530 14657  2  0 97  0  0
14  0      0 141806944  67936 5825612    0    0     0     0 14350 14434  2  0 98  0  0
14  0      0 141804784  67936 5825612    0    0     0     0 14398 14507  2  0 97  0  0
16  0      0 141804784  67936 5825612    0    0     0     0 14321 14353  2  0 98  0  0
30  0      0 141800688  67936 5825612    0    0     0     0 14494 14560  2  0 97  0  0
15  0      0 141800672  67936 5825624    0    0     0     0 14514 14432  2  0 97  0  0
12  0      0 141796576  67936 5825624    0    0     0     0 14356 14294  2  0 97  0  0
15  0      0 141790304  67936 5825624    0    0     0     0 14176 14163  2  0 98  0  0
35  0      0 141784096  67936 5825624    0    0     0     0 14347 14631  2  0 97  0  0
16  0      0 141782048  67936 5825624    0    0     0     0 14180 14260  2  0 98  0  0
procs -----------memory---------- ---swap-- -----io---- -system-- ------cpu-----
 r  b   swpd   free   buff  cache   si   so    bi    bo   in   cs us sy id wa st
14  0      0 141775776  67936 5825624    0    0     0     0 14192 14009  2  0 97  0  0
14  0      0 141771728  67936 5825620    0    0     0     0 16221 14949  2  0 97  0  0
14  0      0 141777088  67936 5825620    0    0     0     0 14277 13812  2  0 98  0  0
12  0      0 142382304  67936 5825596    0    0     0     0 14158 13590  2  0 97  0  0
16  0      0 142382320  67936 5825596    0    0     0     0 14034 13725  2  0 98  0  0
15  0      0 142382320  67936 5825596    0    0     0     0 13932 13846  2  0 97  0  0
14  0      0 142414032  67936 5793300    0    0     0     0 14711 14432  2  0 97  0  0
14  0      0 142467536  52588 5755416    0    0     0    44 14061 14032  2  0 97  0  0
12  0      0 142475088  45728 5755252    0    0     0     0 14225 13999  2  0 98  0  0
13  0      0 142475088  45728 5755252    0    0     0     0 14121 13869  2  0 98  0  0
11  0      0 142475984  45728 5754028    0    0     0     0 15189 14705  2  0 97  0  0
16  0      0 142475840  45728 5753992    0    0     0     0 14568 14413  2  0 97  0  0
13  0      0 142476592  45736 5753992    0    0     0    68 15097 14290  2  0 97  0  0
16  0      0 142476592  45736 5753992    0    0     0     0 14059 14173  2  0 98  0  0
