procs -----------memory---------- ---swap-- -----io---- -system-- ------cpu-----
 r  b   swpd   free   buff  cache   si   so    bi    bo   in   cs us sy id wa st
 0  1      0 378140032      0 7921300    0    0     0     0    1    1  0  0 100  0  0
 0  1      0 378140544      0 7921336    0    0     0     0  465  726  0  0 99  1  0
 0  1      0 378140608      0 7921336    0    0     0     0  303  351  0  0 99  1  0
 0  1      0 378141184      0 7921336    0    0     0     0  420  423  0  0 99  1  0
 2  0      0 378013632   7920 8013168    0    0  7887     0 19071 44438  0  0 99  0  0
 2  0      0 377774208  21312 8145216    0    0 13323     0 43357 79050  1  0 98  0  0
 3  0      0 377727392  21312 8187648    0    0     0     0 25464 176560  2  0 98  0  0
 5  0      0 377726400  21312 8190288    0    0     0     0 9155 186108  2  0 98  0  0
 4  0      0 377670464  21312 8220916    0    0     0     0 38165 175366  3  0 97  0  0
 4  0      0 377657024  21312 8236980    0    0     0     0 12288 175047  2  0 97  0  0
 4  0      0 377655776  21312 8239972    0    0     0     0 9235 168391  2  0 97  0  0
 4  0      0 377655776  21312 8239972    0    0     0     0 8033 166821  2  0 97  0  0
 0  0      0 377626592  21312 8243324    0    0     0     0 10965 48283  1  0 99  0  0
 0  0      0 377626912  21312 8243324    0    0     0     0  397  700  0  0 100  0  0
 0  0      0 377627296  21312 8243324    0    0     0     0  196  293  0  0 100  0  0
 0  0      0 377623232  21312 8243324    0    0     0     0 10103 8579  0  0 99  0  0
 0  0      0 377627872  21312 8243340    0    0     0     0 5815 9600  0  0 100  0  0
 0  0      0 377627872  21312 8243340    0    0     0     0  890 1442  0  0 100  0  0
 0  0      0 377628480  21312 8243340    0    0     0     0  276  351  0  0 100  0  0
 0  1      0 377618752  21312 8243340    0    0     0     0  845 1390  0  0 100  0  0
 0  1      0 377615136  21312 8243448    0    0     0     0  957 1494  0  0 99  1  0
procs -----------memory---------- ---swap-- -----io---- -system-- ------cpu-----
 r  b   swpd   free   buff  cache   si   so    bi    bo   in   cs us sy id wa st
 0  1      0 377614720  21312 8243448    0    0     0     0  597  956  0  0 99  1  0
 1  0      0 377583456  21344 8251688    0    0    31     0 3125 1856  1  0 99  0  0
 1  0      0 377532992  21344 8243552    0    0     0     0 6261 16369  0  0 99  0  0
 1  0      0 377487264  21344 8252576    0    0     0     0 6213 6489  1  0 99  0  0
 0  0      0 377543200  21344 8194312    0    0     0     0 8688 3738  1  0 99  0  0
 0  0      0 377660864  21344 8193840    0    0     0     0  694 1035  0  0 100  0  0
 0  0      0 377663936  21344 8193840    0    0     0     0  304  384  0  0 100  0  0
 0  0      0 377663936  21344 8193840    0    0     0     0  334  392  0  0 100  0  0
 0  0      0 377664256  21344 8193840    0    0     0     0  529  816  0  0 100  0  0
 0  0      0 377664192  21344 8193840    0    0     0     0  368  588  0  0 100  0  0
 0  0      0 377665344  21344 8193844    0    0     0     0  550 1361  0  0 100  0  0
 0  0      0 377664992  21344 8193844    0    0     0     0  531  514  0  0 100  0  0
 1  0      0 377665408  21344 8193848    0    0     0     0  537  913  0  0 100  0  0
 0  0      0 377665408  21344 8193848    0    0     0     0  318  470  0  0 100  0  0
 0  0      0 377665824  21344 8193848    0    0     0     0  430  536  0  0 100  0  0
 0  0      0 377665792  21344 8193848    0    0     0     0  293  364  0  0 100  0  0
 0  0      0 377665696  21344 8193848    0    0     0     0  464  742  0  0 100  0  0
 0  0      0 377665664  21344 8193848    0    0     0     0  284  387  0  0 100  0  0
 0  0      0 377666208  21344 8193848    0    0     0     0  283  410  0  0 100  0  0
 0  0      0 377666176  21344 8193848    0    0     0     0  400  768  0  0 100  0  0
 0  0      0 377666848  21344 8193852    0    0     0     0  466  782  0  0 100  0  0
procs -----------memory---------- ---swap-- -----io---- -system-- ------cpu-----
 r  b   swpd   free   buff  cache   si   so    bi    bo   in   cs us sy id wa st
 0  0      0 377666848  21344 8193852    0    0     0     0  284  408  0  0 100  0  0
 0  0      0 377667616  21344 8193856    0    0     0     0  269  444  0  0 100  0  0
 0  0      0 377667616  21344 8193856    0    0     0     0  317  480  0  0 100  0  0
 0  0      0 377667744  21344 8193860    0    0     0     0  542  884  0  0 100  0  0
 0  0      0 377667712  21344 8193860    0    0     0     0  239  330  0  0 100  0  0
 0  0      0 377667872  21344 8193860    0    0     0     0  218  345  0  0 100  0  0
 0  0      0 377667840  21344 8193860    0    0     0     0  269  368  0  0 100  0  0
 0  0      0 377667872  21344 8193860    0    0     0     0  435  750  0  0 100  0  0
 0  0      0 377667872  21344 8193860    0    0     0     0  289  566  0  0 100  0  0
 0  0      0 377667520  21344 8193860    0    0     0     0  406  769  0  0 100  0  0
 0  0      0 377664896  21344 8193860    0    0     0     0  367  460  0  0 100  0  0
 0  0      0 377665024  21344 8193864    0    0     0     0  424  782  0  0 100  0  0
 0  0      0 377665280  21344 8193864    0    0     0     0  256  422  0  0 100  0  0
 0  0      0 377665376  21344 8193864    0    0     0     0  358  467  0  0 100  0  0
 0  0      0 377665344  21344 8193864    0    0     0     0  520 1270  0  0 100  0  0
 0  0      0 377665472  21344 8193864    0    0     0     0  430  720  0  0 100  0  0
 0  0      0 377665440  21344 8193864    0    0     0     0  275  360  0  0 100  0  0
 0  0      0 377665440  21344 8193864    0    0     0     0  295  408  0  0 100  0  0
 0  0      0 377665440  21344 8193864    0    0     0     0  559  734  0  0 100  0  0
 0  0      0 377665440  21344 8193868    0    0     0     0  445  766  0  0 100  0  0
 0  0      0 377662976  21344 8193868    0    0     0     0  351  473  0  0 100  0  0
procs -----------memory---------- ---swap-- -----io---- -system-- ------cpu-----
 r  b   swpd   free   buff  cache   si   so    bi    bo   in   cs us sy id wa st
 0  0      0 377663360  21344 8193868    0    0     0     0  376  537  0  0 100  0  0
 0  0      0 377663360  21344 8193868    0    0     0     0  288  482  0  0 100  0  0
 0  0      0 377663584  21344 8193872    0    0     0     0  595 1036  0  0 100  0  0
 0  0      0 377663584  21344 8193872    0    0     0     0  249  353  0  0 100  0  0
 0  0      0 377663616  21344 8193872    0    0     0     0  241  362  0  0 100  0  0
 0  0      0 377663584  21344 8193872    0    0     0     0  280  438  0  0 100  0  0
 0  0      0 377663616  21344 8193872    0    0     0     0  365  686  0  0 100  0  0
 0  0      0 377663584  21344 8193872    0    0     0     0  399  705  0  0 100  0  0
 0  0      0 377663872  21344 8193876    0    0     0     0  241  394  0  0 100  0  0
 0  0      0 377662688  21344 8193876    0    0     0     0  284  448  0  0 100  0  0
 0  0      0 377663456  21344 8193880    0    0     0     0  504  906  0  0 100  0  0
 0  0      0 377663456  21344 8193880    0    0     0     0  270  382  0  0 100  0  0
 0  0      0 377663552  21344 8193880    0    0     0     0  497  872  0  0 100  0  0
 0  0      0 377663552  21344 8193880    0    0     0     0  293  382  0  0 100  0  0
 0  0      0 377663552  21344 8193880    0    0     0     0  434  706  0  0 100  0  0
 0  0      0 377663552  21344 8193880    0    0     0     0  322  382  0  0 100  0  0
 0  0      0 377663584  21344 8193880    0    0     0     0  304  400  0  0 100  0  0
 0  0      0 377663616  21344 8193880    0    0     0     0  702 1610  0  0 100  0  0
 0  0      0 377663744  21344 8193884    0    0     0     0  575  801  0  0 100  0  0
 0  0      0 377661696  21344 8193884    0    0     0     0  326  498  0  0 100  0  0
 0  0      0 377662336  21344 8193884    0    0     0     0  331  547  0  0 100  0  0
procs -----------memory---------- ---swap-- -----io---- -system-- ------cpu-----
 r  b   swpd   free   buff  cache   si   so    bi    bo   in   cs us sy id wa st
 0  0      0 377662336  21344 8193884    0    0     0     0  299  440  0  0 100  0  0
 0  0      0 377662112  21344 8193888    0    0     0     0  671 1156  0  0 100  0  0
 0  0      0 377662080  21344 8193888    0    0     0     0  271  342  0  0 100  0  0
 0  0      0 377662368  21344 8193892    0    0     0     0  258  352  0  0 100  0  0
 0  0      0 377662336  21344 8193892    0    0     0     0  348  432  0  0 100  0  0
 0  0      0 377662688  21344 8193892    0    0     0     0  824  748  0  0 100  0  0
 0  1      0 377662688  21344 8193892    0    0     0     0  564  915  0  0 100  0  0
 0  1      0 377662816  21344 8193892    0    0     0     0  341  471  0  0 99  1  0
 0  1      0 377660576  21344 8193892    0    0     0     0  376  499  0  0 99  1  0
 0  0      0 377660960  21344 8193892    0    0     0     0  658 1127  0  0 100  0  0
 0  0      0 377660960  21344 8193892    0    0     0     0  343  466  0  0 100  0  0
 0  0      0 377661312  21344 8193896    0    0     0     0  406  590  0  0 100  0  0
 0  0      0 377661376  21344 8193896    0    0     0     0  292  398  0  0 100  0  0
 0  0      0 377661536  21344 8193896    0    0     0     0  400  692  0  0 100  0  0
 0  0      0 377661504  21344 8193896    0    0     0     0  271  358  0  0 100  0  0
 0  0      0 377661536  21344 8193896    0    0     0     0  273  404  0  0 100  0  0
 0  0      0 377661536  21344 8193896    0    0     0     0  468 1031  0  0 100  0  0
 0  0      0 377661632  21344 8193900    0    0     0     0  440  737  0  0 100  0  0
 0  0      0 377658912  21344 8193900    0    0     0     0  245  382  0  0 100  0  0
 0  0      0 377659296  21344 8193900    0    0     0     0  326  607  0  0 100  0  0
 0  0      0 377659296  21344 8193900    0    0     0     0  296  430  0  0 100  0  0
procs -----------memory---------- ---swap-- -----io---- -system-- ------cpu-----
 r  b   swpd   free   buff  cache   si   so    bi    bo   in   cs us sy id wa st
 0  0      0 377659744  21344 8193904    0    0     0     0  774 1686  0  0 100  0  0
 0  0      0 377659712  21344 8193904    0    0     0     0  287  362  0  0 100  0  0
 0  0      0 377655296  21344 8193904    0    0     0     0 1544 1060  0  0 100  0  0
 0  0      0 377655520  21344 8193904    0    0     0     0  320  447  0  0 100  0  0
 0  0      0 377655552  21344 8193904    0    0     0     0  465  789  0  0 100  0  0
 0  0      0 377656160  21344 8193904    0    0     0     0  535  721  0  0 100  0  0
 0  0      0 377656640  21344 8193908    0    0     0     0  273  440  0  0 100  0  0
 0  0      0 377654368  21344 8193908    0    0     0     0  340  479  0  0 100  0  0
 0  0      0 377655040  21344 8193908    0    0     0     0  490  860  0  0 100  0  0
 0  0      0 377655040  21344 8193908    0    0     0     0  251  384  0  0 100  0  0
 0  0      0 377655040  21344 8193908    0    0     0     0  399  641  0  0 100  0  0
 0  0      0 377655040  21344 8193908    0    0     0     0  350  436  0  0 100  0  0
 0  0      0 377655168  21344 8193908    0    0     0     0  438  694  0  0 100  0  0
 0  0      0 377655168  21344 8193908    0    0     0     0  312  379  0  0 100  0  0
 0  0      0 377655168  21344 8193908    0    0     0     0  279  390  0  0 100  0  0
 0  0      0 377655296  21344 8193908    0    0     0     0  438  750  0  0 100  0  0
 0  0      0 377655296  21344 8193908    0    0     0     0  472  731  0  0 100  0  0
 0  0      0 377654304  21344 8193912    0    0     0     0  332  449  0  0 100  0  0
 0  0      0 377654784  21344 8193916    0    0     0     0  396  577  0  0 100  0  0
 0  0      0 377654912  21344 8193916    0    0     0     0  426  545  0  0 100  0  0
 0  0      0 377654944  21344 8193916    0    0     0     0  643 1151  0  0 100  0  0
procs -----------memory---------- ---swap-- -----io---- -system-- ------cpu-----
 r  b   swpd   free   buff  cache   si   so    bi    bo   in   cs us sy id wa st
 0  0      0 377655040  21344 8193916    0    0     0     0  310  380  0  0 100  0  0
 0  0      0 377655040  21344 8193916    0    0     0     0  273  352  0  0 100  0  0
 0  0      0 377655136  21344 8193916    0    0     0     0  341  479  0  0 100  0  0
 0  0      0 377655136  21344 8193916    0    0     0     0  465  722  0  0 100  0  0
 1  0      0 377655392  21344 8193920    0    0     0     0  658 1518  0  0 100  0  0
 0  0      0 377655392  21344 8193920    0    0     0     0  213  327  0  0 100  0  0
 0  0      0 377652864  21344 8193924    0    0     0     0  259  454  0  0 100  0  0
 0  0      0 377653120  21344 8193924    0    0     0     0  428  794  0  0 100  0  0
 0  0      0 377653952  21344 8193928    0    0     0     0  272  423  0  0 100  0  0
 0  0      0 377654528  21344 8193928    0    0     0     0 11245 10075  0  0 99  0  0
 0  0      0 377656640  21344 8193928    0    0     0     0 5685 9074  0  0 100  0  0
 0  0      0 377656736  21344 8193928    0    0     0     0 1343 2130  0  0 100  0  0
 0  0      0 377658304  21344 8193928    0    0     0     0  394  531  0  0 100  0  0
 0  0      0 377658720  21344 8193928    0    0     0     0  294  395  0  0 100  0  0
 0  0      0 377656416  21344 8193928    0    0     0     0 1431 1441  0  0 100  0  0
 0  0      0 377655552  21344 8193928    0    0     0     0  469  646  0  0 100  0  0
 0  0      0 377654048  21344 8193932    0    0     0     0  370  480  0  0 100  0  0
 0  0      0 377654176  21344 8193932    0    0     0     0  467  659  0  0 100  0  0
 0  0      0 377654688  21344 8193936    0    0     0     0  813  691  0  0 100  0  0
 0  0      0 377720704  21344 8193936    0    0     0     0 1046 1377  0  0 100  0  0
 0  0      0 377723840  21344 8193936    0    0     0     0  305  366  0  0 100  0  0
procs -----------memory---------- ---swap-- -----io---- -system-- ------cpu-----
 r  b   swpd   free   buff  cache   si   so    bi    bo   in   cs us sy id wa st
 0  0      0 377723840  21344 8193936    0    0     0     0  304  410  0  0 100  0  0
 0  0      0 377724192  21344 8193936    0    0     0     0  360  492  0  0 100  0  0
 0  0      0 377724352  21344 8193936    0    0     0     0  423  680  0  0 100  0  0
 0  0      0 377724352  21344 8193936    0    0     0     0  514 1094  0  0 100  0  0
 0  0      0 377724640  21344 8193936    0    0     0     0  289  354  0  0 100  0  0
 0  0      0 377722656  21344 8193940    0    0     0     0  402  551  0  0 100  0  0
 0  0      0 377722656  21344 8193940    0    0     0     0  662 1043  0  0 100  0  0
 0  0      0 377723648  21344 8193940    0    0     0     0  381  495  0  0 100  0  0
 0  0      0 377723648  21344 8193940    0    0     0     0  622 1367  0  0 100  0  0
 0  0      0 377723776  21344 8193940    0    0     0     0  359  470  0  0 100  0  0
 0  0      0 377724192  21344 8193940    0    0     0     0  464  675  0  0 100  0  0
 0  0      0 377724192  21344 8193940    0    0     0     0  472  436  0  0 100  0  0
 0  0      0 377724352  21344 8193940    0    0     0     0  302  396  0  0 100  0  0
 0  0      0 377724768  21344 8193940    0    0     0     0  446  845  0  0 100  0  0
 0  0      0 377725024  21344 8193944    0    0     0     0  443  666  0  0 100  0  0
 0  0      0 377723264  21344 8193944    0    0     0     0  308  410  0  0 100  0  0
 0  0      0 377723616  21344 8193944    0    0     0     0  332  567  0  0 100  0  0
 0  0      0 377723712  21344 8193948    0    0     0     0  344  491  0  0 100  0  0
 0  0      0 377723840  21344 8193948    0    0     0     0  704  926  0  0 100  0  0
 0  0      0 377723808  21344 8193948    0    0     0     0  272  372  0  0 100  0  0
 0  0      0 377723936  21344 8193948    0    0     0     0  252  400  0  0 100  0  0
procs -----------memory---------- ---swap-- -----io---- -system-- ------cpu-----
 r  b   swpd   free   buff  cache   si   so    bi    bo   in   cs us sy id wa st
 0  0      0 377723936  21344 8193948    0    0     0     0  334  468  0  0 100  0  0
 0  0      0 377723968  21344 8193948    0    0     0     0  401  700  0  0 100  0  0
 0  0      0 377723968  21344 8193948    0    0     0     0  421 1038  0  0 100  0  0
 0  0      0 377723968  21344 8193952    0    0     0     0  245  345  0  0 100  0  0
 0  0      0 377722816  21344 8193952    0    0     0     0  325  502  0  0 100  0  0
 0  0      0 377723520  21344 8193952    0    0     0     0  472  881  0  0 100  0  0
 0  0      0 377723520  21344 8193956    0    0     0     0  258  346  0  0 100  0  0
 0  0      0 377723520  21344 8193956    0    0     0     0  356  434  0  0 100  0  0
 0  0      0 377723520  21344 8193956    0    0     0     0  378  469  0  0 100  0  0
 0  0      0 377723520  21344 8193956    0    0     0     0  475  726  0  0 100  0  0
 0  0      0 377723520  21344 8193956    0    0     0     0  564 1197  0  0 100  0  0
 0  0      0 377723520  21344 8193956    0    0     0     0  267  384  0  0 100  0  0
 0  0      0 377723712  21344 8193960    0    0     0     0  472 1038  0  0 100  0  0
 0  0      0 377723808  21344 8193960    0    0     0     0  375  598  0  0 100  0  0
 0  0      0 377721760  21344 8193960    0    0     0     0  329  465  0  0 100  0  0
 0  0      0 377722208  21344 8193960    0    0     0     0  419  666  0  0 100  0  0
 0  0      0 377722624  21344 8193964    0    0     0     0  430  642  0  0 100  0  0
 1  0      0 377722720  21344 8193964    0    0     0     0  521  760  0  0 100  0  0
 0  0      0 377722784  21344 8193964    0    0     0     0  243  323  0  0 100  0  0
 0  0      0 377722784  21344 8193964    0    0     0     0  232  342  0  0 100  0  0
 0  0      0 377722752  21344 8193964    0    0     0     0  381  555  0  0 100  0  0
procs -----------memory---------- ---swap-- -----io---- -system-- ------cpu-----
 r  b   swpd   free   buff  cache   si   so    bi    bo   in   cs us sy id wa st
 0  0      0 377722752  21344 8193964    0    0     0     0  499  903  0  0 100  0  0
 0  0      0 377723040  21344 8193964    0    0     0     0  458  648  0  0 100  0  0
 0  0      0 377723392  21344 8193964    0    0     0     0  235  372  0  0 100  0  0
 0  0      0 377723392  21344 8193968    0    0     0     0  358  560  0  0 100  0  0
 0  0      0 377723392  21344 8193968    0    0     0     0  515  854  0  0 100  0  0
 1  0      0 377723392  21344 8193968    0    0     0     0  317  398  0  0 100  0  0
 0  0      0 377723392  21344 8193968    0    0     0     0  455  803  0  0 100  0  0
 0  0      0 377723488  21344 8193968    0    0     0     0  340  458  0  0 100  0  0
 0  0      0 377723520  21344 8193968    0    0     0     0  406  606  0  0 100  0  0
 0  0      0 377723520  21344 8193968    0    0     0     0  467  434  0  0 100  0  0
 0  0      0 377722400  21344 8193968    0    0     0     0  512  543  0  0 100  0  0
 0  0      0 377721024  21344 8193976    0    0     0     0 1806 2015  0  0 100  0  0
 0  0      0 377721664  21344 8193980    0    0     0     0  359  570  0  0 100  0  0
 0  0      0 377721568  21344 8193980    0    0     0     0  276  441  0  0 100  0  0
 0  0      0 377721600  21344 8193984    0    0     0     0  450 1086  0  0 100  0  0
 0  0      0 377721568  21344 8193984    0    0     0     0  516  790  0  0 100  0  0
 0  0      0 377721792  21344 8193984    0    0     0     0  504  696  0  0 100  0  0
 0  0      0 377721760  21344 8193984    0    0     0     0  267  322  0  0 100  0  0
 0  0      0 377721792  21344 8193984    0    0     0     0  282  358  0  0 100  0  0
 0  0      0 377721920  21344 8193984    0    0     0     0  419  564  0  0 100  0  0
 0  0      0 377721920  21344 8193984    0    0     0     0  505  815  0  0 100  0  0
procs -----------memory---------- ---swap-- -----io---- -system-- ------cpu-----
 r  b   swpd   free   buff  cache   si   so    bi    bo   in   cs us sy id wa st
 1  0      0 377721920  21344 8193984    0    0     0     0  390  617  0  0 100  0  0
 0  0      0 377721920  21344 8193988    0    0     0     0  249  328  0  0 100  0  0
 0  0      0 377719872  21344 8193988    0    0     0     0  410  635  0  0 100  0  0
 0  0      0 377720128  21344 8193988    0    0     0     0  564  938  0  0 100  0  0
 0  0      0 377720128  21344 8193988    0    0     0     0  438  613  0  0 100  0  0
 1  0      0 377720128  21344 8193988    0    0     0     0  347  414  0  0 100  0  0
 0  0      0 377720256  21344 8193988    0    0     0     0  324  459  0  0 100  0  0
 0  0      0 377720256  21344 8193988    0    0     0     0  464  630  0  0 100  0  0
 0  0      0 377720256  21344 8193992    0    0     0     0  344  390  0  0 100  0  0
 0  0      0 377720256  21344 8193992    0    0     0     0  304  448  0  0 100  0  0
 0  0      0 377720608  21344 8193996    0    0     0     0  502  898  0  0 100  0  0
 0  0      0 377720640  21344 8193996    0    0     0     0  345  536  0  0 100  0  0
 0  0      0 377720608  21344 8193996    0    0     0     0  345  547  0  0 100  0  0
 0  0      0 377720608  21344 8194000    0    0     0     0  343  532  0  0 100  0  0
 0  0      0 377720608  21344 8194000    0    0     0     0  390  558  0  0 100  0  0
 0  0      0 377720736  21344 8194000    0    0     0     0  806 1598  0  0 100  0  0
 0  0      0 377720768  21344 8194000    0    0     0     0  243  312  0  0 100  0  0
 0  0      0 377720768  21344 8194000    0    0     0     0  261  340  0  0 100  0  0
 0  0      0 377720768  21344 8194000    0    0     0     0  470  556  0  0 100  0  0
 0  0      0 377720480  21344 8194000    0    0     0     0  412  664  0  0 100  0  0
 0  0      0 377720512  21344 8194000    0    0     0     0  397  652  0  0 100  0  0
procs -----------memory---------- ---swap-- -----io---- -system-- ------cpu-----
 r  b   swpd   free   buff  cache   si   so    bi    bo   in   cs us sy id wa st
 0  0      0 377720480  21344 8194004    0    0     0     0  274  370  0  0 100  0  0
 0  0      0 377711648  21344 8194004    0    0     0     0  671  803  0  0 100  0  0
 0  0      0 377712288  21344 8194004    0    0     0     0  445  718  0  0 100  0  0
 0  0      0 377712288  21344 8194004    0    0     0     0  353  495  0  0 100  0  0
 0  0      0 377712416  21344 8194008    0    0     0     0  431  469  0  0 100  0  0
 0  0      0 377712416  21344 8194008    0    0     0     0  416  532  0  0 100  0  0
 0  0      0 377712448  21344 8194008    0    0     0     0  418  586  0  0 100  0  0
 0  0      0 377712448  21344 8194008    0    0     0     0  338  375  0  0 100  0  0
 0  0      0 377712416  21344 8194008    0    0     0     0  361  599  0  0 100  0  0
 0  0      0 377712448  21344 8194008    0    0     0     0  519  835  0  0 100  0  0
 0  0      0 377712416  21344 8194008    0    0     0     0  391  552  0  0 100  0  0
 0  0      0 377702912  21344 8194008    0    0     0     0  371  477  0  0 100  0  0
 0  0      0 377704288  21344 8194012    0    0     0     0  431  609  0  0 100  0  0
 0  0      0 377704384  21344 8194012    0    0     0     0  456  660  0  0 100  0  0
 0  0      0 377704480  21344 8194012    0    0     0     0  541  769  0  0 100  0  0
 1  0      0 377704480  21344 8194012    0    0     0     0  268  337  0  0 100  0  0
 0  0      0 377704512  21344 8194012    0    0     0     0  302  367  0  0 100  0  0
 0  0      0 377704512  21344 8194012    0    0     0     0  440  586  0  0 100  0  0
 0  0      0 377704512  21344 8194012    0    0     0     0  384  649  0  0 100  0  0
 0  0      0 377704512  21344 8194012    0    0     0     0  631 1656  0  0 100  0  0
 0  0      0 377704544  21344 8194012    0    0     0     0  293  377  0  0 100  0  0
procs -----------memory---------- ---swap-- -----io---- -system-- ------cpu-----
 r  b   swpd   free   buff  cache   si   so    bi    bo   in   cs us sy id wa st
 0  0      0 377696576  21344 8194016    0    0     0     0  392  620  0  0 100  0  0
 0  0      0 377697536  21344 8194016    0    0     0     0  398  694  0  0 100  0  0
 0  0      0 377697664  21344 8194016    0    0     0     0  300  395  0  0 100  0  0
 1  0      0 377697664  21344 8194020    0    0     0     0 27491 12637  0  0 99  0  0
 0  0      0 377697664  21344 8194020    0    0     0     0 1847 2957  0  0 100  0  0
 0  0      0 377696288  21344 8194020    0    0     0     0  351  684  0  0 100  0  0
 0  0      0 377696416  21344 8194020    0    0     0     0  377  466  0  0 100  0  0
 0  0      0 377694208  21344 8194020    0    0     0     0 1191  957  0  0 100  0  0
 0  0      0 377694080  21344 8194020    0    0     0     0  525  834  0  0 100  0  0
 0  0      0 377694880  21344 8194024    0    0     0     0  376  552  0  0 100  0  0
 0  0      0 377683136  21344 8194024    0    0     0     0  406  492  0  0 100  0  0
 0  0      0 377684448  21344 8194032    0    0     0     0  363  528  0  0 100  0  0
 1  0      0 377685376  21344 8194032    0    0     0     0 1868 1234  0  0 100  0  0
 0  0      0 377687328  21344 8194032    0    0     0     0  460  606  0  0 100  0  0
 0  0      0 377687328  21344 8194032    0    0     0     0  258  323  0  0 100  0  0
 0  0      0 377687296  21344 8194032    0    0     0     0  326  414  0  0 100  0  0
 0  0      0 377687296  21344 8194032    0    0     0     0  441  642  0  0 100  0  0
 0  0      0 377687552  21344 8194032    0    0     0     0  391  612  0  0 100  0  0
 0  0      0 377687584  21344 8194032    0    0     0     0  367  686  0  0 100  0  0
 0  0      0 377687584  21344 8194036    0    0     0     0  309  393  0  0 100  0  0
 0  0      0 377674752  21344 8194036    0    0     0     0  524  739  0  0 100  0  0
procs -----------memory---------- ---swap-- -----io---- -system-- ------cpu-----
 r  b   swpd   free   buff  cache   si   so    bi    bo   in   cs us sy id wa st
 0  0      0 377675392  21344 8194036    0    0     0     0  495  776  0  0 100  0  0
 0  0      0 377675520  21344 8194036    0    0     0     0  404  537  0  0 100  0  0
 0  0      0 377675552  21344 8194040    0    0     0     0  710 1486  0  0 100  0  0
 1  0      0 377675552  21344 8194040    0    0     0     0  413  576  0  0 100  0  0
 0  0      0 377675904  21344 8194040    0    0     0     0  627  631  0  0 100  0  0
 0  0      0 377675904  21344 8194040    0    0     0     0  406  553  0  0 100  0  0
 0  0      0 377675904  21344 8194040    0    0     0     0  329  516  0  0 100  0  0
 1  0      0 377676160  21344 8194040    0    0     0     0  546 1043  0  0 100  0  0
 1  0      0 377664896  21344 8194040    0    0     0     0  405  541  0  0 100  0  0
 0  0      0 377660768  21344 8194040    0    0     0     0  370  465  0  0 100  0  0
 0  0      0 377661696  21344 8194044    0    0     0     0  448  615  0  0 100  0  0
 0  0      0 377661824  21344 8194044    0    0     0     0  497  699  0  0 100  0  0
 0  0      0 377661824  21344 8194044    0    0     0     0  443  698  0  0 100  0  0
 0  0      0 377661920  21344 8194044    0    0     0     0  262  398  0  0 100  0  0
 0  0      0 377661952  21344 8194044    0    0     0     0  288  366  0  0 100  0  0
 0  0      0 377662048  21344 8194044    0    0     0     0  444  663  0  0 100  0  0
 0  0      0 377662048  21344 8194044    0    0     0     0  396  684  0  0 100  0  0
 0  0      0 377662048  21344 8194044    0    0     0     0  310  556  0  0 100  0  0
 0  0      0 377652448  21344 8194048    0    0     0     0  296  424  0  0 100  0  0
 0  0      0 377652416  21344 8194048    0    0     0     0  443  732  0  0 100  0  0
 0  0      0 377653632  21344 8194048    0    0     0     0  426  706  0  0 100  0  0
procs -----------memory---------- ---swap-- -----io---- -system-- ------cpu-----
 r  b   swpd   free   buff  cache   si   so    bi    bo   in   cs us sy id wa st
 0  0      0 377653632  21344 8194048    0    0     0     0  329  461  0  0 100  0  0
 0  0      0 377653632  21344 8194052    0    0     0     0  300  447  0  0 100  0  0
 0  0      0 377653632  21344 8194052    0    0     0     0  369  565  0  0 100  0  0
 0  0      0 377653632  21344 8194052    0    0     0     0  349  496  0  0 100  0  0
 0  0      0 377653632  21344 8194052    0    0     0     0  356  456  0  0 100  0  0
 0  0      0 377653632  21344 8194052    0    0     0     0  322  490  0  0 100  0  0
 0  0      0 377653632  21344 8194052    0    0     0     0  748 1746  0  0 100  0  0
 0  0      0 377640512  21344 8194056    0    0     0     0  401  573  0  0 100  0  0
 0  0      0 377640480  21344 8194056    0    0     0     0  361  427  0  0 100  0  0
 0  0      0 377641216  21344 8194056    0    0     0     0  324  542  0  0 100  0  0
 0  0      0 377641216  21344 8194056    0    0     0     0  592  755  0  0 100  0  0
 0  0      0 377641472  21344 8194056    0    0     0     0  435  766  0  0 100  0  0
 1  0      0 377641568  21344 8194056    0    0     0     0  272  344  0  0 100  0  0
 0  0      0 377641600  21344 8194060    0    0     0     0  225  337  0  0 100  0  0
 0  0      0 377641600  21344 8194060    0    0     0     0  450  755  0  0 100  0  0
 0  0      0 377641632  21344 8194060    0    0     0     0  357  606  0  0 100  0  0
 0  0      0 377641664  21344 8194060    0    0     0     0  416  723  0  0 100  0  0
 0  0      0 377635136  21344 8194064    0    0     0     0  391  498  0  0 100  0  0
 0  0      0 377635136  21344 8194064    0    0     0     0  446  656  0  0 100  0  0
 0  0      0 377636224  21344 8194064    0    0     0     0  436  714  0  0 100  0  0
 0  0      0 377636224  21344 8194064    0    0     0     0  306  427  0  0 100  0  0
procs -----------memory---------- ---swap-- -----io---- -system-- ------cpu-----
 r  b   swpd   free   buff  cache   si   so    bi    bo   in   cs us sy id wa st
 0  0      0 377636256  21344 8194068    0    0     0     0  354  471  0  0 100  0  0
 0  0      0 377636256  21344 8194068    0    0     0     0  398  626  0  0 100  0  0
 0  0      0 377636256  21344 8194068    0    0     0     0  252  434  0  0 100  0  0
 0  0      0 377636256  21344 8194068    0    0     0     0  337  482  0  0 100  0  0
 0  0      0 377636480  21344 8194068    0    0     0     0  295  481  0  0 100  0  0
 0  0      0 377636448  21344 8194068    0    0     0     0  487  903  0  0 100  0  0
 0  0      0 377636480  21344 8194072    0    0     0     0  307  494  0  0 100  0  0
 0  0      0 377636480  21344 8194072    0    0     0     0  324  469  0  0 100  0  0
 0  0      0 377636480  21344 8194076    0    0     0     0  396  528  0  0 100  0  0
 0  0      0 377636160  21344 8194076    0    0     0     0  515  949  0  0 100  0  0
 0  0      0 377636544  21344 8194076    0    0     0     0  621 1320  0  0 100  0  0
 0  0      0 377636544  21344 8194076    0    0     0     0  306  386  0  0 100  0  0
 0  0      0 377636544  21344 8194076    0    0     0     0  368  408  0  0 100  0  0
 0  0      0 377636544  21344 8194076    0    0     0     0  501  732  0  0 100  0  0
 0  0      0 377636672  21344 8194076    0    0     0     0  378  599  0  0 100  0  0
 0  0      0 377636672  21344 8194076    0    0     0     0  388  800  0  0 100  0  0
 0  0      0 377629184  21344 8194080    0    0     0     0  351  457  0  0 100  0  0
 0  0      0 377629184  21344 8194080    0    0     0     0  534  843  0  0 100  0  0
 0  0      0 377629760  21344 8194084    0    0     0     0  376  598  0  0 100  0  0
 0  0      0 377629760  21344 8194084    0    0     0     0  378  499  0  0 100  0  0
 0  0      0 377629888  21344 8194084    0    0     0     0  353  595  0  0 100  0  0
procs -----------memory---------- ---swap-- -----io---- -system-- ------cpu-----
 r  b   swpd   free   buff  cache   si   so    bi    bo   in   cs us sy id wa st
 0  0      0 377629888  21344 8194084    0    0     0     0  418  660  0  0 100  0  0
 0  0      0 377629888  21344 8194084    0    0     0     0  353  468  0  0 100  0  0
 0  0      0 377629888  21344 8194084    0    0     0     0  315  439  0  0 100  0  0
 0  0      0 377630016  21344 8194084    0    0     0     0  381  503  0  0 100  0  0
 0  0      0 377630112  21344 8194084    0    0     0     0  433  778  0  0 100  0  0
 0  0      0 377623200  21344 8194088    0    0     0     0  283  470  0  0 100  0  0
 0  0      0 377623168  21344 8194088    0    0     0     0  303  436  0  0 100  0  0
 0  0      0 377624192  21344 8194088    0    0     0     0  297  476  0  0 100  0  0
 0  0      0 377624448  21344 8194088    0    0     0     0  449  709  0  0 100  0  0
 0  0      0 377624448  21344 8194088    0    0     0     0  360  555  0  0 100  0  0
 0  0      0 377624448  21344 8194088    0    0     0     0  291  372  0  0 100  0  0
 0  0      0 377624448  21344 8194088    0    0     0     0  342  400  0  0 100  0  0
 0  0      0 377624448  21344 8194088    0    0     0     0  458  754  0  0 100  0  0
 0  0      0 377624448  21344 8194092    0    0     0     0  344  552  0  0 100  0  0
 0  0      0 377624448  21344 8194092    0    0     0     0  549 1507  0  0 100  0  0
 0  0      0 377620864  21344 8194096    0    0     0     0  278  436  0  0 100  0  0
 0  0      0 377620832  21344 8194096    0    0     0     0  476  792  0  0 100  0  0
 0  0      0 377620992  21344 8194100    0    0     0     0  341  575  0  0 100  0  0
 0  0      0 377620992  21344 8194100    0    0     0     0  280  409  0  0 100  0  0
 0  0      0 377620960  21344 8194100    0    0     0     0  417  678  0  0 100  0  0
 0  0      0 377620992  21344 8194100    0    0     0     0  483  706  0  0 100  0  0
procs -----------memory---------- ---swap-- -----io---- -system-- ------cpu-----
 r  b   swpd   free   buff  cache   si   so    bi    bo   in   cs us sy id wa st
 0  0      0 377621056  21344 8194100    0    0     0     0  346  462  0  0 100  0  0
 0  1      0 377621152  21344 8194100    0    0     0     0  354  516  0  0 100  0  0
 0  1      0 377621280  21344 8194100    0    0     0     0  283  460  0  0 99  1  0
 0  1      0 377621280  21344 8194100    0    0     0     0  655 1108  0  0 99  1  0
 0  0      0 377609632  21344 8194100    0    0     0     0  496  735  0  0 100  0  0
 0  0      0 377609728  21344 8194100    0    0     0     0  303  459  0  0 100  0  0
 0  0      0 377610464  21344 8194104    0    0     0     0  312  498  0  0 100  0  0
 0  0      0 377610592  21344 8194104    0    0     0     0  529  815  0  0 100  0  0
 0  0      0 377610688  21344 8194104    0    0     0     0  318  478  0  0 100  0  0
 0  0      0 377610720  21344 8194104    0    0     0     0  228  322  0  0 100  0  0
 0  0      0 377610880  21344 8194104    0    0     0     0  224  334  0  0 100  0  0
 0  0      0 377610816  21344 8194104    0    0     0     0  469  772  0  0 100  0  0
 0  0      0 377610848  21344 8194108    0    0     0     0  361  550  0  0 100  0  0
 0  0      0 377611104  21344 8194108    0    0     0     0  322  610  0  0 100  0  0
 0  0      0 377611200  21344 8194108    0    0     0     0  255  432  0  0 100  0  0
 0  0      0 377611200  21344 8194108    0    0     0     0  402  738  0  0 100  0  0
 0  0      0 377611360  21344 8194112    0    0     0     0  485  595  0  0 100  0  0
 0  0      0 377611648  21344 8194112    0    0     0     0 15205 7431  0  0 99  0  0
 0  0      0 377611648  21344 8194112    0    0     0     0 6111 10135  0  0 100  0  0
 0  0      0 377613120  21344 8194112    0    0     0     0 2969 4867  0  0 100  0  0
 0  0      0 377614176  21344 8194112    0    0     0     0  296  524  0  0 100  0  0
procs -----------memory---------- ---swap-- -----io---- -system-- ------cpu-----
 r  b   swpd   free   buff  cache   si   so    bi    bo   in   cs us sy id wa st
 1  0      0 377614208  21344 8194112    0    0     0     0  302  430  0  0 100  0  0
 0  0      0 377609536  21344 8194112    0    0     0     0 1723 1252  0  0 100  0  0
 0  0      0 377608960  21344 8194112    0    0     0     0  528 1127  0  0 100  0  0
 0  0      0 377610368  21344 8194116    0    0     0     0  410  516  0  0 100  0  0
 0  0      0 377610560  21344 8194116    0    0     0     0  305  440  0  0 100  0  0
 0  0      0 377609536  21344 8194116    0    0     0     0  554  635  0  0 100  0  0
 0  0      0 377609280  21344 8194116    0    0     0     0 1094 1334  0  0 100  0  0
 0  0      0 377610464  21344 8194116    0    0     0     0  407  675  0  0 100  0  0
 1  0      0 377610560  21344 8194116    0    0     0     0  338  419  0  0 100  0  0
 0  0      0 377610720  21344 8194116    0    0     0     0  294  372  0  0 100  0  0
 0  0      0 377610688  21344 8194116    0    0     0     0  758  802  0  0 100  0  0
 0  0      0 377610880  21344 8194124    0    0     0     0  530  589  0  0 100  0  0
 0  0      0 377610880  21344 8194124    0    0     0     0  473  614  0  0 100  0  0
 0  0      0 377608128  21344 8194124    0    0     0     0  493  535  0  0 100  0  0
 0  0      0 377608256  21344 8194124    0    0     0     0  514  855  0  0 100  0  0
 0  0      0 377608864  21344 8194132    0    0     0     0  507  639  0  0 100  0  0
 1  0      0 377608864  21344 8194132    0    0     0     0  344  475  0  0 100  0  0
 1  0      0 377609056  21344 8194132    0    0     0     0  333  498  0  0 100  0  0
 0  0      0 377609056  21344 8194132    0    0     0     0  553  821  0  0 100  0  0
 0  0      0 377609184  21344 8194132    0    0     0     0  266  379  0  0 100  0  0
 0  0      0 377609152  21344 8194132    0    0     0     0  361  460  0  0 100  0  0
procs -----------memory---------- ---swap-- -----io---- -system-- ------cpu-----
 r  b   swpd   free   buff  cache   si   so    bi    bo   in   cs us sy id wa st
 0  0      0 377609280  21344 8194132    0    0     0     0  356  551  0  0 100  0  0
 0  0      0 377609248  21344 8194132    0    0     0     0  805 1712  0  0 100  0  0
 0  0      0 377609408  21344 8194136    0    0     0     0  396  516  0  0 100  0  0
 0  0      0 377609408  21344 8194136    0    0     0     0  278  430  0  0 100  0  0
 0  0      0 377605920  21344 8194136    0    0     0     0 1596 1109  0  0 100  0  0
 0  0      0 377605856  21344 8194136    0    0     0     0  569  855  0  0 100  0  0
 0  0      0 377606848  21344 8194204    0    0     0     0  398  707  0  0 100  0  0
 0  0      0 377606976  21344 8194204    0    0     0     0  276  385  0  0 100  0  0
 0  0      0 377607168  21344 8194204    0    0     0     0  475  442  0  0 100  0  0
 0  0      0 377607968  21344 8194204    0    0     0     0  523  826  0  0 100  0  0
 0  0      0 377608128  21344 8194208    0    0     0     0  339  564  0  0 100  0  0
 0  0      0 377608128  21344 8194208    0    0     0     0  383  739  0  0 100  0  0
 0  0      0 377608128  21344 8194208    0    0     0     0  301  456  0  0 100  0  0
 0  0      0 377608480  21344 8194208    0    0     0     0  556  874  0  0 100  0  0
 0  0      0 377608864  21344 8194212    0    0     0     0  323  529  0  0 100  0  0
 0  0      0 377608864  21344 8194212    0    0     0     0  328  440  0  0 100  0  0
 0  0      0 377609088  21344 8194212    0    0     0     0  326  434  0  0 100  0  0
 0  0      0 377609088  21344 8194212    0    0     0     0  448  730  0  0 100  0  0
 0  0      0 377609088  21344 8194212    0    0     0     0  463  436  0  0 100  0  0
 0  0      0 377609088  21344 8194212    0    0     0     0  323  456  0  0 100  0  0
 0  0      0 377609024  21344 8194212    0    0     0     0  491  623  0  0 100  0  0
procs -----------memory---------- ---swap-- -----io---- -system-- ------cpu-----
 r  b   swpd   free   buff  cache   si   so    bi    bo   in   cs us sy id wa st
 1  0      0 377608992  21344 8194212    0    0     0     0  497  946  0  0 100  0  0
 0  0      0 377609248  21344 8194216    0    0     0     0  381  529  0  0 100  0  0
 0  0      0 377609248  21344 8194216    0    0     0     0  504  674  0  0 100  0  0
 0  0      0 377609728  21344 8194220    0    0     0     0  411  673  0  0 100  0  0
 1  0      0 377609728  21344 8194220    0    0     0     0  603  899  0  0 100  0  0
 0  0      0 377609760  21344 8194220    0    0     0     0  572 1327  0  0 100  0  0
 0  0      0 377609760  21344 8194220    0    0     0     0  292  388  0  0 100  0  0
 0  0      0 377609728  21344 8194220    0    0     0     0  321  382  0  0 100  0  0
 0  0      0 377609696  21344 8194220    0    0     0     0  494  798  0  0 100  0  0
 0  0      0 377610528  21344 8194220    0    0     0     0  347  600  0  0 100  0  0
 0  0      0 377610208  21344 8194220    0    0     0     0  480  748  0  0 100  0  0
 0  0      0 377610208  21344 8194220    0    0     0     0  307  468  0  0 100  0  0
 0  0      0 377610112  21344 8194224    0    0     0     0  469  812  0  0 100  0  0
 0  0      0 377610112  21344 8194224    0    0     0     0  350  490  0  0 100  0  0
 0  0      0 377610240  21344 8194224    0    0     0     0  397  475  0  0 100  0  0
 0  0      0 377610240  21344 8194224    0    0     0     0  372  642  0  0 100  0  0
 0  0      0 377610240  21344 8194224    0    0     0     0  447  720  0  0 100  0  0
 0  0      0 377610240  21344 8194228    0    0     0     0  275  346  0  0 100  0  0
 0  0      0 377610240  21344 8194228    0    0     0     0  358  460  0  0 100  0  0
 0  0      0 377610752  21344 8194228    0    0     0     0  371  622  0  0 100  0  0
 0  0      0 377611232  21344 8194232    0    0     0     0  446  739  0  0 100  0  0
procs -----------memory---------- ---swap-- -----io---- -system-- ------cpu-----
 r  b   swpd   free   buff  cache   si   so    bi    bo   in   cs us sy id wa st
 0  0      0 377610720  21344 8194232    0    0     0     0  279  410  0  0 100  0  0
 0  0      0 377611424  21344 8194232    0    0     0     0  308  448  0  0 100  0  0
 0  0      0 377612160  21344 8194236    0    0     0     0  312  491  0  0 100  0  0
 0  0      0 377612160  21344 8194236    0    0     0     0  627 1066  0  0 100  0  0
 0  0      0 377612160  21344 8194236    0    0     0     0  304  449  0  0 100  0  0
 0  0      0 377612160  21344 8194236    0    0     0     0  237  325  0  0 100  0  0
 0  0      0 377612192  21344 8194236    0    0     0     0  303  392  0  0 100  0  0
 0  0      0 377612192  21344 8194236    0    0     0     0  563  855  0  0 100  0  0
 0  0      0 377612544  21344 8194236    0    0     0     0  399  635  0  0 100  0  0
 0  0      0 377612672  21344 8194240    0    0     0     0  575 1287  0  0 100  0  0
 0  0      0 377612672  21344 8194240    0    0     0     0  399  563  0  0 100  0  0
 0  0      0 377612832  21344 8194244    0    0     0     0  702 1134  0  0 100  0  0
 0  0      0 377613120  21344 8194244    0    0     0     0  412  630  0  0 100  0  0
 0  0      0 377613120  21344 8194244    0    0     0     0  384  516  0  0 100  0  0
 0  0      0 377613280  21344 8194244    0    0     0     0  341  646  0  0 100  0  0
 0  0      0 377613248  21344 8194244    0    0     0     0  565  746  0  0 100  0  0
 0  0      0 377613536  21344 8194244    0    0     0     0  309  392  0  0 100  0  0
 0  0      0 377613536  21344 8194244    0    0     0     0  324  404  0  0 100  0  0
 0  0      0 377613536  21344 8194244    0    0     0     0  343  600  0  0 100  0  0
 0  0      0 377613536  21344 8194248    0    0     0     0  501  962  0  0 100  0  0
 0  0      0 377613568  21344 8194248    0    0     0     0  325  470  0  0 100  0  0
procs -----------memory---------- ---swap-- -----io---- -system-- ------cpu-----
 r  b   swpd   free   buff  cache   si   so    bi    bo   in   cs us sy id wa st
 0  0      0 377613568  21344 8194248    0    0     0     0  305  486  0  0 100  0  0
 0  0      0 377613824  21344 8194252    0    0     0     0  371  509  0  0 100  0  0
 0  0      0 377613824  21344 8194252    0    0     0     0  537  784  0  0 100  0  0
 0  0      0 377613856  21344 8194252    0    0     0     0  375  390  0  0 100  0  0
 0  0      0 377613856  21344 8194252    0    0     0     0  321  410  0  0 100  0  0
 0  0      0 377613824  21344 8194252    0    0     0     0  336  422  0  0 100  0  0
 0  0      0 377613824  21344 8194252    0    0     0     0  566  856  0  0 100  0  0
 0  0      0 377614112  21344 8194252    0    0     0     0  365  583  0  0 100  0  0
 0  0      0 377614080  21344 8194252    0    0     0     0  334  495  0  0 100  0  0
 0  0      0 377614080  21344 8194252    0    0     0     0  389  553  0  0 100  0  0
 0  0      0 377614336  21344 8194256    0    0     0     0  482  790  0  0 100  0  0
 0  0      0 377614336  21344 8194256    0    0     0     0  381  448  0  0 100  0  0
 0  0      0 377614336  21344 8194256    0    0     0     0  377  464  0  0 100  0  0
 0  0      0 377614336  21344 8194256    0    0     0     0  614 1348  0  0 100  0  0
 0  0      0 377614336  21344 8194256    0    0     0     0  444  674  0  0 100  0  0
 0  0      0 377614336  21344 8194256    0    0     0     0  315  368  0  0 100  0  0
 0  0      0 377614336  21344 8194256    0    0     0     0  377  446  0  0 100  0  0
 0  0      0 377614720  21344 8194256    0    0     0     0  504  698  0  0 100  0  0
 0  0      0 377614912  21344 8194260    0    0     0     0  527 1010  0  0 100  0  0
 0  0      0 377614880  21344 8194264    0    0     0     0  412  527  0  0 100  0  0
 0  0      0 377615008  21344 8194264    0    0     0     0  471  694  0  0 100  0  0
procs -----------memory---------- ---swap-- -----io---- -system-- ------cpu-----
 r  b   swpd   free   buff  cache   si   so    bi    bo   in   cs us sy id wa st
 0  0      0 377615040  21344 8194268    0    0     0     0  611  944  0  0 100  0  0
 0  0      0 377615040  21344 8194268    0    0     0     0  548  774  0  0 100  0  0
 0  0      0 377615264  21344 8194268    0    0     0     0  341  565  0  0 100  0  0
 0  0      0 377615232  21344 8194268    0    0     0     0  267  374  0  0 100  0  0
 0  0      0 377615232  21344 8194268    0    0     0     0  326  434  0  0 100  0  0
 0  0      0 377615232  21344 8194268    0    0     0     0  511  784  0  0 100  0  0
 0  0      0 377615232  21344 8194268    0    0     0     0  418  702  0  0 100  0  0
 0  0      0 377615360  21344 8194272    0    0     0     0  217  302  0  0 100  0  0
 0  0      0 377615360  21344 8194272    0    0     0     0  342  611  0  0 100  0  0
 0  0      0 377615360  21344 8194272    0    0     0     0  483  858  0  0 100  0  0
 0  0      0 377615744  21344 8194272    0    0     0     0  325  416  0  0 100  0  0
 0  0      0 377616256  21344 8194272    0    0     0     0 8260 8759  0  0 99  0  0
 0  0      0 377616352  21344 8194272    0    0     0     0 5495 8940  0  0 100  0  0
 0  0      0 377618624  21344 8194272    0    0     0     0 1550 3105  0  0 100  0  0
 0  0      0 377618912  21344 8194272    0    0     0     0  317  377  0  0 100  0  0
 0  0      0 377618208  21344 8194272    0    0     0     0  449  481  0  0 100  0  0
 0  0      0 377617120  21344 8194272    0    0     0     0 1369 1304  0  0 100  0  0
 0  0      0 377617152  21344 8194276    0    0     0     0  453  654  0  0 100  0  0
 0  0      0 377617600  21344 8194276    0    0     0     0  365  444  0  0 100  0  0
 0  0      0 377617632  21344 8194276    0    0     0     0  420  598  0  0 100  0  0
 0  0      0 377617760  21344 8194276    0    0     0     0  438  510  0  0 100  0  0
procs -----------memory---------- ---swap-- -----io---- -system-- ------cpu-----
 r  b   swpd   free   buff  cache   si   so    bi    bo   in   cs us sy id wa st
 0  0      0 377617920  21344 8194276    0    0     0     0 1338 1288  0  0 100  0  0
 0  0      0 377618144  21344 8194280    0    0     0     0  387  677  0  0 100  0  0
 0  0      0 377618144  21344 8194280    0    0     0     0  314  390  0  0 100  0  0
 0  0      0 377618112  21344 8194280    0    0     0     0  433  502  0  0 100  0  0
 0  0      0 377618112  21344 8194280    0    0     0     0  543  729  0  0 100  0  0
 0  0      0 377618464  21344 8194280    0    0     0     0  407  662  0  0 100  0  0
 0  0      0 377618464  21344 8194280    0    0     0     0  318  570  0  0 100  0  0
 0  0      0 377617088  21344 8194284    0    0     0     0  423  614  0  0 100  0  0
 0  0      0 377617088  21344 8194284    0    0     0     0  710 1220  0  0 100  0  0
 0  0      0 377617728  21344 8194288    0    0     0     0  462  626  0  0 100  0  0
 0  0      0 377617728  21344 8194288    0    0     0     0  397  470  0  0 100  0  0
 0  0      0 377617952  21344 8194288    0    0     0     0  319  443  0  0 100  0  0
 0  0      0 377617984  21344 8194288    0    0     0     0  432  715  0  0 100  0  0
 0  0      0 377618016  21344 8194288    0    0     0     0  380  394  0  0 100  0  0
 0  0      0 377618048  21344 8194288    0    0     0     0  316  439  0  0 100  0  0
 0  0      0 377618752  21344 8194292    0    0     0     0  441  756  0  0 100  0  0
 0  0      0 377618752  21344 8194292    0    0     0     0  449  668  0  0 100  0  0
 0  0      0 377618464  21344 8194292    0    0     0     0  518 1251  0  0 100  0  0
 0  0      0 377618464  21344 8194292    0    0     0     0  345  552  0  0 100  0  0
 0  0      0 377618464  21344 8194292    0    0     0     0  357  524  0  0 100  0  0
 0  0      0 377619232  21344 8194296    0    0     0     0  561  791  0  0 100  0  0
procs -----------memory---------- ---swap-- -----io---- -system-- ------cpu-----
 r  b   swpd   free   buff  cache   si   so    bi    bo   in   cs us sy id wa st
 0  0      0 377619168  21344 8194296    0    0     0     0  298  380  0  0 100  0  0
 0  0      0 377619200  21344 8194300    0    0     0     0  334  636  0  0 100  0  0
 0  0      0 377619200  21344 8194300    0    0     0     0  389  490  0  0 100  0  0
 0  0      0 377619168  21344 8194300    0    0     0     0  429  676  0  0 100  0  0
 0  0      0 377619424  21344 8194300    0    0     0     0  350  628  0  0 100  0  0
 0  0      0 377619456  21344 8194300    0    0     0     0  258  358  0  0 100  0  0
 0  0      0 377616160  21344 8194304    0    0     0     0  388  731  0  0 100  0  0
 0  0      0 377616448  21344 8194304    0    0     0     0  530  892  0  0 100  0  0
 0  0      0 377616448  21344 8194304    0    0     0     0  330  382  0  0 100  0  0
 0  0      0 377616480  21344 8194304    0    0     0     0  417  490  0  0 100  0  0
 0  0      0 377616448  21344 8194304    0    0     0     0  346  457  0  0 100  0  0
 0  0      0 377616800  21344 8194304    0    0     0     0  455  664  0  0 100  0  0
 0  0      0 377616800  21344 8194304    0    0     0     0  330  386  0  0 100  0  0
 0  0      0 377616800  21344 8194304    0    0     0     0  322  476  0  0 100  0  0
 0  0      0 377616928  21344 8194308    0    0     0     0  457  748  0  0 100  0  0
 0  0      0 377616928  21344 8194308    0    0     0     0  446  698  0  0 100  0  0
 0  0      0 377616896  21344 8194308    0    0     0     0  381  499  0  0 100  0  0
 0  0      0 377616896  21344 8194308    0    0     0     0  464  720  0  0 100  0  0
 0  0      0 377616928  21344 8194312    0    0     0     0  639  789  0  0 100  0  0
 0  0      0 377616992  21344 8194312    0    0     0     0  485  718  0  0 100  0  0
 0  0      0 377616992  21344 8194312    0    0     0     0  545 1299  0  0 100  0  0
procs -----------memory---------- ---swap-- -----io---- -system-- ------cpu-----
 r  b   swpd   free   buff  cache   si   so    bi    bo   in   cs us sy id wa st
 0  0      0 377616960  21344 8194312    0    0     0     0  306  384  0  0 100  0  0
 0  0      0 377617088  21344 8194312    0    0     0     0  542  562  0  0 100  0  0
 0  0      0 377617056  21344 8194312    0    0     0     0  435  720  0  0 100  0  0
 0  0      0 377617120  21344 8194312    0    0     0     0  360  628  0  0 100  0  0
 0  0      0 377617088  21344 8194312    0    0     0     0  341  628  0  0 100  0  0
 0  0      0 377617248  21344 8194316    0    0     0     0  407  656  0  0 100  0  0
 0  0      0 377617248  21344 8194316    0    0     0     0  430  728  0  0 100  0  0
 0  0      0 377617248  21344 8194316    0    0     0     0  281  377  0  0 100  0  0
 0  0      0 377617280  21344 8194316    0    0     0     0  297  405  0  0 100  0  0
 0  0      0 377617600  21344 8194316    0    0     0     0  378  726  0  0 100  0  0
 0  0      0 377617632  21344 8194316    0    0     0     0  464  662  0  0 100  0  0
 0  0      0 377617600  21344 8194316    0    0     0     0  288  354  0  0 100  0  0
 0  0      0 377617600  21344 8194316    0    0     0     0  344  548  0  0 100  0  0
 0  0      0 377618016  21344 8194320    0    0     0     0  481  778  0  0 100  0  0
 0  0      0 377618016  21344 8194320    0    0     0     0  427  615  0  0 100  0  0
 0  0      0 377618048  21344 8194320    0    0     0     0  391  526  0  0 100  0  0
 0  0      0 377617984  21344 8194320    0    0     0     0  355  508  0  0 100  0  0
 0  0      0 377617984  21344 8194320    0    0     0     0  506  814  0  0 100  0  0
 0  0      0 377618080  21344 8194324    0    0     0     0  474  662  0  0 100  0  0
 0  0      0 377618368  21344 8194324    0    0     0     0  283  429  0  0 100  0  0
 0  0      0 377618400  21344 8194324    0    0     0     0  275  370  0  0 100  0  0
procs -----------memory---------- ---swap-- -----io---- -system-- ------cpu-----
 r  b   swpd   free   buff  cache   si   so    bi    bo   in   cs us sy id wa st
 0  0      0 377618368  21344 8194324    0    0     0     0  381  522  0  0 100  0  0
 0  0      0 377618368  21344 8194328    0    0     0     0  604  786  0  0 100  0  0
 0  0      0 377618496  21344 8194328    0    0     0     0  343  583  0  0 100  0  0
 0  0      0 377618240  21344 8194332    0    0     0     0  481 1275  0  0 100  0  0
 0  0      0 377618208  21344 8194332    0    0     0     0  492  759  0  0 100  0  0
 0  0      0 377618368  21344 8194332    0    0     0     0  639 1081  0  0 100  0  0
 0  0      0 377618368  21344 8194332    0    0     0     0  453  598  0  0 100  0  0
 0  0      0 377618368  21344 8194336    0    0     0     0  321  396  0  0 100  0  0
 0  0      0 377618368  21344 8194336    0    0     0     0  399  779  0  0 100  0  0
 0  0      0 377618400  21344 8194336    0    0     0     0  384  588  0  0 100  0  0
 0  0      0 377618368  21344 8194336    0    0     0     0  291  372  0  0 100  0  0
 0  0      0 377618368  21344 8194336    0    0     0     0  265  442  0  0 100  0  0
 0  0      0 377618656  21344 8194340    0    0     0     0  399  716  0  0 100  0  0
 0  0      0 377618912  21344 8194340    0    0     0     0  416  798  0  0 100  0  0
 0  0      0 377618880  21344 8194340    0    0     0     0  278  435  0  0 100  0  0
 0  0      0 377618880  21344 8194344    0    0     0     0  440  548  0  0 100  0  0
 0  0      0 377618912  21344 8194344    0    0     0     0  404  610  0  0 100  0  0
 0  0      0 377619040  21344 8194344    0    0     0     0  466  629  0  0 100  0  0
 0  0      0 377619040  21344 8194344    0    0     0     0  257  369  0  0 100  0  0
 0  0      0 377619104  21344 8194344    0    0     0     0  295  383  0  0 100  0  0
 0  0      0 377619072  21344 8194344    0    0     0     0  542  596  0  0 100  0  0
procs -----------memory---------- ---swap-- -----io---- -system-- ------cpu-----
 r  b   swpd   free   buff  cache   si   so    bi    bo   in   cs us sy id wa st
 0  0      0 377619072  21344 8194344    0    0     0     0  491  771  0  0 100  0  0
 0  0      0 377619424  21344 8194344    0    0     0     0  329  580  0  0 100  0  0
 0  0      0 377619456  21344 8194344    0    0     0     0  279  462  0  0 100  0  0
 0  0      0 377619840  21344 8194348    0    0     0     0  419  662  0  0 100  0  0
 0  0      0 377619840  21344 8194348    0    0     0     0  461  722  0  0 100  0  0
 0  0      0 377619840  21344 8194348    0    0     0     0  354  472  0  0 100  0  0
 0  0      0 377619840  21344 8194348    0    0     0     0  371  468  0  0 100  0  0
 1  0      0 377619840  21344 8194348    0    0     0     0  657 1503  0  0 100  0  0
 0  0      0 377619872  21344 8194348    0    0     0     0  462  619  0  0 100  0  0
 0  0      0 377619840  21344 8194348    0    0     0     0  344  427  0  0 100  0  0
 0  0      0 377619840  21344 8194348    0    0     0     0  390  536  0  0 100  0  0
 0  0      0 377620224  21344 8194352    0    0     0     0  494  808  0  0 100  0  0
 0  0      0 377620224  21344 8194352    0    0     0     0  414  838  0  0 100  0  0
 0  0      0 377620320  21344 8194352    0    0     0     0  373  549  0  0 100  0  0
 0  0      0 377620544  21344 8194356    0    0     0     0  534  864  0  0 100  0  0
 0  0      0 377620096  21344 8194356    0    0     0     0 1086 1046  0  0 100  0  0
 0  0      0 377619872  21344 8194388    0    0     0     0  484  654  0  0 100  0  0
 0  0      0 377619840  21344 8194388    0    0     0     0  273  541  0  0 100  0  0
 0  0      0 377619904  21344 8194388    0    0     0     0  230  328  0  0 100  0  0
 0  0      0 377619936  21344 8194388    0    0     0     0  405  644  0  0 100  0  0
 0  0      0 377619936  21344 8194388    0    0     0     0  358  618  0  0 100  0  0
procs -----------memory---------- ---swap-- -----io---- -system-- ------cpu-----
 r  b   swpd   free   buff  cache   si   so    bi    bo   in   cs us sy id wa st
 0  0      0 377620352  21344 8194392    0    0     0     0  347  612  0  0 100  0  0
 0  0      0 377620352  21344 8194392    0    0     0     0  203  344  0  0 100  0  0
 0  0      0 377620352  21344 8194396    0    0     0     0  350  680  0  0 100  0  0
