procs -----------memory---------- ---swap-- -----io---- -system-- ------cpu-----
 r  b   swpd   free   buff  cache   si   so    bi    bo   in   cs us sy id wa st
 1  0      0 342738240      0 8161432    0    0     0     0    0    1  0  0 100  0  0
 0  1      0 342616608  20764 8224000    0    0 20630     0 12941 27129  1  0 99  0  0
 0  1      0 342616896  20764 8224000    0    0     0     0 37148 34144  1  0 98  1  0
 0  1      0 342619168  20764 8225048    0    0     0     0 10761 21032  1  0 99  1  0
 0  1      0 342622144  20764 8225048    0    0     0     0 9717 18515  1  0 99  1  0
 0  1      0 342622144  20764 8225048    0    0     0     0 9831 17848  1  0 99  1  0
 0  1      0 342621248  20764 8225048    0    0     0     0 9933 19236  0  0 99  1  0
 0  1      0 342621248  20764 8225048    0    0     0     0 9689 18711  0  0 99  1  0
 5  0      0 342537920  21240 8214428    0    0   485     0 25780 123718  2  0 97  0  0
 6  0      0 342516800  21240 8214468    0    0     0     0 20989 177481  3  0 97  0  0
 7  0      0 342466784  21240 8222320    0    0     0     0 27982 169245  3  0 96  0  0
 5  0      0 342467744  21240 8222660    0    0     0     0 20439 185487  3  0 96  0  0
 0  0      0 342436832  21240 8222660    0    0     0     0 20293 138382  3  0 97  0  0
 0  0      0 342437600  21240 8222736    0    0     0     0 9685 19475  0  0 100  0  0
 0  0      0 342437664  21240 8222736    0    0     0     0 9105 18425  0  0 99  0  0
 0  0      0 342437888  21240 8222736    0    0     0     0 8366 16581  0  0 99  0  0
 0  0      0 342437344  21240 8222736    0    0     0     0 9283 17207  1  0 99  0  0
 1  0      0 342398528  21240 8222736    0    0     0     0 34770 20245  1  0 99  0  0
 2  0      0 342296928  21240 8226960    0    0     0     0 20810 39981  1  0 99  0  0
 1  0      0 342203968  21240 8226960    0    0     0     0 20534 40415  1  0 99  0  0
 3  0      0 342139456  21240 8227092    0    0     0     0 21438 42055  1  0 99  0  0
procs -----------memory---------- ---swap-- -----io---- -system-- ------cpu-----
 r  b   swpd   free   buff  cache   si   so    bi    bo   in   cs us sy id wa st
 1  0      0 342069376  21240 8227164    0    0     0     0 20148 39896  1  0 99  0  0
 4  0      0 342001184  21240 8231348    0    0     0     0 20921 40757  1  0 99  0  0
 1  0      0 341945216  21240 8231424    0    0     0     0 23074 41128  1  0 99  0  0
 1  0      0 341880192  21240 8231496    0    0     0     0 21294 38580  1  0 99  0  0
 6  0      0 341812480  21240 8235328    0    0     0     0 22467 40401  1  0 99  0  0
 2  0      0 341731392  21240 8235744    0    0     0     0 28814 43716  2  0 98  0  0
 1  0      0 341699552  21240 8235824    0    0     0     0 22377 40153  1  0 99  0  0
 1  0      0 341712992  21240 8235892    0    0     0     0 14866 27450  1  0 99  0  0
 1  0      0 341719616  21240 8235940    0    0     0     0 13582 25286  1  0 99  0  0
 4  0      0 341728512  21240 8236012    0    0     0     0 13059 24515  1  0 99  0  0
 1  0      0 341729472  21240 8236076    0    0     0     0 14925 25823  1  0 99  0  0
 0  0      0 341736832  21240 8236136    0    0     0     0 13714 25472  1  0 99  0  0
 0  0      0 341743840  21240 8236196    0    0     0     0 12881 24461  1  0 99  0  0
 1  0      0 341752512  21240 8236256    0    0     0     0 12868 23819  1  0 99  0  0
 0  0      0 341756704  21240 8236312    0    0     0     0 13953 25191  1  0 99  0  0
 0  0      0 341764832  21240 8236376    0    0     0     0 14004 25618  1  0 99  0  0
 1  0      0 341770240  21240 8236444    0    0     0     0 13633 24564  1  0 99  0  0
 0  0      0 341774688  21240 8236540    0    0     0     0 13325 24308  1  0 99  0  0
 1  0      0 341776768  21240 8236628    0    0     0     0 13640 25086  1  0 99  0  0
 0  0      0 341779104  21240 8236692    0    0     0     0 13532 24991  1  0 99  0  0
 2  0      0 341778848  21240 8236752    0    0     0     0 13454 24169  1  0 99  0  0
procs -----------memory---------- ---swap-- -----io---- -system-- ------cpu-----
 r  b   swpd   free   buff  cache   si   so    bi    bo   in   cs us sy id wa st
 1  0      0 341782528  21240 8236808    0    0     0     0 13448 24569  1  0 99  0  0
 0  0      0 341785088  21240 8236876    0    0     0     0 13327 23719  1  0 99  0  0
 3  0      0 341788224  21240 8236964    0    0     0     0 12930 23512  1  0 99  0  0
 0  0      0 341790848  21240 8237020    0    0     0     0 13253 24508  1  0 99  0  0
 0  0      0 341794688  21240 8237088    0    0     0     0 14249 26553  1  0 99  0  0
 0  0      0 341796928  21240 8237156    0    0     0     0 14960 26986  1  0 99  0  0
 0  1      0 341800192  21240 8237232    0    0     0     0 15120 27324  1  0 99  0  0
 1  0      0 341798016  21240 8237236    0    0     0     0 18041 35152  1  0 99  0  0
 0  0      0 341800160  21240 8237368    0    0     0     0 14057 26308  1  0 99  0  0
 1  0      0 341800992  21240 8237428    0    0     0     0 14840 26578  1  0 99  0  0
 0  0      0 341768640  21240 8237492    0    0     0     0 19922 27056  1  0 98  0  0
 0  0      0 341785088  21240 8237552    0    0     0     0 14308 26242  1  0 99  0  0
 0  0      0 341792896  21240 8237616    0    0     0     0 13896 26156  1  0 99  0  0
 0  0      0 341797376  21240 8237668    0    0     0     0 14112 26025  1  0 99  0  0
 0  0      0 341801120  21240 8237728    0    0     0     0 14282 25276  1  0 99  0  0
 1  0      0 341803136  21240 8237832    0    0     0     0 14387 25139  1  0 99  0  0
 1  0      0 341804448  21240 8237892    0    0     0     0 14268 26639  1  0 99  0  0
 0  0      0 341804928  21240 8237952    0    0     0     0 14491 27099  1  0 99  0  0
 2  0      0 341805024  21240 8238076    0    0     0     0 13907 26519  1  0 99  0  0
 0  0      0 341803072  21240 8238140    0    0     0     0 14793 27280  1  0 99  0  0
 3  0      0 341804384  21240 8238200    0    0     0     0 14785 27254  1  0 99  0  0
procs -----------memory---------- ---swap-- -----io---- -system-- ------cpu-----
 r  b   swpd   free   buff  cache   si   so    bi    bo   in   cs us sy id wa st
 1  0      0 341805216  21240 8238264    0    0     0     0 14819 27498  1  0 99  0  0
 0  0      0 341807232  21240 8238324    0    0     0     0 13922 26173  1  0 99  0  0
 3  0      0 341809664  21240 8238380    0    0     0     0 13642 26185  1  0 99  0  0
113  0      0 341812192  21240 8238444    0    0     0     0 13379 26208  1  0 99  0  0
26  0      0 341814176  21240 8238508    0    0     0     0 14536 27037  1  0 99  0  0
19  0      0 341815008  21240 8238572    0    0     0     0 14547 26806  1  0 99  0  0
 1  0      0 341815808  21240 8238628    0    0     0     0 14908 27158  1  0 99  0  0
 0  0      0 341817568  21240 8238704    0    0     0     0 14763 26753  1  0 99  0  0
 1  0      0 341815424  21240 8238784    0    0     0     0 14270 25942  1  0 99  0  0
 1  0      0 341815424  21240 8238888    0    0     0     0 14162 26188  1  0 99  0  0
 0  0      0 341815104  21240 8238948    0    0     0     0 14152 25249  1  0 99  0  0
 0  0      0 341814528  21240 8238996    0    0     0     0 13876 24910  1  0 99  0  0
 1  0      0 341813856  21240 8239064    0    0     0     0 13539 24604  1  0 99  0  0
 1  0      0 341813632  21240 8239120    0    0     0     0 14456 25501  1  0 99  0  0
 0  0      0 341813504  21240 8239204    0    0     0     0 14842 25651  1  0 99  0  0
 1  0      0 341812640  21240 8239268    0    0     0     0 14550 26217  1  0 99  0  0
 0  1      0 341812736  21240 8239356    0    0     0     0 14543 26958  1  0 99  0  0
 0  1      0 341813632  21240 8239372    0    0     0     0 14079 26718  1  0 99  1  0
 0  1      0 341811904  21240 8239376    0    0     0     0 14026 26078  1  0 99  1  0
 0  1      0 341813504  21240 8239384    0    0     0     0 13853 26620  1  0 99  1  0
 0  1      0 341815072  21240 8239392    0    0     0     0 14361 26996  1  0 99  1  0
procs -----------memory---------- ---swap-- -----io---- -system-- ------cpu-----
 r  b   swpd   free   buff  cache   si   so    bi    bo   in   cs us sy id wa st
 0  1      0 341815392  21240 8239396    0    0     0     0 13740 26272  1  0 99  1  0
 0  1      0 341771488  21240 8239404    0    0     0     0 41425 27952  2  0 97  1  0
 0  1      0 341781056  21240 8239412    0    0     0     0 14381 27515  1  0 99  1  0
 0  1      0 341782112  21240 8239416    0    0     0     0 14184 26461  1  0 99  1  0
 0  1      0 341782496  21240 8239424    0    0     0     0 14236 26560  1  0 99  1  0
 0  0      0 341783360  21240 8239976    0    0     0     0 14670 27948  1  0 99  0  0
 0  0      0 341784352  21240 8240028    0    0     0     0 14058 25847  1  0 99  0  0
 0  0      0 341780672  21240 8240092    0    0     0     0 14717 27078  1  0 99  0  0
 0  0      0 341783520  21240 8240164    0    0     0     0 14843 26983  1  0 99  0  0
 2  0      0 341784736  21240 8240228    0    0     0     0 13286 24172  1  0 99  0  0
 0  0      0 341786720  21240 8240300    0    0     0     0 12719 23491  1  0 99  0  0
 0  0      0 341788032  21240 8240356    0    0     0     0 12903 23435  1  0 99  0  0
 4  0      0 341789024  21240 8240416    0    0     0     0 13382 24724  1  0 99  0  0
 0  0      0 341790656  21240 8240484    0    0     0     0 13519 25759  1  0 99  0  0
 0  0      0 341792000  21240 8240544    0    0     0     0 13030 24565  1  0 99  0  0
 0  0      0 341796512  21240 8240628    0    0     0     0 13214 24883  1  0 99  0  0
 0  0      0 341798816  21240 8240696    0    0     0     0 13409 24123  1  0 99  0  0
 1  0      0 341799072  21240 8240796    0    0     0     0 13431 24649  1  0 99  0  0
 0  0      0 341800480  21240 8240860    0    0     0     0 13652 24637  1  0 99  0  0
 0  0      0 341801472  21240 8240912    0    0     0     0 13519 24140  1  0 99  0  0
 0  0      0 341802752  21240 8240984    0    0     0     0 13557 24212  1  0 99  0  0
procs -----------memory---------- ---swap-- -----io---- -system-- ------cpu-----
 r  b   swpd   free   buff  cache   si   so    bi    bo   in   cs us sy id wa st
 0  0      0 341803232  21240 8241060    0    0     0     0 12951 24444  1  0 99  0  0
 0  0      0 341806272  21240 8241132    0    0     0     0 14579 27118  1  0 99  0  0
 3  0      0 341807872  21240 8241196    0    0     0     0 13802 25894  1  0 99  0  0
 0  0      0 341808384  21240 8241256    0    0     0     0 13087 24345  1  0 99  0  0
 2  0      0 341809888  21240 8241312    0    0     0     0 13905 26004  1  0 99  0  0
 1  0      0 341811968  21240 8241380    0    0     0     0 13668 25731  1  0 99  0  0
 2  0      0 341810464  21240 8241436    0    0     0     0 14081 25436  1  0 99  0  0
 0  0      0 341812128  21240 8241496    0    0     0     0 13698 25121  1  0 99  0  0
 1  0      0 341814112  21240 8241564    0    0     0     0 13533 24442  1  0 99  0  0
 0  0      0 341813536  21240 8241616    0    0     0     0 13807 24849  1  0 99  0  0
 0  0      0 341814272  21240 8241668    0    0     0     0 14456 24879  1  0 99  0  0
 1  0      0 341815808  21240 8241736    0    0     0     0 14100 24981  1  0 99  0  0
 0  0      0 341816096  21240 8241816    0    0     0     0 13436 24967  1  0 99  0  0
 0  0      0 341817312  21240 8241880    0    0     0     0 13128 24134  1  0 99  0  0
 0  0      0 341818496  21240 8241936    0    0     0     0 13946 25283  1  0 99  0  0
 0  0      0 341819392  21240 8242000    0    0     0     0 13495 25473  1  0 99  0  0
 2  0      0 341817184  21240 8242060    0    0     0     0 32955 32943  1  1 98  0  0
 0  0      0 341812096  21240 8242128    0    0     0     0 20403 36483  1  0 99  0  0
 0  0      0 341814240  21240 8242188    0    0     0     0 17507 32086  1  0 99  0  0
 0  0      0 341812416  21240 8242240    0    0     0     0 13304 25086  1  0 99  0  0
 0  0      0 341809984  21240 8242304    0    0     0     0 12735 23990  1  0 99  0  0
procs -----------memory---------- ---swap-- -----io---- -system-- ------cpu-----
 r  b   swpd   free   buff  cache   si   so    bi    bo   in   cs us sy id wa st
 0  0      0 341805920  21240 8242372    0    0     0     0 15691 27270  1  0 99  0  0
 0  0      0 341803328  21240 8242444    0    0     0     0 14311 26487  1  0 99  0  0
 0  0      0 341801600  21240 8242496    0    0     0     0 13550 25097  1  0 99  0  0
 1  0      0 341800480  21240 8242568    0    0     0     0 13740 25295  1  0 99  0  0
 1  0      0 341799936  21240 8242636    0    0     0     0 13664 25687  1  0 99  0  0
 0  0      0 341791520  21240 8242696    0    0     0     0 15052 27335  1  0 99  0  0
 0  0      0 341789504  21240 8242696    0    0     0     0 14637 27018  1  0 99  0  0
 1  0      0 341789472  21240 8242820    0    0     0     0 14436 26319  1  0 99  0  0
 0  0      0 341760608  21240 8242864    0    0     0     0 45798 27918  2  0 98  0  0
 1  0      0 341762656  21240 8242936    0    0     0     0 14789 27347  1  0 99  0  0
 1  0      0 341763840  21240 8242988    0    0     0     0 14568 27654  1  0 99  0  0
 0  0      0 341764736  21240 8243060    0    0     0     0 13555 25950  1  0 99  0  0
 0  0      0 341765856  21240 8243124    0    0     0     0 13134 25476  1  0 99  0  0
 0  0      0 341766528  21240 8243172    0    0     0     0 14109 27289  1  0 99  0  0
 1  0      0 341767552  21240 8243244    0    0     0     0 13569 26644  1  0 99  0  0
 0  0      0 341764768  21240 8243300    0    0     0     0 14108 26716  1  0 99  0  0
 0  0      0 341766848  21240 8243396    0    0     0     0 14388 27836  1  0 99  0  0
 0  0      0 341767456  21240 8243452    0    0     0     0 13869 26968  1  0 99  0  0
 0  1      0 341767808  21240 8243524    0    0     0     0 14283 26705  1  0 99  0  0
 1  1      0 341767808  21240 8243540    0    0     0     0 13927 26522  1  0 99  1  0
 0  1      0 341768384  21240 8243544    0    0     0     0 14696 28029  1  0 99  1  0
procs -----------memory---------- ---swap-- -----io---- -system-- ------cpu-----
 r  b   swpd   free   buff  cache   si   so    bi    bo   in   cs us sy id wa st
 0  1      0 341768544  21240 8243552    0    0     0     0 15550 28575  1  0 99  1  0
 0  1      0 341768640  21240 8243556    0    0     0     0 14210 26581  1  0 99  1  0
 1  1      0 341768736  21240 8243564    0    0     0     0 13146 25670  1  0 99  1  0
 9  1      0 341768832  21240 8243568    0    0     0     0 13118 26299  1  0 99  1  0
53  0      0 341768224  21240 8243948    0    0     0     0 14954 27435  1  0 99  0  0
11  0      0 341768448  21240 8244012    0    0     0     0 14749 27040  1  0 99  0  0
 3  0      0 341768096  21240 8244064    0    0     0     0 14463 27006  1  0 99  0  0
 0  0      0 341768096  21240 8244124    0    0     0     0 14344 26908  1  0 99  0  0
 1  0      0 341767872  21240 8244184    0    0     0     0 14190 27071  1  0 99  0  0
 0  0      0 341768096  21240 8244248    0    0     0     0 14619 28107  1  0 99  0  0
 0  0      0 341768128  21240 8244312    0    0     0     0 14567 27635  1  0 99  0  0
 0  0      0 341768896  21240 8244372    0    0     0     0 13868 26379  1  0 99  0  0
 0  0      0 341769504  21240 8244428    0    0     0     0 14441 27614  1  0 99  0  0
 0  0      0 341769792  21240 8244492    0    0     0     0 14340 27289  1  0 99  0  0
 1  0      0 341767360  21240 8244560    0    0     0     0 14603 27283  1  0 99  0  0
 1  0      0 341769152  21240 8244628    0    0     0     0 14890 27785  1  0 99  0  0
 1  0      0 341770368  21240 8244680    0    0     0     0 14585 27227  1  0 99  0  0
 0  0      0 341770048  21240 8244744    0    0     0     0 14789 26867  1  0 99  0  0
 2  0      0 341770208  21240 8244800    0    0     0     0 14517 26633  1  0 99  0  0
 0  0      0 341768832  21240 8244864    0    0     0     0 14500 26816  1  0 99  0  0
 0  0      0 341769984  21240 8244932    0    0     0     0 15028 27190  1  0 99  0  0
procs -----------memory---------- ---swap-- -----io---- -system-- ------cpu-----
 r  b   swpd   free   buff  cache   si   so    bi    bo   in   cs us sy id wa st
 0  0      0 341770496  21240 8245020    0    0     0     0 14849 25895  1  0 99  0  0
 0  0      0 341771104  21240 8245112    0    0     0     0 15403 27498  1  0 99  0  0
 0  0      0 341771104  21240 8245112    0    0     0     0 15415 27509  1  0 99  0  0
 0  0      0 341769856  21240 8245196    0    0     0     0 16069 27226  1  0 99  0  0
 0  0      0 341770784  21240 8245288    0    0     0     0 15854 27969  1  0 99  0  0
 2  0      0 341771168  21240 8245292    0    0     0     0 15310 26552  1  0 99  0  0
 0  0      0 341772000  21240 8245392    0    0     0     0 15343 26598  1  0 99  0  0
 1  0      0 341772192  21240 8245456    0    0     0     0 15484 26640  1  0 99  0  0
 0  0      0 341772448  21240 8245528    0    0     0     0 15466 26397  1  0 99  0  0
 0  0      0 341772672  21240 8245536    0    0     0     0 15144 26239  1  0 99  0  0
 0  0      0 341774944  21240 8245640    0    0     0     0 14188 25823  1  0 99  0  0
 1  0      0 341777216  21240 8245696    0    0     0     0 14304 25054  1  0 99  0  0
 0  0      0 341780480  21240 8245772    0    0     0     0 13330 23935  1  0 99  0  0
 0  0      0 341777312  21240 8245780    0    0     0     0 14656 24012  1  0 99  0  0
 0  0      0 341779168  21240 8245884    0    0     0     0 14760 24987  1  0 99  0  0
 1  0      0 341780960  21240 8245956    0    0     0     0 13928 24809  1  0 99  0  0
 1  0      0 341780480  21240 8246004    0    0     0     0 14377 25516  1  0 99  0  0
 0  0      0 341782784  21240 8246068    0    0     0     0 13555 24074  1  0 99  0  0
 1  0      0 341784128  21240 8246176    0    0     0     0 14687 25265  1  0 99  0  0
 1  0      0 341784576  21240 8246188    0    0     0     0 15391 26478  1  0 99  0  0
 0  0      0 341785536  21240 8246288    0    0     0     0 14204 25134  1  0 99  0  0
procs -----------memory---------- ---swap-- -----io---- -system-- ------cpu-----
 r  b   swpd   free   buff  cache   si   so    bi    bo   in   cs us sy id wa st
 0  0      0 341785760  21240 8246336    0    0     0     0 14432 25901  1  0 99  0  0
 0  0      0 341786240  21240 8246400    0    0     0     0 14265 25624  1  0 99  0  0
 0  0      0 341783072  21240 8246472    0    0     0     0 15768 27428  1  0 99  0  0
 2  0      0 341785312  21240 8246548    0    0     0     0 15460 27304  1  0 99  0  0
 1  0      0 341785536  21240 8246596    0    0     0     0 13386 24807  1  0 99  0  0
 0  0      0 341786688  21240 8246684    0    0     0     0 13320 24521  1  0 99  0  0
 0  0      0 341786944  21240 8246740    0    0     0     0 13515 23392  1  0 99  0  0
 1  0      0 341788384  21240 8246796    0    0     0     0 14150 24195  1  0 99  0  0
 0  0      0 341788768  21240 8246868    0    0     0     0 14112 24210  1  0 99  0  0
 1  0      0 341786720  21240 8246924    0    0     0     0 13489 22359  1  0 99  0  0
 1  0      0 341783200  21240 8246984    0    0     0     0 14397 24487  1  0 99  0  0
 0  0      0 341781696  21240 8247052    0    0     0     0 13918 24288  1  0 99  0  0
 0  0      0 341778624  21240 8247140    0    0     0     0 14857 24137  1  0 99  0  0
 1  0      0 341739744  21240 8247200    0    0     0     0 45579 26524  1  0 98  0  0
 0  0      0 341816320  21240 8247256    0    0     0     0 14424 25852  1  0 99  0  0
 0  0      0 341817536  21240 8247308    0    0     0     0 12988 23965  1  0 99  0  0
 1  0      0 341817888  21240 8247364    0    0     0     0 12725 24005  1  0 99  0  0
 0  0      0 341819008  21240 8247432    0    0     0     0 13479 25287  1  0 99  0  0
 0  0      0 341819712  21240 8247496    0    0     0     0 13491 24859  1  0 99  0  0
 0  0      0 341819840  21240 8247556    0    0     0     0 12725 24051  1  0 99  0  0
 0  0      0 341819968  21240 8247612    0    0     0     0 13555 25619  1  0 99  0  0
procs -----------memory---------- ---swap-- -----io---- -system-- ------cpu-----
 r  b   swpd   free   buff  cache   si   so    bi    bo   in   cs us sy id wa st
 0  0      0 341819680  21240 8247680    0    0     0     0 13952 26037  1  0 99  0  0
 0  0      0 341817408  21240 8247748    0    0     0     0 13506 24187  1  0 99  0  0
 0  0      0 341817216  21240 8247808    0    0     0     0 13995 25541  1  0 99  0  0
 0  0      0 341816960  21240 8247876    0    0     0     0 13976 23438  1  0 99  0  0
 1  0      0 341816096  21240 8247932    0    0     0     0 14534 24548  1  0 99  0  0
 0  0      0 341815936  21240 8248004    0    0     0     0 14022 24622  1  0 99  0  0
 0  0      0 341816320  21240 8248004    0    0     0     0 13971 25007  1  0 99  0  0
 0  0      0 341816192  21240 8248116    0    0     0     0 13757 25200  1  0 99  0  0
 0  0      0 341816672  21240 8248176    0    0     0     0 12749 23632  1  0 99  0  0
 1  0      0 341816608  21240 8248228    0    0     0     0 14009 26196  1  0 99  0  0
 0  0      0 341817152  21240 8248296    0    0     0     0 14216 26060  1  0 99  0  0
 3  0      0 341814592  21240 8248368    0    0     0     0 13243 24186  1  0 99  0  0
 0  0      0 341814912  21240 8248424    0    0     0     0 14045 26347  1  0 99  0  0
 0  0      0 341815264  21240 8248512    0    0     0     0 13767 23970  1  0 99  0  0
20  0      0 341815968  21240 8248592    0    0     0     0 14121 24030  1  0 99  0  0
62  0      0 341814848  21240 8248632    0    0     0     0 13881 23840  1  0 99  0  0
 0  0      0 341815072  21240 8248692    0    0     0     0 14477 25909  1  0 99  0  0
 0  0      0 341813760  21240 8248756    0    0     0     0 14619 25941  1  0 99  0  0
 2  0      0 341814528  21240 8248816    0    0     0     0 12878 23377  1  0 99  0  0
 0  1      0 341816000  21240 8248884    0    0     0     0 13647 23949  1  0 99  0  0
 0  1      0 341816576  21240 8248912    0    0     0     0 13954 25634  1  0 99  1  0
procs -----------memory---------- ---swap-- -----io---- -system-- ------cpu-----
 r  b   swpd   free   buff  cache   si   so    bi    bo   in   cs us sy id wa st
 0  1      0 341813920  21240 8248920    0    0     0     0 14318 24726  1  0 99  1  0
 0  1      0 341814976  21240 8248924    0    0     0     0 13969 26354  1  0 99  1  0
 0  1      0 341815296  21240 8248932    0    0     0     0 13335 25191  1  0 99  1  0
 0  1      0 341815232  21240 8248936    0    0     0     0 13573 24810  1  0 99  1  0
 1  1      0 341814752  21240 8248940    0    0     0     0 13313 23907  1  0 99  1  0
 0  0      0 341815232  21240 8249320    0    0     0     0 13978 26013  1  0 99  0  0
 0  0      0 341815616  21240 8249392    0    0     0     0 13773 23893  1  0 99  0  0
 0  0      0 341815904  21240 8249456    0    0     0     0 12775 22858  1  0 99  0  0
 0  0      0 341816128  21240 8249504    0    0     0     0 13798 25104  1  0 99  0  0
 0  0      0 341815648  21240 8249568    0    0     0     0 13838 25320  1  0 99  0  0
 0  0      0 341811744  21240 8249628    0    0     0     0 27937 34022  1  1 98  0  0
 1  0      0 341808064  21240 8249696    0    0     0     0 18878 34223  1  0 99  0  0
 0  0      0 341807648  21240 8249764    0    0     0     0 12792 24826  1  0 99  0  0
 0  0      0 341807296  21240 8249816    0    0     0     0 13052 24782  1  0 99  0  0
 0  0      0 341807328  21240 8249872    0    0     0     0 13332 24511  1  0 99  0  0
 0  0      0 341804608  21240 8249932    0    0     0     0 15055 26003  1  0 99  0  0
 0  0      0 341802272  21240 8250004    0    0     0     0 14730 26224  1  0 99  0  0
 0  0      0 341800096  21240 8250076    0    0     0     0 13804 23934  1  0 99  0  0
 0  0      0 341799776  21240 8250092    0    0     0     0 14242 26100  1  0 99  0  0
 3  0      0 341795680  21240 8250184    0    0     0     0 14588 27527  1  0 99  0  0
 0  0      0 341792096  21240 8250256    0    0     0     0 14199 26516  1  0 99  0  0
procs -----------memory---------- ---swap-- -----io---- -system-- ------cpu-----
 r  b   swpd   free   buff  cache   si   so    bi    bo   in   cs us sy id wa st
 1  0      0 341790592  21240 8250316    0    0     0     0 13839 25955  1  0 99  0  0
 0  0      0 341787648  21240 8250372    0    0     0     0 12347 23673  1  0 99  0  0
 0  0      0 341785152  21240 8250432    0    0     0     0 13073 24273  1  0 99  0  0
 0  0      0 341782848  21240 8250484    0    0     0     0 14425 25529  1  0 99  0  0
 0  0      0 341780096  21240 8250556    0    0     0     0 13664 25173  1  0 99  0  0
 0  0      0 341775744  21240 8250620    0    0     0     0 13880 24930  1  0 99  0  0
 0  0      0 341773440  21240 8250680    0    0     0     0 13312 24134  1  0 99  0  0
 0  0      0 341770688  21240 8250740    0    0     0     0 13941 26099  1  0 99  0  0
 1  0      0 341765792  21240 8250800    0    0     0     0 72643 29271  2  0 98  0  0
 0  0      0 341763008  21240 8250860    0    0     0     0 14072 25704  1  0 99  0  0
 0  0      0 341764864  21240 8250924    0    0     0     0 13291 24013  1  0 99  0  0
 0  0      0 341764672  21240 8250988    0    0     0     0 12829 23173  1  0 99  0  0
 0  0      0 341764640  21240 8251048    0    0     0     0 14288 25230  1  0 99  0  0
 0  0      0 341763968  21240 8251104    0    0     0     0 14378 24701  1  0 99  0  0
 0  1      0 341762624  21240 8251164    0    0     0     0 12717 23199  1  0 99  0  0
 2  0      0 341763104  21240 8251208    0    0     0     0 13386 24010  1  0 99  0  0
 0  0      0 341760320  21240 8251328    0    0     0     0 14577 24702  1  0 99  0  0
 2  0      0 341759488  21240 8251384    0    0     0     0 15237 25632  1  0 99  0  0
 0  0      0 341754048  21240 8251532    0    0     0     0 16521 25996  1  0 99  0  0
 0  0      0 341751456  21240 8251576    0    0     0     0 12436 24781  1  0 99  0  0
 0  0      0 341752352  21240 8251640    0    0     0     0 14621 26492  1  0 99  0  0
procs -----------memory---------- ---swap-- -----io---- -system-- ------cpu-----
 r  b   swpd   free   buff  cache   si   so    bi    bo   in   cs us sy id wa st
 1  0      0 341751680  21240 8251696    0    0     0     0 13834 25217  1  0 99  0  0
 0  0      0 341751936  21240 8251756    0    0     0     0 14262 25401  1  0 99  0  0
 0  0      0 341751296  21240 8251812    0    0     0     0 15116 26439  1  0 99  0  0
 1  0      0 341750016  21240 8251888    0    0     0     0 14598 26118  1  0 99  0  0
 0  0      0 341749024  21240 8251952    0    0     0     0 13924 24990  1  0 99  0  0
 0  0      0 341750208  21240 8252004    0    0     0     0 13387 23840  1  0 99  0  0
 0  0      0 341751104  21240 8252068    0    0     0     0 14043 25082  1  0 99  0  0
 0  0      0 341752800  21240 8252124    0    0     0     0 13784 24650  1  0 99  0  0
 0  0      0 341748224  21240 8252192    0    0     0     0 13576 23778  1  0 99  0  0
 0  0      0 341748416  21240 8252264    0    0     0     0 14330 25379  1  0 99  0  0
 0  0      0 341748864  21240 8252328    0    0     0     0 13048 23520  1  0 99  0  0
 0  0      0 341749824  21240 8252372    0    0     0     0 13724 23672  1  0 99  0  0
 0  0      0 341750816  21240 8252424    0    0     0     0 14019 24955  1  0 99  0  0
 0  0      0 341751776  21240 8252488    0    0     0     0 14399 25054  1  0 99  0  0
 0  0      0 341751296  21240 8252576    0    0     0     0 14242 23871  1  0 99  0  0
 0  0      0 341751328  21240 8252632    0    0     0     0 13242 22842  1  0 99  0  0
 5  0      0 341751936  21240 8252676    0    0     0     0 13987 23940  1  0 99  0  0
 1  0      0 341752672  21240 8252748    0    0     0     0 14739 24780  1  0 99  0  0
 2  0      0 341750688  21240 8252820    0    0     0     0 14943 23875  1  0 99  0  0
 0  0      0 341751040  21240 8252872    0    0     0     0 15192 24356  1  0 99  0  0
 1  0      0 341751232  21240 8252928    0    0     0     0 14141 23871  1  0 99  0  0
procs -----------memory---------- ---swap-- -----io---- -system-- ------cpu-----
 r  b   swpd   free   buff  cache   si   so    bi    bo   in   cs us sy id wa st
 0  0      0 341751296  21240 8252984    0    0     0     0 14589 24675  1  0 99  0  0
 0  0      0 341751104  21240 8253048    0    0     0     0 15388 26058  1  0 99  0  0
 0  0      0 341751328  21240 8253108    0    0     0     0 15788 26600  1  0 99  0  0
 1  0      0 341751744  21240 8253192    0    0     0     0 15398 25884  1  0 99  0  0
 2  0      0 341752704  21240 8253248    0    0     0     0 14153 24238  1  0 99  0  0
 1  1      0 341751328  21240 8253284    0    0     0     0 14887 25780  1  0 99  0  0
161  1      0 341751200  21240 8253328    0    0     0     0 14497 25737  1  0 99  1  0
19  1      0 341749824  21240 8253336    0    0     0     0 15138 25590  1  0 99  1  0
 3  1      0 341749472  21240 8253348    0    0     0     0 15825 26930  1  0 99  1  0
 0  1      0 341748352  21240 8253352    0    0     0     0 15387 26983  1  0 99  1  0
 1  1      0 341747392  21240 8253356    0    0     0     0 15591 26897  1  0 99  1  0
 3  1      0 341746976  21240 8253392    0    0     0     0 15742 27305  1  0 99  1  0
 0  0      0 341746880  21240 8253752    0    0     0     0 16588 28258  1  0 99  0  0
 0  0      0 341746368  21240 8253816    0    0     0     0 15544 26611  1  0 99  0  0
 5  0      0 341745152  21240 8253884    0    0     0     0 15061 26313  1  0 99  0  0
 0  0      0 341742336  21240 8253968    0    0     0     0 15680 27345  1  0 99  0  0
 0  0      0 341740384  21240 8254008    0    0     0     0 15573 27552  1  0 99  0  0
 0  0      0 341735680  21240 8254068    0    0     0     0 15747 27325  1  0 99  0  0
 0  0      0 341734400  21240 8254144    0    0     0     0 15185 27344  1  0 99  0  0
 1  0      0 341731840  21240 8254196    0    0     0     0 14709 26280  1  0 99  0  0
 0  0      0 341728896  21240 8254288    0    0     0     0 15300 26575  1  0 99  0  0
procs -----------memory---------- ---swap-- -----io---- -system-- ------cpu-----
 r  b   swpd   free   buff  cache   si   so    bi    bo   in   cs us sy id wa st
 0  0      0 341725600  21240 8254356    0    0     0     0 15758 27729  1  0 99  0  0
 0  0      0 341723712  21240 8254408    0    0     0     0 15484 27757  1  0 99  0  0
 0  0      0 341722208  21240 8254472    0    0     0     0 15727 27585  1  0 99  0  0
 0  0      0 341720000  21240 8254528    0    0     0     0 15395 27333  1  0 99  0  0
 2  0      0 341719040  21240 8254596    0    0     0     0 16089 28257  1  0 99  0  0
 1  0      0 341718592  21240 8254596    0    0     0     0 51932 30455  1  0 98  0  0
 0  0      0 341711968  21240 8254716    0    0     0     0 16400 28111  1  0 99  0  0
 2  0      0 341711712  21240 8254776    0    0     0     0 15735 27776  1  0 99  0  0
 0  0      0 341710976  21240 8254856    0    0     0     0 15601 27813  1  0 99  0  0
 1  0      0 341710336  21240 8254896    0    0     0     0 15533 27079  1  0 99  0  0
 0  0      0 341709312  21240 8254968    0    0     0     0 15831 27844  1  0 99  0  0
 0  0      0 341709344  21240 8255024    0    0     0     0 16218 28395  1  0 99  0  0
 0  0      0 341707328  21240 8255120    0    0     0     0 16074 27981  1  0 99  0  0
 1  0      0 341707424  21240 8255180    0    0     0     0 15228 26827  1  0 99  0  0
 0  0      0 341707520  21240 8255284    0    0     0     0 15808 27908  1  0 99  0  0
 0  0      0 341707584  21240 8255384    0    0     0     0 15779 27728  1  0 99  0  0
 0  1      0 341704768  21240 8255436    0    0     0     0 15560 26400  1  0 99  0  0
 2  0      0 341703616  21240 8255436    0    0     0     0 16195 28246  1  0 99  0  0
 0  0      0 341702816  21240 8255592    0    0     0     0 15446 26946  1  0 99  0  0
 3  0      0 341702848  21240 8255668    0    0     0     0 15671 27214  1  0 99  0  0
 0  0      0 341702784  21240 8255724    0    0     0     0 16009 27582  1  0 99  0  0
procs -----------memory---------- ---swap-- -----io---- -system-- ------cpu-----
 r  b   swpd   free   buff  cache   si   so    bi    bo   in   cs us sy id wa st
 0  0      0 341702752  21240 8255840    0    0     0     0 14151 26980  1  0 99  0  0
 0  0      0 341703616  21240 8255848    0    0     0     0 16614 27799  1  0 99  0  0
 1  0      0 341703264  21240 8255960    0    0     0     0 15247 26793  1  0 99  0  0
 0  0      0 341703712  21240 8256020    0    0     0     0 16374 28766  1  0 99  0  0
 0  0      0 341702784  21240 8256068    0    0     0     0 15796 27271  1  0 99  0  0
 1  0      0 341699712  21240 8256144    0    0     0     0 15795 27010  1  0 99  0  0
 0  0      0 341699488  21240 8256220    0    0     0     0 15784 27477  1  0 99  0  0
 1  0      0 341700032  21240 8256260    0    0     0     0 15142 26060  1  0 99  0  0
 3  0      0 341700000  21240 8256316    0    0     0     0 15383 26197  1  0 99  0  0
 2  0      0 341699552  21240 8256372    0    0     0     0 15440 26969  1  0 99  0  0
 0  0      0 341699104  21240 8256460    0    0     0     0 16038 27929  1  0 99  0  0
 0  0      0 341698880  21240 8256504    0    0     0     0 15719 27366  1  0 99  0  0
 1  0      0 341699424  21240 8256564    0    0     0     0 15458 27291  1  0 99  0  0
 0  0      0 341698592  21240 8256620    0    0     0     0 15770 27417  1  0 99  0  0
 1  0      0 341700608  21240 8256696    0    0     0     0 16300 28068  1  0 99  0  0
 0  0      0 341699840  21240 8256760    0    0     0     0 16378 28140  1  0 99  0  0
 0  0      0 341701088  21240 8256816    0    0     0     0 15865 27428  1  0 99  0  0
 1  0      0 341701152  21240 8256872    0    0     0     0 15543 27093  1  0 99  0  0
 1  0      0 341702272  21240 8256960    0    0     0     0 15709 27038  1  0 99  0  0
 0  0      0 341702816  21240 8257000    0    0     0     0 16333 28366  1  0 99  0  0
 0  0      0 341703264  21240 8257056    0    0     0     0 16650 28444  1  0 99  0  0
procs -----------memory---------- ---swap-- -----io---- -system-- ------cpu-----
 r  b   swpd   free   buff  cache   si   so    bi    bo   in   cs us sy id wa st
 0  0      0 341702464  21240 8257176    0    0     0     0 15859 27566  1  0 99  0  0
 0  0      0 341703232  21240 8257228    0    0     0     0 15636 27524  1  0 99  0  0
 0  0      0 341703808  21240 8257292    0    0     0     0 16018 28041  1  0 99  0  0
 0  0      0 341705472  21240 8257336    0    0     0     0 16056 28362  1  0 99  0  0
 1  0      0 341702304  21240 8257392    0    0     0     0 27042 38710  1  1 98  0  0
 0  0      0 341699456  21240 8257492    0    0     0     0 22218 37436  1  0 99  0  0
 1  0      0 341698560  21240 8257520    0    0     0     0 16320 28315  1  0 99  0  0
 1  1      0 341698688  21240 8257600    0    0     0     0 15428 27413  1  0 99  0  0
 0  1      0 341698976  21240 8257616    0    0     0     0 15396 27624  1  0 99  1  0
 0  1      0 341698304  21240 8257620    0    0     0     0 15553 28066  1  0 99  1  0
 1  1      0 341699648  21240 8257628    0    0     0     0 15120 27372  1  0 99  1  0
 0  1      0 341700512  21240 8257636    0    0     0     0 14759 26621  1  0 99  1  0
 0  1      0 341700192  21240 8257640    0    0     0     0 14837 27268  1  0 99  1  0
 0  1      0 341701216  21240 8257644    0    0     0     0 15908 27992  1  0 99  1  0
 1  0      0 341696128  21240 8258068    0    0     0     0 18450 30021  1  0 99  0  0
 0  0      0 341696224  21240 8258104    0    0     0     0 15952 27901  1  0 99  0  0
 1  0      0 341696672  21240 8258144    0    0     0     0 15554 27740  1  0 99  0  0
 0  0      0 341696896  21240 8258200    0    0     0     0 15218 26637  1  0 99  0  0
 0  0      0 341695904  21240 8258260    0    0     0     0 15903 27874  1  0 99  0  0
 0  0      0 341696320  21240 8258312    0    0     0     0 16091 28231  1  0 99  0  0
 0  0      0 341696928  21240 8258424    0    0     0     0 15710 27604  1  0 99  0  0
procs -----------memory---------- ---swap-- -----io---- -system-- ------cpu-----
 r  b   swpd   free   buff  cache   si   so    bi    bo   in   cs us sy id wa st
 0  0      0 341693856  21240 8258492    0    0     0     0 15400 27089  1  0 99  0  0
 2  0      0 341693376  21240 8258512    0    0     0     0 16066 28346  1  0 99  0  0
 0  0      0 341693440  21240 8258560    0    0     0     0 16444 28380  1  0 99  0  0
 0  0      0 341688544  21240 8258632    0    0     0     0 15978 27773  1  0 99  0  0
 0  0      0 341686464  21240 8258744    0    0     0     0 15884 27787  1  0 99  0  0
 0  0      0 341684480  21240 8258792    0    0     0     0 42138 28774  1  0 99  0  0
 0  0      0 341684864  21240 8258860    0    0     0     0 14958 26549  1  0 99  0  0
 0  0      0 341685472  21240 8258920    0    0     0     0 15320 27279  1  0 99  0  0
 1  0      0 341684672  21240 8258988    0    0     0     0 16292 28175  1  0 99  0  0
 0  0      0 341684320  21240 8259020    0    0     0     0 15415 27235  1  0 99  0  0
 0  0      0 341683488  21240 8259108    0    0     0     0 15214 27073  1  0 99  0  0
 1  0      0 341682432  21240 8259172    0    0     0     0 15809 28049  1  0 99  0  0
 0  0      0 341681984  21240 8259172    0    0     0     0 15397 27514  1  0 99  0  0
 0  0      0 341677728  21240 8259248    0    0     0     0 15656 27605  1  0 99  0  0
 0  0      0 341675840  21240 8259304    0    0     0     0 15035 26066  1  0 99  0  0
 0  0      0 341675424  21240 8259416    0    0     0     0 14925 26571  1  0 99  0  0
 0  0      0 341675104  21240 8259424    0    0     0     0 15298 26943  1  0 99  0  0
 1  0      0 341675840  21240 8259540    0    0     0     0 15542 27466  1  0 99  0  0
 1  0      0 341675008  21240 8259548    0    0     0     0 16001 28109  1  0 99  0  0
 1  0      0 341673760  21240 8259636    0    0     0     0 15648 27455  1  0 99  0  0
 1  0      0 341673536  21240 8259664    0    0     0     0 15081 26638  1  0 99  0  0
procs -----------memory---------- ---swap-- -----io---- -system-- ------cpu-----
 r  b   swpd   free   buff  cache   si   so    bi    bo   in   cs us sy id wa st
 0  0      0 341672640  21240 8259736    0    0     0     0 15799 27935  1  0 99  0  0
 1  0      0 341672928  21240 8259768    0    0     0     0 15568 26834  1  0 99  0  0
 2  0      0 341671520  21240 8259864    0    0     0     0 15948 27776  1  0 99  0  0
 0  0      0 341672352  21240 8259908    0    0     0     0 15611 27298  1  0 99  0  0
 0  0      0 341672768  21240 8260028    0    0     0     0 15664 27448  1  0 99  0  0
 0  0      0 341672928  21240 8260040    0    0     0     0 15152 26424  1  0 99  0  0
 0  0      0 341672704  21240 8260096    0    0     0     0 14403 25939  1  0 99  0  0
 0  0      0 341672640  21240 8260160    0    0     0     0 14428 27144  1  0 99  0  0
 0  0      0 341670144  21240 8260236    0    0     0     0 14108 25817  1  0 99  0  0
 0  0      0 341672448  21240 8260336    0    0     0     0 13972 25421  1  0 99  0  0
 0  0      0 341673184  21240 8260364    0    0     0     0 14113 26291  1  0 99  0  0
 0  0      0 341673344  21240 8260408    0    0     0     0 14972 26867  1  0 99  0  0
 0  0      0 341673600  21240 8260528    0    0     0     0 15285 27270  1  0 99  0  0
 2  0      0 341674144  21240 8260540    0    0     0     0 14115 26090  1  0 99  0  0
14  0      0 341674624  21240 8260592    0    0     0     0 13823 25478  1  0 99  0  0
59  0      0 341674048  21240 8260660    0    0     0     0 13382 24248  1  0 99  0  0
 8  0      0 341675488  21240 8260708    0    0     0     0 14603 25626  1  0 99  0  0
 0  0      0 341677408  21240 8260776    0    0     0     0 14853 26394  1  0 99  0  0
 0  0      0 341678336  21240 8260888    0    0     0     0 14648 26608  1  0 99  0  0
 2  0      0 341678528  21240 8260948    0    0     0     0 14344 25571  1  0 99  0  0
 0  0      0 341677856  21240 8261012    0    0     0     0 14696 26433  1  0 99  0  0
procs -----------memory---------- ---swap-- -----io---- -system-- ------cpu-----
 r  b   swpd   free   buff  cache   si   so    bi    bo   in   cs us sy id wa st
 0  0      0 341677760  21240 8261020    0    0     0     0 14763 26539  1  0 99  0  0
 0  0      0 341675360  21240 8261136    0    0     0     0 15047 27378  1  0 99  0  0
 4  0      0 341674304  21240 8261200    0    0     0     0 14669 26366  1  0 99  0  0
 0  0      0 341674528  21240 8261256    0    0     0     0 14393 25755  1  0 99  0  0
 0  0      0 341674848  21240 8261268    0    0     0     0 14266 25409  1  0 99  0  0
 0  0      0 341673504  21240 8261380    0    0     0     0 14482 25994  1  0 99  0  0
 0  0      0 341673088  21240 8261380    0    0     0     0 14943 26445  1  0 99  0  0
 0  0      0 341673024  21240 8261508    0    0     0     0 14855 27801  1  0 99  0  0
 0  0      0 341673920  21240 8261564    0    0     0     0 14208 26188  1  0 99  0  0
 0  0      0 341674400  21240 8261580    0    0     0     0 14718 26842  1  0 99  0  0
 0  0      0 341675296  21240 8261636    0    0     0     0 15216 27735  1  0 99  0  0
 0  0      0 341673984  21240 8261752    0    0     0     0 15748 28277  1  0 99  0  0
 4  0      0 341674304  21240 8261848    0    0     0     0 14901 27362  1  0 99  0  0
 0  0      0 341674400  21240 8261904    0    0     0     0 14463 26592  1  0 99  0  0
 1  0      0 341675616  21240 8261916    0    0     0     0 14418 26058  1  0 99  0  0
 0  0      0 341676928  21240 8262060    0    0     0     0 15099 27267  1  0 99  0  0
 1  0      0 341676928  21240 8262132    0    0     0     0 15004 27664  1  0 99  0  0
 1  0      0 341676160  21240 8262140    0    0     0     0 15046 27553  1  0 99  0  0
 1  0      0 341677088  21240 8262212    0    0     0     0 14915 27208  1  0 99  0  0
 0  0      0 341678048  21240 8262304    0    0     0     0 14865 27268  1  0 99  0  0
 1  0      0 341681248  21240 8262400    0    0     0     0 15548 28029  1  0 99  0  0
procs -----------memory---------- ---swap-- -----io---- -system-- ------cpu-----
 r  b   swpd   free   buff  cache   si   so    bi    bo   in   cs us sy id wa st
 0  0      0 341678240  21240 8262468    0    0     0     0 15519 27798  1  0 99  0  0
 0  0      0 341679392  21240 8262528    0    0     0     0 15181 27597  1  0 99  0  0
 0  0      0 341679936  21240 8262592    0    0     0     0 14963 27141  1  0 99  0  0
 0  0      0 341679808  21240 8262640    0    0     0     0 14197 26208  1  0 99  0  0
 0  0      0 341680544  21240 8262708    0    0     0     0 15114 27535  1  0 99  0  0
 0  0      0 341680576  21240 8262728    0    0     0     0 15579 28225  1  0 99  0  0
 0  0      0 341688864  21240 8262836    0    0     0     0 41701 29923  2  0 98  0  0
 0  0      0 341816832  21240 8262892    0    0     0     0 14939 26646  1  0 99  0  0
 0  0      0 341816192  21240 8262908    0    0     0     0 14518 26471  1  0 99  0  0
 0  0      0 341816288  21240 8263020    0    0     0     0 15606 28046  1  0 99  0  0
 0  0      0 341816416  21240 8263024    0    0     0     0 15537 27734  1  0 99  0  0
 0  0      0 341817152  21240 8263140    0    0     0     0 15022 27157  1  0 99  0  0
 0  0      0 341815040  21240 8263200    0    0     0     0 15098 27129  1  0 99  0  0
 0  1      0 341804448  21240 8263212    0    0     0     0 15163 27185  1  0 99  0  0
 0  1      0 341811680  21240 8263324    0    0     0     0 16007 28416  1  0 99  1  0
 0  1      0 341812320  21240 8263276    0    0     0     0 15507 28038  1  0 99  1  0
 0  1      0 341812064  21240 8263288    0    0     0     0 15089 27442  1  0 99  1  0
 0  1      0 341810048  21240 8263296    0    0     0     0 14825 26879  1  0 99  1  0
 0  1      0 341809344  21240 8263300    0    0     0     0 14819 27253  1  0 99  1  0
 0  1      0 341807104  21240 8263300    0    0     0     0 14958 27066  1  0 99  1  0
 0  1      0 341797696  21240 8263308    0    0     0     0 15475 28037  1  0 99  1  0
procs -----------memory---------- ---swap-- -----io---- -system-- ------cpu-----
 r  b   swpd   free   buff  cache   si   so    bi    bo   in   cs us sy id wa st
 0  1      0 341790976  21240 8263308    0    0     0     0 14702 26814  1  0 99  1  0
 0  1      0 341783872  21240 8263324    0    0     0     0 14474 26780  1  0 99  1  0
 0  0      0 341776736  21240 8263888    0    0     0     0 15215 27935  1  0 99  0  0
 1  0      0 341774976  21240 8263952    0    0     0     0 14616 26832  1  0 99  0  0
 0  0      0 341772864  21240 8264020    0    0     0     0 26122 30460  1  0 98  0  0
 0  0      0 341774304  21240 8264028    0    0     0     0 15166 27826  1  0 99  0  0
 1  0      0 341776160  21240 8264096    0    0     0     0 14431 26662  1  0 99  0  0
 0  0      0 341776672  21240 8264196    0    0     0     0 14792 27252  1  0 99  0  0
 0  0      0 341777024  21240 8264264    0    0     0     0 15543 27636  1  0 99  0  0
 1  0      0 341772448  21240 8264388    0    0     0     0 16297 28684  1  0 99  0  0
 0  0      0 341772736  21240 8264452    0    0     0     0 15466 27605  1  0 99  0  0
 1  0      0 341773408  21240 8264512    0    0     0     0 14925 27409  1  0 99  0  0
 0  0      0 341772832  21240 8264560    0    0     0     0 14687 26473  1  0 99  0  0
 1  0      0 341771872  21240 8264628    0    0     0     0 15266 27449  1  0 99  0  0
 1  0      0 341771264  21240 8264736    0    0     0     0 15341 27702  1  0 99  0  0
 0  0      0 341770592  21240 8264796    0    0     0     0 15198 28256  1  0 99  0  0
 0  0      0 341770784  21240 8264860    0    0     0     0 14848 26875  1  0 99  0  0
 0  0      0 341771072  21240 8264908    0    0     0     0 14811 27182  1  0 99  0  0
 2  0      0 341769536  21240 8264932    0    0     0     0 15196 27455  1  0 99  0  0
 1  0      0 341760192  21240 8265044    0    0     0     0 28814 42338  1  1 98  0  0
 2  0      0 341761408  21240 8265060    0    0     0     0 18209 32284  1  0 99  0  0
procs -----------memory---------- ---swap-- -----io---- -system-- ------cpu-----
 r  b   swpd   free   buff  cache   si   so    bi    bo   in   cs us sy id wa st
 0  0      0 341762816  21240 8265148    0    0     0     0 14833 27233  1  0 99  0  0
 0  0      0 341762368  21240 8265224    0    0     0     0 14385 26172  1  0 99  0  0
 0  0      0 341762592  21240 8265228    0    0     0     0 15468 27656  1  0 99  0  0
 0  0      0 341760928  21240 8265312    0    0     0     0 15654 28178  1  0 99  0  0
 0  0      0 341760512  21240 8265316    0    0     0     0 15745 28293  1  0 99  0  0
 3  0      0 341756704  21240 8265424    0    0     0     0 15770 27296  1  0 99  0  0
 1  0      0 341754688  21240 8265536    0    0     0     0 14801 27428  1  0 99  0  0
 0  0      0 341753696  21240 8265596    0    0     0     0 15556 27800  1  0 99  0  0
 0  0      0 341750304  21240 8265656    0    0     0     0 15558 28104  1  0 99  0  0
 0  0      0 341748128  21240 8265720    0    0     0     0 15177 27593  1  0 99  0  0
 0  0      0 341746912  21240 8265772    0    0     0     0 15694 27588  1  0 99  0  0
 3  0      0 341743168  21240 8265828    0    0     0     0 15413 26775  1  0 99  0  0
 1  0      0 341740160  21240 8265896    0    0     0     0 16156 27811  1  0 99  0  0
 2  0      0 341738304  21240 8265948    0    0     0     0 16092 27943  1  0 99  0  0
 0  0      0 341735968  21240 8266024    0    0     0     0 15138 27755  1  0 99  0  0
 1  0      0 341734080  21240 8266080    0    0     0     0 14779 27130  1  0 99  0  0
 2  0      0 341731136  21240 8266144    0    0     0     0 15139 27453  1  0 99  0  0
 0  0      0 341730048  21240 8266204    0    0     0     0 15295 27717  1  0 99  0  0
 1  0      0 341728064  21240 8266276    0    0     0     0 15179 27780  1  0 99  0  0
 0  0      0 341725024  21240 8266336    0    0     0     0 15434 28105  1  0 99  0  0
 0  0      0 341722272  21240 8266384    0    0     0     0 14487 26616  1  0 99  0  0
procs -----------memory---------- ---swap-- -----io---- -system-- ------cpu-----
 r  b   swpd   free   buff  cache   si   so    bi    bo   in   cs us sy id wa st
 4  0      0 341720256  21240 8266448    0    0     0     0 14068 26171  1  0 99  0  0
 6  0      0 341718720  21240 8266508    0    0     0     0 14955 27395  1  0 99  0  0
39  0      0 341716064  21240 8266576    0    0     0     0 15051 27911  1  0 99  0  0
84  0      0 341714528  21240 8266636    0    0     0     0 14584 27015  1  0 99  0  0
14  0      0 341711840  21240 8266700    0    0     0     0 14438 26148  1  0 99  0  0
 2  0      0 341709568  21240 8266756    0    0     0     0 14782 27291  1  0 99  0  0
 1  0      0 341708800  21240 8266824    0    0     0     0 15154 27627  1  0 99  0  0
 1  0      0 341704544  21240 8266884    0    0     0     0 15633 28252  1  0 99  0  0
 0  0      0 341701600  21240 8266944    0    0     0     0 14989 27333  1  0 99  0  0
 1  0      0 341700832  21240 8267032    0    0     0     0 15100 27376  1  0 99  0  0
 3  0      0 341699232  21240 8267092    0    0     0     0 15313 27256  1  0 99  0  0
 0  0      0 341699296  21240 8267156    0    0     0     0 15633 28158  1  0 99  0  0
 0  0      0 341698976  21240 8267224    0    0     0     0 16066 28263  1  0 99  0  0
 1  0      0 341699584  21240 8267288    0    0     0     0 15503 27652  1  0 99  0  0
 0  0      0 341699904  21240 8267344    0    0     0     0 15253 27789  1  0 99  0  0
 0  0      0 341699136  21240 8267360    0    0     0     0 15073 27502  1  0 99  0  0
 0  0      0 341698176  21240 8267436    0    0     0     0 15092 27562  1  0 99  0  0
 0  0      0 341693440  21240 8267536    0    0     0     0 15989 28364  1  0 99  0  0
 0  0      0 341692000  21240 8267600    0    0     0     0 15164 27427  1  0 99  0  0
 0  0      0 341692480  21240 8267652    0    0     0     0 15193 27301  1  0 99  0  0
 2  0      0 341692576  21240 8267712    0    0     0     0 15302 27188  1  0 99  0  0
procs -----------memory---------- ---swap-- -----io---- -system-- ------cpu-----
 r  b   swpd   free   buff  cache   si   so    bi    bo   in   cs us sy id wa st
 0  0      0 341692032  21240 8267772    0    0     0     0 15764 27876  1  0 99  0  0
 0  0      0 341689248  21240 8267844    0    0     0     0 16722 28460  1  0 99  0  0
 0  0      0 341689216  21240 8267904    0    0     0     0 16191 28736  1  0 99  0  0
 1  0      0 341688480  21240 8267964    0    0     0     0 15601 26865  1  0 99  0  0
 1  0      0 341688096  21240 8268020    0    0     0     0 15749 27861  1  0 99  0  0
 0  0      0 341687616  21240 8268084    0    0     0     0 16283 27989  1  0 99  0  0
 1  0      0 341683424  21240 8268148    0    0     0     0 16703 28734  1  0 99  0  0
 2  0      0 341793600  21240 8268204    0    0     0     0 44509 30254  2  0 98  0  0
 0  0      0 341794048  21240 8268268    0    0     0     0 15252 27198  1  0 99  0  0
 0  0      0 341793088  21240 8268324    0    0     0     0 15429 27409  1  0 99  0  0
 0  0      0 341793408  21240 8268388    0    0     0     0 15970 28026  1  0 99  0  0
 0  0      0 341791840  21240 8268456    0    0     0     0 15697 27914  1  0 99  0  0
 0  0      0 341791616  21240 8268524    0    0     0     0 15412 27856  1  0 99  0  0
 2  0      0 341792256  21240 8268568    0    0     0     0 14842 27274  1  0 99  0  0
 0  1      0 341791072  21240 8268632    0    0     0     0 15282 27812  1  0 99  0  0
 0  1      0 341791232  21240 8268640    0    0     0     0 15506 27830  1  0 99  1  0
 0  1      0 341789600  21240 8268644    0    0     0     0 15605 28189  1  0 99  1  0
 1  1      0 341788704  21240 8268652    0    0     0     0 15619 27679  1  0 99  1  0
 1  1      0 341788128  21240 8268656    0    0     0     0 15543 27843  1  0 99  1  0
 0  1      0 341786592  21240 8268664    0    0     0     0 15461 27074  1  0 99  1  0
 2  1      0 341778656  21240 8268668    0    0     0     0 15702 28071  1  0 99  1  0
procs -----------memory---------- ---swap-- -----io---- -system-- ------cpu-----
 r  b   swpd   free   buff  cache   si   so    bi    bo   in   cs us sy id wa st
 0  1      0 341770944  21240 8268676    0    0     0     0 16577 28611  1  0 99  1  0
 1  1      0 341762880  21240 8268680    0    0     0     0 15636 28206  1  0 99  1  0
 0  1      0 341755904  21240 8268684    0    0     0     0 15148 27204  1  0 99  1  0
 0  0      0 341742048  21240 8269248    0    0     0     0 26680 31306  2  0 98  0  0
 0  0      0 341741280  21240 8269304    0    0     0     0 15502 27863  1  0 99  0  0
 0  0      0 341740160  21240 8269372    0    0     0     0 15318 27579  1  0 99  0  0
 0  0      0 341740096  21240 8269432    0    0     0     0 15173 27918  1  0 99  0  0
 0  0      0 341740736  21240 8269488    0    0     0     0 14352 26536  1  0 99  0  0
 0  0      0 341740992  21240 8269548    0    0     0     0 14853 27109  1  0 99  0  0
 0  0      0 341741632  21240 8269612    0    0     0     0 15763 28208  1  0 99  0  0
 0  0      0 341742016  21240 8269680    0    0     0     0 15519 27720  1  0 99  0  0
 3  0      0 341741632  21240 8269740    0    0     0     0 15670 28020  1  0 99  0  0
 0  0      0 341741152  21240 8269800    0    0     0     0 15218 27369  1  0 99  0  0
 1  0      0 341740512  21240 8269860    0    0     0     0 15408 27897  1  0 99  0  0
 2  0      0 341740416  21240 8269924    0    0     0     0 15351 27805  1  0 99  0  0
 0  0      0 341738112  21240 8269988    0    0     0     0 15782 28001  1  0 99  0  0
 0  0      0 341738144  21240 8270052    0    0     0     0 15225 27953  1  0 99  0  0
 0  0      0 341737728  21240 8270116    0    0     0     0 14731 26927  1  0 99  0  0
 1  0      0 341736480  21240 8270168    0    0     0     0 14688 27158  1  0 99  0  0
 2  0      0 341736192  21240 8270232    0    0     0     0 15327 28002  1  0 99  0  0
 0  0      0 341734848  21240 8270296    0    0     0     0 15187 27115  1  0 99  0  0
procs -----------memory---------- ---swap-- -----io---- -system-- ------cpu-----
 r  b   swpd   free   buff  cache   si   so    bi    bo   in   cs us sy id wa st
 1  0      0 341731712  21240 8270360    0    0     0     0 14888 27134  1  0 99  0  0
 0  0      0 341729984  21240 8270416    0    0     0     0 14486 27315  1  0 99  0  0
 0  0      0 341729632  21240 8270480    0    0     0     0 14830 27126  1  0 99  0  0
 1  0      0 341728544  21240 8270536    0    0     0     0 15096 27561  1  0 99  0  0
 0  0      0 341724576  21240 8270604    0    0     0     0 15523 27920  1  0 99  0  0
 0  0      0 341722880  21240 8270668    0    0     0     0 14644 26790  1  0 99  0  0
 2  0      0 341716736  21240 8270724    0    0     0     0 15317 26673  1  0 99  0  0
 0  0      0 341714304  21240 8270780    0    0     0     0 14859 26556  1  0 99  0  0
 0  0      0 341711360  21240 8270860    0    0     0     0 15558 27759  1  0 99  0  0
 1  0      0 341707392  21240 8270928    0    0     0     0 15380 27238  1  0 99  0  0
 0  0      0 341704448  21240 8270992    0    0     0     0 15973 28335  1  0 99  0  0
 0  0      0 341701632  21240 8271048    0    0     0     0 15303 27482  1  0 99  0  0
 0  0      0 341699776  21240 8271104    0    0     0     0 15248 27678  1  0 99  0  0
 1  0      0 341697504  21240 8271172    0    0     0     0 15776 28011  1  0 99  0  0
 0  0      0 341691520  21240 8271240    0    0     0     0 15879 27914  1  0 99  0  0
 1  0      0 341688608  21240 8271292    0    0     0     0 15544 27523  1  0 99  0  0
 0  0      0 341688032  21240 8271352    0    0     0     0 14943 27162  1  0 99  0  0
 0  0      0 341687360  21240 8271408    0    0     0     0 15076 27221  1  0 99  0  0
 1  0      0 341684960  21240 8271472    0    0     0     0 15455 27512  1  0 99  0  0
 1  0      0 341683424  21240 8271540    0    0     0     0 15557 27721  1  0 99  0  0
 1  0      0 341682912  21240 8271600    0    0     0     0 15703 28132  1  0 99  0  0
procs -----------memory---------- ---swap-- -----io---- -system-- ------cpu-----
 r  b   swpd   free   buff  cache   si   so    bi    bo   in   cs us sy id wa st
 0  0      0 341683072  21240 8271656    0    0     0     0 14787 26814  1  0 99  0  0
 1  0      0 341682240  21240 8271716    0    0     0     0 14928 27346  1  0 99  0  0
 0  0      0 341680192  21240 8271780    0    0     0     0 15825 28060  1  0 99  0  0
 2  0      0 341675968  21240 8271844    0    0     0     0 15513 27882  1  0 99  0  0
 0  0      0 341674720  21240 8271908    0    0     0     0 15293 27865  1  0 99  0  0
 1  0      0 341674624  21240 8271964    0    0     0     0 14964 27426  1  0 99  0  0
 0  0      0 341674432  21240 8272024    0    0     0     0 15435 27622  1  0 99  0  0
 1  0      0 341672704  21240 8272088    0    0     0     0 15705 28045  1  0 99  0  0
 1  0      0 341671680  21240 8272156    0    0     0     0 16179 27870  1  0 99  0  0
 0  0      0 341669216  21240 8272212    0    0     0     0 15764 28035  1  0 99  0  0
 0  0      0 341667680  21240 8272268    0    0     0     0 15696 27826  1  0 99  0  0
 1  0      0 341662528  21240 8272344    0    0     0     0 16104 28272  1  0 99  0  0
 2  0      0 341660256  21240 8272392    0    0     0     0 15737 27459  1  0 99  0  0
 0  0      0 341654208  21240 8272464    0    0     0     0 27528 41740  1  0 98  0  0
 0  0      0 341652192  21240 8272520    0    0     0     0 16050 28766  1  0 99  0  0
 1  0      0 341652256  21240 8272580    0    0     0     0 14983 27078  1  0 99  0  0
 2  0      0 341650560  21240 8272636    0    0     0     0 15231 27198  1  0 99  0  0
 0  0      0 341648000  21240 8272708    0    0     0     0 15165 27464  1  0 99  0  0
 1  0      0 341642080  21240 8272772    0    0     0     0 16755 28193  1  0 99  0  0
 4  0      0 341641632  21240 8272836    0    0     0     0 15588 28180  1  0 99  0  0
 1  0      0 341640896  21240 8272900    0    0     0     0 14771 26684  1  0 99  0  0
procs -----------memory---------- ---swap-- -----io---- -system-- ------cpu-----
 r  b   swpd   free   buff  cache   si   so    bi    bo   in   cs us sy id wa st
 1  0      0 341639616  21240 8272952    0    0     0     0 15488 27929  1  0 99  0  0
