procs -----------memory---------- ---swap-- -----io---- -system-- ------cpu-----
 r  b   swpd   free   buff  cache   si   so    bi    bo   in   cs us sy id wa st
15  0      0 114445264  48888 5400888    0    0     0     0    0    0 30  0 70  0  0
 0  1      0 114444000  48888 5400944    0    0     0     0 25708 40865  5  1 93  1  0
 7  1      0 114444272  48896 5400944    0    0     0    40 24431 40391  4  0 94  1  0
 1  1      0 114444336  48896 5400944    0    0     0     0 24384 40139  4  0 94  1  0
 7  2      0 114370792  49948 5447976    0    0  1104     0 48059 82602  5  1 92  1  0
 7  0      0 114369328  52908 5458500    0    0  2847     0 30729 67687  5  1 93  1  0
 5  1      0 114351856  56728 5475592    0    0  3801     0 32181 75646  5  1 93  1  0
 4  0      0 114323920  60688 5491864    0    0  3962     0 31843 77560  4  1 94  1  0
 0  1      0 114287776  66432 5517540    0    0  5702     0 34765 96251  4  1 94  1  0
 5  0      0 114237008  70868 5554600    0    0  4415   136 37556 91892  4  1 94  1  0
11  0      0 114019536  70920 5655152    0    0    53     0 77720 131038  7  1 92  0  0
 2  0      0 113884096  70920 5761824    0    0     0     0 74266 125902  5  1 93  0  0
 9  0      0 113831816  70920 5793380    0    0     0     0 51907 167560  9  1 90  0  0
 9  0      0 113812560  70920 5808740    0    0     0     0 46910 180293  9  1 90  0  0
 6  0      0 113797152  70920 5820556    0    0     0     0 47605 186974  9  1 90  0  0
 3  0      0 113759280  70920 5827388    0    0     0    56 67947 170061  9  1 89  0  0
 7  0      0 113712768  70920 5849068    0    0     0     0 50331 173777 10  1 89  0  0
76  0      0 113653808  70920 5856240    0    0     0     0 50722 162407 12  1 87  0  0
 9  0      0 113642560  70920 5867824    0    0     0     0 49218 174841 11  1 88  0  0
 7  0      0 113592832  70920 5901572    0    0     0     0 57293 178626 10  1 89  0  0
 9  0      0 113557920  70920 5916932    0    0     0     0 43616 165617 10  1 89  0  0
procs -----------memory---------- ---swap-- -----io---- -system-- ------cpu-----
 r  b   swpd   free   buff  cache   si   so    bi    bo   in   cs us sy id wa st
 1  1      0 113542400  70920 5932292    0    0     0     0 26083 55402  4  0 94  1  0
 1  1      0 113541536  70920 5932296    0    0     0     0 25067 41077  4  0 95  1  0
 0  1      0 113542176  70920 5932296    0    0     0     0 24155 40322  4  0 95  1  0
 3  1      0 113542184  70924 5932296    0    0     0    40 24209 40372  4  0 95  1  0
 2  1      0 113542184  70924 5932296    0    0     0     0 24142 40174  4  0 95  1  0
 5  0      0 113540368  70924 5932296    0    0     0     0 49044 159648  9  1 90  0  0
 7  0      0 113486880  70924 5932860    0    0     0     0 45191 164947 10  1 89  0  0
 2  0      0 113474768  70964 5933040    0    0    42     0 31371 87320  6  1 93  0  0
 7  0      0 113471896  70964 5933040    0    0     0    60 24977 40824  4  0 96  0  0
 8  0      0 113472560  70964 5933040    0    0     0     0 24259 40435  4  0 96  0  0
 4  0      0 113472960  70972 5933040    0    0     0    52 25673 41042  5  1 95  0  0
 1  0      0 113472960  70972 5933040    0    0     0     0 25249 40157  5  0 95  0  0
 9  0      0 113407600  70972 5933120    0    0     0     0 33131 50943  6  1 93  0  0
 9  0      0 113275824  70972 5937036    0    0     0    28 55360 79248 11  3 87  0  0
 9  0      0 113125072  70972 5962220    0    0     0     0 43335 73758  8  2 90  0  0
10  0      0 112894192  70972 5991024    0    0     0     0 44816 74430  8  3 90  0  0
 8  0      0 112712016  70972 6023916    0    0     0     0 78237 74895 10  3 87  0  0
 9  0      0 112590448  70972 6056820    0    0     0     0 44856 76467  8  2 90  0  0
15  0      0 112557264  70980 6000384    0    0     0    44 70549 126224  7  3 90  0  0
 5  1      0 112443552  70980 6002404    0    0     0     0 46424 73977  7  2 90  0  0
 3  0      0 112476496  70980 5801684    0    0     0     0 71795 92589  9  3 88  0  0
procs -----------memory---------- ---swap-- -----io---- -system-- ------cpu-----
 r  b   swpd   free   buff  cache   si   so    bi    bo   in   cs us sy id wa st
 9  0      0 112403616  70980 5801944    0    0     0     0 47013 79057  6  2 92  0  0
 7  0      0 112615280  70980 5802644    0    0     0     0 48293 76363  6  2 92  1  0
 8  0      0 112615936  70980 5802900    0    0     0     8 34446 54410  4  0 95  0  0
 7  0      0 112617616  70980 5803028    0    0     0     0 34755 54419  4  1 95  0  0
 4  0      0 112619544  70984 5803148    0    0     0    40 36140 55790  4  1 95  0  0
 6  0      0 112619880  70984 5803272    0    0     0     0 34497 54778  4  1 95  0  0
 6  0      0 112620288  70984 5803388    0    0     0     0 34818 54828  4  1 95  0  0
 6  0      0 112616864  70984 5803544    0    0     0     0 34399 54070  4  1 95  0  0
 3  0      0 112614832  70984 5803684    0    0     0     0 35200 55198  4  1 95  0  0
 1  0      0 112613376  70984 5803836    0    0     0     0 36983 57547  4  1 95  0  0
 7  0      0 112614320  70984 5803948    0    0     0     0 34340 53726  4  1 95  0  0
 4  0      0 112613528  70984 5804084    0    0     0     0 35685 54284  4  1 95  0  0
 3  0      0 112615328  70984 5804204    0    0     0     0 34587 54402  4  0 95  0  0
 2  0      0 112617104  70984 5804320    0    0     0     0 34283 54121  4  0 95  0  0
 4  0      0 112619160  70984 5804484    0    0     0     0 38462 61741  4  1 95  0  0
 1  0      0 112621256  70992 5804608    0    0     0    48 34939 54837  4  1 95  0  0
 4  0      0 112623040  70992 5804792    0    0     0     0 34136 54284  4  0 95  0  0
 2  0      0 112621456  70992 5804940    0    0     0     0 33902 53569  4  1 95  0  0
 1  0      0 112619056  70992 5805056    0    0     0     0 34620 54719  4  1 95  0  0
 6  0      0 112615704  70992 5805244    0    0     0     0 37103 57527  5  1 94  0  0
 2  0      0 112613824  70996 5805396    0    0     0    36 35114 53674  5  1 94  0  0
procs -----------memory---------- ---swap-- -----io---- -system-- ------cpu-----
 r  b   swpd   free   buff  cache   si   so    bi    bo   in   cs us sy id wa st
 3  0      0 112611072  70996 5805528    0    0     0     0 35640 53817  6  0 94  0  0
 0  0      0 112608752  70996 5805684    0    0     0    16 35508 54287  5  1 94  0  0
 3  0      0 112606056  70996 5805836    0    0     0     0 34585 54579  4  1 95  0  0
 9  0      0 112603256  70996 5805964    0    0     0     0 35997 56888  4  1 95  0  0
 2  0      0 112599984  70996 5806084    0    0     0     0 34541 54478  4  0 95  0  0
 2  0      0 112583080  70996 5806236    0    0     0     0 154970 57064  6  1 92  0  0
10  0      0 112579872  71004 5806196    0    0     0    76 34236 53727  4  1 95  0  0
 7  1      0 112581328  71004 5806316    0    0     0     0 34966 55299  4  1 95  0  0
 5  1      0 112581072  71004 5806336    0    0     0     0 33346 51639  4  0 94  1  0
 1  1      0 112581368  71004 5806208    0    0     0     0 29508 45006  4  0 95  1  0
 4  0      0 112580496  71004 5806584    0    0     0     0 31273 48100  4  1 94  1  0
 1  0      0 112575136  71012 5806708    0    0     0    40 36189 54804  4  1 95  0  0
 3  0      0 112575464  71012 5806816    0    0     0     0 34557 54933  4  1 95  0  0
 9  0      0 112574288  71012 5806944    0    0     0     0 30785 53327  4  1 95  0  0
 0  0      0 112572096  71012 5807068    0    0     0     0 30295 52246  4  1 95  0  0
 3  0      0 112571136  71012 5806996    0    0     0     0 35080 57418  5  1 95  0  0
 1  0      0 112568144  71020 5806796    0    0     0    44 35713 53925  4  1 95  0  0
 5  0      0 112566784  71020 5806724    0    0     0     0 35657 55618  4  1 95  0  0
 0  0      0 112566008  71020 5806876    0    0     0     0 42063 65411  5  1 94  0  0
 2  0      0 112566208  71020 5806864    0    0     0     0 36410 56757  4  1 95  0  0
 0  0      0 112565944  71020 5806996    0    0     0     0 34529 54111  4  0 95  0  0
procs -----------memory---------- ---swap-- -----io---- -system-- ------cpu-----
 r  b   swpd   free   buff  cache   si   so    bi    bo   in   cs us sy id wa st
 0  0      0 112565104  71020 5807116    0    0     0     0 33966 53849  4  1 95  0  0
 6  0      0 112563792  71028 5807236    0    0     0    40 35175 54845  4  1 95  0  0
 3  0      0 112562272  71028 5807368    0    0     0     0 36219 55450  4  1 95  0  0
 1  0      0 112557424  71028 5807552    0    0     0     0 35956 54951  4  1 95  0  0
 2  0      0 112557200  71028 5807680    0    0     0     0 35159 55523  4  1 95  0  0
 3  0      0 112554000  71028 5807828    0    0     0     0 34224 53321  4  1 95  0  0
 1  0      0 112551728  71028 5807944    0    0     0     0 35094 55189  4  1 95  0  0
 2  0      0 112546400  71036 5808208    0    0     0    40 76674 117558  5  1 93  1  0
 7  3      0 112543840  71036 5808328    0    0     0     0 36378 55005  6  1 92  2  0
 9  3      0 112543056  71036 5808456    0    0     0     0 34488 53689  5  0 91  3  0
 4  3      0 112541072  71036 5808584    0    0     0     0 35520 55429  4  1 92  3  0
 5  0      0 112538256  71036 5808736    0    0     0     0 35494 55264  4  1 95  0  0
 2  0      0 112535528  71036 5808860    0    0     0     0 96589 56047  6  1 93  0  0
 8  0      0 112524696  71036 5808976    0    0     0     0 35020 55425  4  1 95  0  0
 2  0      0 112521008  71036 5809100    0    0     0    48 33864 53106  4  0 95  0  0
 6  0      0 112520360  71036 5809220    0    0     0     0 35381 56485  4  1 95  0  0
 5  0      0 112520368  71036 5809368    0    0     0     0 35892 56540  4  1 95  0  0
 1  0      0 112520360  71036 5809480    0    0     0     0 34359 54105  4  1 95  0  0
 0  0      0 112520272  71036 5809612    0    0     0     0 35082 54710  4  1 95  0  0
 3  0      0 112520368  71036 5809732    0    0     0    28 33858 53793  4  1 95  0  0
 1  1      0 112519728  71036 5809884    0    0     0     0 35160 54842  4  1 95  0  0
procs -----------memory---------- ---swap-- -----io---- -system-- ------cpu-----
 r  b   swpd   free   buff  cache   si   so    bi    bo   in   cs us sy id wa st
 1  1      0 112519584  71040 5809916    0    0     0    52 32773 50486  4  0 94  1  0
 7  0      0 112518360  71040 5809968    0    0     0     0 32553 50728  4  1 95  1  0
 2  0      0 112517520  71040 5810256    0    0     0     0 35142 55268  4  1 95  0  0
10  0      0 112517504  71040 5810372    0    0     0     0 33189 52707  4  0 95  0  0
 3  0      0 112517712  71040 5810492    0    0     0     0 34854 55729  4  1 95  0  0
 7  0      0 112515968  71040 5810644    0    0     0     0 31090 53832  4  0 95  0  0
 2  0      0 112515952  71040 5810756    0    0     0     0 32833 54484  4  1 95  0  0
 1  0      0 112516792  71040 5810920    0    0     0     0 34987 54989  4  1 95  0  0
 2  0      0 112516368  71040 5811044    0    0     0     0 33676 53773  4  1 95  0  0
 6  0      0 112516752  71040 5811156    0    0     0     0 34842 55155  4  1 95  0  0
11  0      0 112516432  71040 5811284    0    0     0     0 35242 55313  4  1 95  0  0
 4  0      0 112515856  71040 5811408    0    0     0     0 34711 54947  4  1 95  0  0
10  0      0 112512912  71040 5811560    0    0     0     0 35153 55545  4  1 95  0  0
 6  0      0 112507632  71044 5811680    0    0     0    44 33451 52950  4  1 95  0  0
13  0      0 112505768  71044 5811800    0    0     0     0 35329 56131  5  1 95  0  0
 7  0      0 112503872  71044 5811980    0    0     0     0 36027 55685  5  1 94  0  0
 5  0      0 112503392  71044 5812132    0    0     0     0 35211 53921  5  1 94  0  0
10  0      0 112503128  71044 5812256    0    0     0     0 35872 54666  5  1 94  0  0
 4  0      0 112501200  71044 5812408    0    0     0     0 34894 54261  5  1 95  0  0
11  0      0 112502064  71044 5812596    0    0     0     0 35251 55208  4  1 95  0  0
 2  0      0 112501480  71044 5812720    0    0     0     0 35397 55018  4  1 95  0  0
procs -----------memory---------- ---swap-- -----io---- -system-- ------cpu-----
 r  b   swpd   free   buff  cache   si   so    bi    bo   in   cs us sy id wa st
 5  0      0 112500848  71044 5812844    0    0     0     0 34463 54419  4  1 95  0  0
15  0      0 112498992  71044 5812964    0    0     0     0 35604 55778  4  1 95  0  0
 6  0      0 112493056  71048 5813120    0    0     0    40 33377 52678  4  0 95  0  0
 4  0      0 112490040  71048 5813236    0    0     0     0 35483 56215  5  1 95  0  0
 0  0      0 112484976  71048 5813392    0    0     0     0 35622 55859  4  1 95  0  0
 3  0      0 112482152  71048 5813500    0    0     0     0 34516 54043  4  1 95  0  0
 3  0      0 112479208  71048 5813636    0    0     0     0 34876 54949  4  1 95  0  0
 1  0      0 112473728  71048 5813752    0    0     0     0 35437 54557  4  1 95  0  0
 2  0      0 112468992  71048 5813972    0    0     0     0 35501 55324  4  1 95  0  0
 2  0      0 112466352  71048 5814104    0    0     0     0 35028 55139  4  0 95  0  0
 2  0      0 112463600  71048 5814208    0    0     0     0 34043 54197  4  1 95  0  0
 0  0      0 112460752  71048 5814324    0    0     0     0 35018 55843  4  1 95  0  0
 3  0      0 112453912  71052 5814480    0    0     0    64 34450 53469  4  1 95  0  0
 3  1      0 112450208  71052 5814632    0    0     0     0 35944 56066  4  1 95  0  0
 2  0      0 112445600  71052 5814816    0    0     0     0 34874 55050  4  1 95  0  0
 0  0      0 112442608  71052 5814928    0    0     0     0 35108 54364  4  1 95  0  0
 2  0      0 112438672  71052 5815096    0    0     0     0 34863 54868  4  1 95  0  0
 7  0      0 112428704  71056 5815208    0    0     0    56 45088 55771  6  1 93  0  0
 3  0      0 112427584  71056 5815364    0    0     0     0 35465 55473  5  1 95  0  0
 5  0      0 112427952  71056 5815300    0    0     0     0 34723 55234  5  0 95  0  0
 1  0      0 112425648  71056 5815424    0    0     0     0 35487 55002  5  1 95  0  0
procs -----------memory---------- ---swap-- -----io---- -system-- ------cpu-----
 r  b   swpd   free   buff  cache   si   so    bi    bo   in   cs us sy id wa st
 3  0      0 112424384  71056 5815676    0    0     0     0 35469 55826  5  1 95  0  0
 1  0      0 112420032  71060 5815892    0    0     0    72 34506 53706  4  1 95  0  0
 1  0      0 112419896  71060 5816012    0    0     0     0 35968 56475  5  1 95  0  0
 2  0      0 112418768  71060 5816164    0    0     0     0 36121 55795  5  1 94  0  0
11  0      0 112418224  71060 5816276    0    0     0     0 35410 54262  6  1 94  0  0
 4  0      0 112417376  71060 5816408    0    0     0     0 36238 54387  6  0 94  0  0
 4  0      0 112417584  71060 5816528    0    0     0     0 34667 54255  5  0 95  0  0
 3  0      0 112417360  71064 5816648    0    0     0    24 35255 55399  4  1 95  0  0
10  0      0 112417216  71064 5816900    0    0     0     0 68930 108231  4  0 95  1  0
 8  0      0 112417232  71064 5817016    0    0     0     0 35385 55663  5  1 95  0  0
 7  0      0 112416752  71064 5817136    0    0     0     0 33566 52895  4  0 95  0  0
 7  0      0 112416992  71064 5817256    0    0     0     0 35409 56107  4  1 95  0  0
 5  0      0 112414200  71064 5817504    0    0     0     0 36128 56057  4  1 95  0  0
 8  0      0 112414072  71064 5817616    0    0     0     0 34492 54046  4  0 95  0  0
 1  0      0 112413200  71064 5817752    0    0     0     0 34931 54642  4  1 95  0  0
 6  0      0 112413104  71064 5817932    0    0     0     8 33732 54227  4  0 95  0  0
 7  0      0 112412864  71064 5818052    0    0     0     0 35368 55454  5  1 95  0  0
 8  0      0 112412384  71072 5818176    0    0     0    40 35003 54832  4  0 95  0  0
 6  0      0 112412896  71072 5818300    0    0     0     0 34093 53975  4  0 95  0  0
 8  0      0 112412984  71072 5818456    0    0     0     0 35124 55217  5  1 95  0  0
 5  0      0 112410296  71072 5818604    0    0     0     0 33865 52888  4  0 95  0  0
procs -----------memory---------- ---swap-- -----io---- -system-- ------cpu-----
 r  b   swpd   free   buff  cache   si   so    bi    bo   in   cs us sy id wa st
 6  0      0 112407712  71072 5818596    0    0     0     0 37449 56677  5  1 95  0  0
 8  0      0 112404576  71072 5818716    0    0     0     0 36430 55640  5  1 95  0  0
 5  0      0 112403664  71072 5818828    0    0     0     0 36178 54658  5  1 95  0  0
 9  0      0 112401968  71072 5818956    0    0     0     0 35444 54326  4  1 95  0  0
 8  0      0 112401456  71072 5819060    0    0     0    12 34503 54140  4  1 95  0  0
 7  0      0 112400224  71072 5819176    0    0     0     0 35400 55064  4  1 95  0  0
11  0      0 112400448  71072 5819304    0    0     0     0 35572 55218  4  1 95  0  0
 8  0      0 112396576  71076 5819424    0    0     0    48 35414 54148  4  1 95  0  0
 6  0      0 112399360  71076 5819452    0    0     0     0 36925 55967  5  1 95  0  0
 0  0      0 112396616  71076 5819572    0    0     0     0 34875 53238  5  0 95  0  0
 2  0      0 112395120  71076 5819692    0    0     0     0 38610 57191  5  1 94  0  0
 1  0      0 112395680  71076 5819848    0    0     0     0 37001 55637  5  1 94  0  0
 5  0      0 112394880  71076 5819988    0    0     0     0 36834 54488  6  0 94  0  0
 6  0      0 112394544  71084 5820124    0    0     0    48 37260 54819  6  1 94  0  0
 2  0      0 112392960  71084 5820272    0    0     0     0 36092 54900  5  1 94  0  0
 1  0      0 112392816  71092 5820460    0    0     0    28 36122 55532  5  1 95  0  0
 2  0      0 112393504  71092 5820620    0    0     0     0 36234 55431  4  1 95  0  0
 3  0      0 112393216  71092 5820740    0    0     0     0 34636 53955  4  1 95  0  0
 4  0      0 112544104  71092 5820864    0    0     0     0 81765 56945  6  1 93  0  0
 0  0      0 112542336  71096 5821012    0    0     0    16 34188 53278  4  0 95  0  0
 7  0      0 112543456  71096 5821128    0    0     0     0 35744 56411  5  1 95  0  0
procs -----------memory---------- ---swap-- -----io---- -system-- ------cpu-----
 r  b   swpd   free   buff  cache   si   so    bi    bo   in   cs us sy id wa st
 0  0      0 112542880  71096 5821284    0    0     0     0 35283 55304  5  0 95  0  0
 4  0      0 112543728  71096 5821396    0    0     0     0 34209 54233  5  0 95  0  0
 2  0      0 112544632  71096 5821556    0    0     0     0 35076 54792  4  1 95  0  0
 1  0      0 112545680  71096 5821652    0    0     0    12 34881 54538  5  1 95  0  0
 1  0      0 112544800  71096 5821968    0    0     0     0 37003 56442  5  1 95  0  0
 0  0      0 112545752  71096 5822096    0    0     0     0 35286 55099  5  0 95  0  0
 0  0      0 112545464  71096 5822224    0    0     0     0 34336 54094  4  0 95  0  0
 2  0      0 112545360  71096 5822212    0    0     0     0 35546 55906  5  0 95  0  0
 1  0      0 112542848  71104 5822324    0    0     0    52 34545 53347  4  1 95  0  0
 3  0      0 112542272  71104 5822612    0    0     0     0 36306 56566  4  1 95  0  0
 2  0      0 112542608  71104 5822772    0    0     0     0 42877 67289  5  1 94  0  0
 0  0      0 112541472  71104 5822888    0    0     0     0 35244 55242  4  1 95  0  0
 5  0      0 112542440  71104 5823044    0    0     0     0 35127 54833  4  1 95  0  0
 7  0      0 112543504  71104 5823160    0    0     0    16 33761 53536  4  0 95  0  0
 1  1      0 112544208  71112 5823280    0    0     0    40 35317 55371  5  1 95  0  0
 0  0      0 112544960  71112 5823472    0    0     0     0 34977 54993  4  1 95  0  0
 4  0      0 112541232  71112 5823628    0    0     0     0 34920 54703  4  1 95  0  0
 0  0      0 112541088  71112 5823836    0    0     0     0 36066 55991  4  1 95  0  0
 0  0      0 112539016  71112 5824116    0    0     0    12 34798 53998  4  1 95  0  0
 3  0      0 112538752  71112 5824268    0    0     0     0 35935 56641  5  1 95  0  0
 8  0      0 112535104  71112 5824448    0    0     0     0 35749 55103  5  1 94  0  0
procs -----------memory---------- ---swap-- -----io---- -system-- ------cpu-----
 r  b   swpd   free   buff  cache   si   so    bi    bo   in   cs us sy id wa st
 3  0      0 112532464  71112 5824628    0    0     0     0 35504 53927  6  0 94  0  0
 7  0      0 112529456  71116 5824768    0    0     0    44 36109 54351  6  0 94  0  0
 2  0      0 112524640  71116 5824916    0    0     0     0 34528 54560  5  0 95  0  0
 4  0      0 112521080  71116 5825036    0    0     0     0 35297 55487  4  1 95  0  0
 3  0      0 112517296  71116 5825200    0    0     0     0 35085 54803  4  1 95  0  0
 3  0      0 112512752  71116 5825324    0    0     0     0 34106 54286  4  0 95  0  0
 6  0      0 112510248  71116 5825476    0    0     0     0 35264 55410  5  0 95  0  0
 8  0      0 112504704  71116 5825440    0    0     0    20 33908 53360  4  1 95  0  0
 5  0      0 112501128  71116 5825556    0    0     0     0 35704 56458  5  1 95  0  0
 8  0      0 112493584  71116 5825804    0    0     0     0 35606 55810  4  1 95  0  0
 2  0      0 112490240  71116 5825916    0    0     0     0 34102 54279  4  0 95  0  0
 8  0      0 112486360  71116 5826048    0    0     0     0 34792 54637  4  1 95  0  0
 5  0      0 112481648  71116 5826164    0    0     0     0 34040 54011  5  0 95  0  0
 8  0      0 112477704  71116 5826284    0    0     0     0 35399 55527  4  1 95  0  0
 4  0      0 112467232  71120 5826412    0    0     0    40 51138 56717  6  1 93  0  0
 3  0      0 112466384  71120 5826536    0    0     0     0 34297 54473  4  1 95  0  0
 1  0      0 112466736  71120 5826656    0    0     0     0 35727 55774  5  1 95  0  0
 3  0      0 112462048  71120 5826776    0    0     0    16 34022 53670  4  1 95  0  0
 9  0      0 112460592  71120 5826892    0    0     0     0 35953 56303  5  1 95  0  0
 2  0      0 112458976  71120 5827044    0    0     0     0 34591 55218  5  1 95  0  0
11  0      0 112457832  71120 5827124    0    0     0     0 34151 53831  4  1 95  0  0
procs -----------memory---------- ---swap-- -----io---- -system-- ------cpu-----
 r  b   swpd   free   buff  cache   si   so    bi    bo   in   cs us sy id wa st
 3  0      0 112456088  71120 5827260    0    0     0     0 35089 54652  4  0 95  0  0
 9  0      0 112454600  71120 5827380    0    0     0     0 34116 54498  5  0 95  0  0
 4  0      0 112453704  71128 5827496    0    0     0    32 35284 55300  5  1 95  0  0
 7  0      0 112453416  71128 5827624    0    0     0     0 34434 54779  4  1 95  0  0
 9  0      0 112452128  71128 5827748    0    0     0     0 33799 53859  4  1 95  0  0
 8  0      0 112452880  71128 5827936    0    0     0     0 35695 56185  5  1 95  0  0
 7  0      0 112448608  71128 5828088    0    0     0     4 34052 53562  4  1 95  0  0
12  1      0 112448544  71128 5828204    0    0     0     0 35561 55758  5  1 95  0  0
 6  0      0 112447760  71128 5828392    0    0     0     0 35919 54506  6  1 94  0  0
 3  0      0 112448096  71128 5828536    0    0     0     0 35643 54469  6  0 94  0  0
 3  0      0 112448792  71136 5828696    0    0     0    16 35869 54124  6  0 94  0  0
 2  0      0 112447504  71136 5828816    0    0     0    16 35043 54688  5  1 94  0  0
 3  0      0 112444752  71136 5828976    0    0     0     0 36790 55942  5  1 95  0  0
15  0      0 112444336  71136 5829108    0    0     0     0 35079 55217  5  1 95  0  0
 0  0      0 112444536  71136 5829236    0    0     0     0 34359 54083  4  1 95  0  0
 1  0      0 112443184  71136 5829352    0    0     0     0 35402 55677  5  1 95  0  0
 0  0      0 112439568  71136 5829468    0    0     0     0 34031 53154  4  1 95  0  0
 3  0      0 112439208  71140 5829652    0    0     0    52 36069 56894  5  1 95  0  0
 2  0      0 112439336  71140 5829804    0    0     0     0 35451 55287  5  1 95  0  0
 2  0      0 112438688  71140 5829916    0    0     0     0 34714 54257  5  1 95  0  0
 3  0      0 112438624  71140 5830048    0    0     0     0 35178 54362  5  0 95  0  0
procs -----------memory---------- ---swap-- -----io---- -system-- ------cpu-----
 r  b   swpd   free   buff  cache   si   so    bi    bo   in   cs us sy id wa st
 3  0      0 112439104  71140 5830168    0    0     0     0 34282 54091  4  0 95  0  0
 3  0      0 112437224  71148 5830360    0    0     0    20 37015 56462  5  1 95  0  0
 3  0      0 112437072  71148 5830484    0    0     0     0 34835 54795  5  1 95  0  0
 0  0      0 112437200  71148 5830604    0    0     0     0 34322 53946  4  0 95  0  0
 3  0      0 112435608  71148 5830724    0    0     0     0 35530 55893  5  1 95  0  0
 4  0      0 112431904  71148 5830880    0    0     0     0 34373 53651  4  1 95  0  0
 3  0      0 112429264  71156 5830988    0    0     0    40 36566 57314  5  1 95  0  0
 0  0      0 112426168  71156 5831176    0    0     0     0 34805 54561  5  1 95  0  0
 1  0      0 112424040  71156 5831320    0    0     0     0 34458 54023  4  0 95  0  0
 4  0      0 112418784  71156 5831452    0    0     0     0 36495 55362  5  1 95  0  0
36  0      0 112415168  71156 5831568    0    0     0     0 37779 56669  5  1 95  0  0
 7  0      0 112412736  71164 5831720    0    0     0    40 47826 55692  7  1 93  0  0
 5  0      0 112412208  71164 5831880    0    0     0     0 35224 55461  4  0 95  0  0
 1  0      0 112411928  71164 5832036    0    0     0     0 33861 53782  4  0 95  0  0
 3  0      0 112408464  71164 5832156    0    0     0     0 36498 56392  5  1 95  0  0
 1  0      0 112401736  71164 5832312    0    0     0    28 37070 54454  5  1 94  0  0
 3  0      0 112401888  71164 5832460    0    0     0     0 36430 57054  5  1 94  0  0
 7  0      0 112401384  71164 5832680    0    0     0     0 36348 54623  6  1 94  0  0
 6  0      0 112401344  71164 5832824    0    0     0     0 35520 54459  6  1 94  0  0
 1  0      0 112401376  71172 5833016    0    0     0    64 36321 54059  6  1 94  0  0
 1  0      0 112401088  71172 5833136    0    0     0     0 34956 54247  5  1 94  0  0
procs -----------memory---------- ---swap-- -----io---- -system-- ------cpu-----
 r  b   swpd   free   buff  cache   si   so    bi    bo   in   cs us sy id wa st
 8  1      0 112400968  71172 5833256    0    0     0     0 36112 55885  5  0 95  0  0
 0  0      0 112401216  71172 5833420    0    0     0     0 35009 54807  4  1 95  0  0
 2  0      0 112401520  71172 5833572    0    0     0     0 34540 53844  5  1 95  0  0
 1  0      0 112401792  71172 5833692    0    0     0     0 35468 55470  5  1 95  0  0
 1  0      0 112399760  71172 5833812    0    0     0    36 33675 53058  4  0 95  0  0
 4  0      0 112400480  71172 5833928    0    0     0     0 35697 56998  5  1 95  0  0
 3  0      0 112400112  71172 5834084    0    0     0     0 35874 55418  5  1 95  0  0
 5  0      0 112400640  71172 5834068    0    0     0     0 34621 54665  5  1 95  0  0
 1  0      0 112401072  71172 5834200    0    0     0     0 34881 54283  4  1 95  0  0
 3  0      0 112401600  71172 5834316    0    0     0    24 33790 53963  5  1 95  0  0
 6  0      0 112402000  71180 5834468    0    0     0    52 35629 55561  5  0 95  0  0
 4  0      0 112402336  71180 5834628    0    0     0     0 35102 54984  5  1 95  0  0
 5  0      0 112401040  71180 5834748    0    0     0     0 34537 54475  4  1 95  0  0
 7  0      0 112401344  71180 5834872    0    0     0     0 34564 54930  5  1 95  0  0
 8  0      0 112398512  71180 5834992    0    0     0     0 33514 53744  4  1 95  0  0
 5  0      0 112398880  71180 5835144    0    0     0     0 36343 57088  5  1 95  0  0
 6  0      0 112398360  71180 5835292    0    0     0     0 34435 54265  5  0 95  0  0
 2  0      0 112395096  71180 5835400    0    0     0     0 35106 54592  4  1 95  0  0
 7  0      0 112395432  71180 5835596    0    0     0     0 35175 54568  4  1 95  0  0
 4  0      0 112395968  71180 5835712    0    0     0     0 34057 53746  5  1 95  0  0
 6  0      0 112395544  71180 5835832    0    0     0     0 35551 55664  5  0 95  0  0
procs -----------memory---------- ---swap-- -----io---- -system-- ------cpu-----
 r  b   swpd   free   buff  cache   si   so    bi    bo   in   cs us sy id wa st
11  0      0 112394992  71180 5835996    0    0     0     0 34862 54866  4  1 95  0  0
 6  0      0 112395552  71180 5836116    0    0     0     0 34351 54006  5  0 95  0  0
 6  0      0 112393936  71188 5836236    0    0     0    44 35423 56019  5  1 95  0  0
 5  0      0 112391136  71188 5836136    0    0     0    16 34106 53466  4  1 95  0  0
 8  0      0 112391504  71188 5836248    0    0     0     0 45194 58578  7  1 93  0  0
 9  0      0 112389824  71188 5836400    0    0     0     0 36014 55038  6  1 94  0  0
 8  0      0 112389744  71188 5836512    0    0     0     0 36088 54414  6  1 94  0  0
 7  0      0 112390064  71196 5836644    0    0     0    44 36000 54172  6  1 94  0  0
13  0      0 112390528  71196 5836768    0    0     0     0 34908 53843  5  1 95  0  0
 5  0      0 112390384  71196 5836344    0    0     0     0 36405 56360  5  1 95  0  0
 7  0      0 112389032  71196 5836480    0    0     0     0 35242 55280  4  1 95  0  0
 5  0      0 112388560  71196 5836596    0    0     0     0 34409 54274  4  1 95  0  0
 6  0      0 112388512  71196 5836716    0    0     0     0 35123 55492  5  1 95  0  0
 3  0      0 112388304  71196 5836840    0    0     0     0 33699 53348  4  0 95  0  0
 8  1      0 112388128  71204 5836948    0    0     0    40 36239 57397  5  1 95  0  0
 5  0      0 112387424  71204 5837096    0    0     0     0 34719 54086  5  1 95  0  0
 3  0      0 112387416  71204 5837212    0    0     0     0 34349 54100  5  0 95  0  0
 0  0      0 112387840  71204 5837340    0    0     0     0 34858 54443  5  1 95  0  0
 0  0      0 112387712  71204 5837460    0    0     0     4 34186 53794  5  0 95  0  0
 0  0      0 112384440  71204 5837588    0    0     0     0 37166 56613  5  1 95  0  0
 2  0      0 112384984  71204 5837424    0    0     0     0 34771 54604  5  1 95  0  0
procs -----------memory---------- ---swap-- -----io---- -system-- ------cpu-----
 r  b   swpd   free   buff  cache   si   so    bi    bo   in   cs us sy id wa st
 2  0      0 112385328  71204 5837552    0    0     0     0 34313 54293  4  1 95  0  0
 3  0      0 112384720  71204 5837668    0    0     0     0 35280 55477  5  1 95  0  0
 7  0      0 112381712  71212 5837792    0    0     0    96 33714 53078  4  1 95  0  0
 3  0      0 112380152  71212 5837880    0    0     0     0 40444 61082  5  1 94  0  0
 3  0      0 112379216  71212 5838028    0    0     0     0 39299 62148  5  1 95  0  0
 6  0      0 112378832  71212 5838140    0    0     0     0 35063 54492  5  1 95  0  0
 4  0      0 112377736  71212 5838280    0    0     0     0 35359 54671  5  1 95  0  0
 1  0      0 112378736  71212 5838428    0    0     0     0 33760 53604  4  0 95  0  0
10  0      0 112378608  71216 5838576    0    0     0    48 35892 55717  5  1 95  0  0
 4  0      0 112378464  71216 5838708    0    0     0     0 34777 54708  5  1 95  0  0
 3  0      0 112378528  71216 5838864    0    0     0     0 34059 54223  4  1 95  0  0
 3  0      0 112375616  71216 5839016    0    0     0     0 36554 56203  5  1 95  0  0
 6  0      0 112372488  71216 5839136    0    0     0     4 34067 53518  4  1 95  0  0
 4  0      0 112373136  71216 5839256    0    0     0     0 36675 57129  5  1 94  0  0
 2  0      0 112372816  71216 5839420    0    0     0     0 35842 54775  5  1 94  0  0
 6  0      0 112373136  71216 5839536    0    0     0     0 35635 54233  6  0 94  0  0
 3  0      0 112373136  71220 5839668    0    0     0    40 36031 54334  6  0 94  0  0
 9  0      0 112373456  71220 5839816    0    0     0     0 34770 54159  5  1 95  0  0
 3  0      0 112372504  71220 5839936    0    0     0     0 35973 55588  5  1 95  0  0
 5  0      0 112372632  71220 5840064    0    0     0     0 35129 54959  4  1 95  0  0
 2  0      0 112372456  71220 5840188    0    0     0     0 34656 54475  5  1 95  0  0
procs -----------memory---------- ---swap-- -----io---- -system-- ------cpu-----
 r  b   swpd   free   buff  cache   si   so    bi    bo   in   cs us sy id wa st
 2  0      0 112372416  71220 5840340    0    0     0     0 35151 55407  5  1 95  0  0
 5  0      0 112369344  71220 5840496    0    0     0    16 33942 53498  4  0 95  0  0
 3  0      0 112369112  71220 5840640    0    0     0     0 36908 57464  5  1 95  0  0
 2  0      0 112367184  71220 5840792    0    0     0     0 76752 57619  7  1 93  0  0
 4  0      0 112362824  71220 5840908    0    0     0     0 35037 54669  5  1 95  0  0
15  0      0 112362360  71220 5841036    0    0     0     0 35541 54427  5  0 95  0  0
 1  0      0 112362784  71220 5841156    0    0     0    60 34255 53775  5  1 95  0  0
 3  0      0 112362848  71220 5841340    0    0     0     0 36221 56375  5  1 95  0  0
 1  0      0 112362896  71220 5841472    0    0     0     0 35821 55772  5  1 95  0  0
 0  0      0 112358936  71220 5841628    0    0     0     0 36695 55084  5  1 95  0  0
 2  0      0 112357560  71220 5841748    0    0     0     0 35653 55480  5  1 95  0  0
 4  0      0 112355408  71224 5841868    0    0     0    76 34193 53304  4  1 95  0  0
 2  0      0 112354152  71224 5842020    0    0     0     0 37154 57450  5  1 95  0  0
 5  0      0 112353328  71224 5842204    0    0     0     0 35917 56538  5  1 95  0  0
 0  0      0 112352752  71224 5842316    0    0     0     0 34454 54307  5  0 95  0  0
 1  0      0 112352400  71224 5842236    0    0     0     0 35079 54365  5  1 95  0  0
 8  0      0 112352392  71224 5842356    0    0     0     0 34164 53626  4  1 95  0  0
 2  0      0 112352896  71228 5842476    0    0     0     4 35623 55420  5  1 95  0  0
 1  0      0 112352944  71228 5842604    0    0     0     0 34982 54864  5  0 95  0  0
 4  0      0 112352912  71228 5842728    0    0     0     0 34452 54207  4  0 95  0  0
 1  0      0 112352944  71228 5842868    0    0     0     0 35802 56122  5  1 95  0  0
procs -----------memory---------- ---swap-- -----io---- -system-- ------cpu-----
 r  b   swpd   free   buff  cache   si   so    bi    bo   in   cs us sy id wa st
 4  0      0 112353072  71228 5842988    0    0     0    16 33572 53394  4  1 95  0  0
 5  0      0 112353152  71228 5843104    0    0     0     0 36033 56707  5  1 94  0  0
 4  0      0 112353800  71228 5843252    0    0     0     0 35818 54447  6  1 94  0  0
 8  0      0 112352544  71228 5843380    0    0     0     0 35999 54673  6  1 94  0  0
 4  0      0 112353624  71228 5843508    0    0     0     0 35897 54342  6  1 94  0  0
 3  0      0 112351520  71236 5843432    0    0     0    44 34410 54066  5  1 95  0  0
12  0      0 112351040  71236 5843596    0    0     0     0 36653 56503  5  1 95  0  0
 4  0      0 112351088  71236 5843728    0    0     0     0 34926 55194  5  1 95  0  0
 2  0      0 112351816  71236 5843852    0    0     0     0 34583 53856  5  0 95  0  0
 3  0      0 112351984  71236 5843980    0    0     0     0 35934 55762  5  1 95  0  0
 5  0      0 112348912  71236 5844096    0    0     0     0 33719 53154  4  1 95  0  0
12  0      0 112348920  71244 5844216    0    0     0    40 36665 57440  5  1 95  0  0
13  0      0 112347944  71244 5844384    0    0     0     0 35313 55047  5  1 95  0  0
12  0      0 112348336  71244 5844504    0    0     0     0 34366 54597  5  1 95  0  0
 4  0      0 112348432  71244 5844636    0    0     0     0 34965 54633  5  1 95  0  0
 6  0      0 112348112  71244 5844756    0    0     0     8 34490 54213  4  0 95  0  0
13  1      0 112344704  71244 5844868    0    0     0     0 37416 56612  5  1 95  0  0
12  0      0 112342352  71244 5844896    0    0     0     0 35110 54879  5  0 95  0  0
 8  0      0 112342016  71244 5845016    0    0     0     0 33897 53547  5  0 95  0  0
 2  0      0 112343096  71244 5845136    0    0     0     0 35035 55525  5  1 95  0  0
 6  0      0 112339152  71252 5845248    0    0     0    68 33565 53099  4  0 95  0  0
procs -----------memory---------- ---swap-- -----io---- -system-- ------cpu-----
 r  b   swpd   free   buff  cache   si   so    bi    bo   in   cs us sy id wa st
18  0      0 112336720  71252 5845268    0    0     0     0 38720 59603  5  1 94  0  0
 4  0      0 112335464  71252 5845428    0    0     0     0 35163 55187  5  1 95  0  0
10  0      0 112334776  71252 5845552    0    0     0     0 34014 53757  5  1 95  0  0
 4  0      0 112333272  71252 5845696    0    0     0     0 96362 57414  6  1 93  0  0
 6  0      0 112326768  71252 5845788    0    0     0     0 34171 53895  5  1 95  0  0
 6  0      0 112326112  71260 5845908    0    0     0    44 35847 55944  5  1 95  0  0
 9  0      0 112327248  71260 5845812    0    0     0     0 35573 55641  4  1 95  0  0
13  0      0 112327280  71260 5845944    0    0     0     0 33865 53860  5  0 95  0  0
 6  0      0 112326928  71260 5846064    0    0     0     0 35776 55545  5  1 95  0  0
10  0      0 112323864  71260 5846192    0    0     0     8 33883 53960  5  0 95  0  0
 7  0      0 112323472  71260 5846308    0    0     0     0 37075 57072  5  1 94  0  0
13  0      0 112322528  71260 5846512    0    0     0     0 36590 55311  6  1 94  0  0
 4  0      0 112322192  71260 5846628    0    0     0     0 36329 54347  6  0 94  0  0
12  0      0 112322520  71260 5846756    0    0     0     0 35902 54232  6  1 94  0  0
 4  0      0 112322624  71268 5846884    0    0     0   104 34153 53753  5  0 95  0  0
 4  0      0 112322240  71268 5847000    0    0     0     0 35870 55750  5  1 95  0  0
 4  0      0 112322992  71268 5847128    0    0     0     0 35052 54994  5  0 95  0  0
 9  0      0 112321056  71268 5847252    0    0     0     0 34400 53844  4  1 95  0  0
 0  0      0 112321160  71268 5847364    0    0     0     0 35887 55607  5  1 95  0  0
 0  0      0 112318048  71268 5847488    0    0     0     0 34151 53529  4  1 95  0  0
 4  0      0 112317920  71268 5847604    0    0     0     0 36140 56790  5  1 95  0  0
procs -----------memory---------- ---swap-- -----io---- -system-- ------cpu-----
 r  b   swpd   free   buff  cache   si   so    bi    bo   in   cs us sy id wa st
 3  0      0 112316528  71272 5847760    0    0     0    20 35620 55132  5  1 95  0  0
 7  0      0 112316928  71272 5847852    0    0     0     0 34768 54249  5  1 95  0  0
 6  0      0 112317280  71272 5847988    0    0     0     0 34826 53991  5  1 95  0  0
 3  0      0 112317040  71272 5848104    0    0     0     0 34352 53880  4  1 95  0  0
 2  0      0 112316280  71272 5848220    0    0     0     0 35598 55520  5  1 95  0  0
 3  0      0 112315504  71272 5848352    0    0     0     0 35249 55132  5  1 95  0  0
 5  0      0 112314784  71276 5848464    0    0     0    36 34052 53751  5  0 95  0  0
 3  0      0 112314368  71276 5848588    0    0     0     0 35193 55208  5  1 95  0  0
 4  0      0 112313824  71276 5848712    0    0     0     8 34316 54091  5  1 95  0  0
 1  1      0 112314352  71276 5848824    0    0     0     0 36857 57241  5  1 95  0  0
 3  0      0 112314480  71276 5848968    0    0     0     0 35664 55333  5  1 95  0  0
 2  0      0 112312416  71276 5849080    0    0     0     0 35334 54228  5  1 95  0  0
 0  0      0 112311392  71276 5849200    0    0     0     0 34738 54000  5  0 95  0  0
 2  0      0 112311064  71284 5849312    0    0     0    64 34731 54352  5  1 95  0  0
 2  0      0 112311312  71284 5849436    0    0     0     0 35809 55931  5  1 95  0  0
 1  0      0 112311384  71284 5849568    0    0     0     0 35333 55169  5  1 95  0  0
 2  0      0 112311776  71284 5849688    0    0     0     0 34305 53812  5  0 95  0  0
 1  0      0 112310736  71284 5849816    0    0     0     0 35937 55502  5  1 95  0  0
 7  0      0 112309712  71284 5849960    0    0     0     0 34127 53749  4  0 95  0  0
 3  0      0 112310040  71292 5850048    0    0     0    40 36571 57049  5  1 94  0  0
 3  0      0 112310784  71292 5850204    0    0     0     0 36727 55014  6  1 94  0  0
procs -----------memory---------- ---swap-- -----io---- -system-- ------cpu-----
 r  b   swpd   free   buff  cache   si   so    bi    bo   in   cs us sy id wa st
 7  0      0 112309992  71292 5850308    0    0     0     0 36275 54277  6  0 94  0  0
 2  0      0 112309568  71292 5850428    0    0     0     0 36400 54184  6  0 94  0  0
 3  0      0 112309328  71292 5850612    0    0     0     4 104669 56174  7  1 93  0  0
 2  0      0 112304784  71292 5850768    0    0     0     0 37161 57287  5  1 95  0  0
 2  0      0 112304952  71292 5850920    0    0     0     0 35410 55309  5  0 95  0  0
 4  0      0 112305488  71300 5851044    0    0     0    44 34584 53866  4  0 95  0  0
 2  0      0 112305368  71300 5851164    0    0     0     0 35407 55539  5  1 95  0  0
 3  0      0 112302504  71300 5851288    0    0     0     0 34318 54018  4  1 95  0  0
 6  0      0 112302096  71300 5851436    0    0     0     0 35984 57003  5  1 95  0  0
 6  0      0 112302160  71300 5851652    0    0     0     0 34701 54314  5  1 95  0  0
15  0      0 112302392  71300 5851832    0    0     0     0 34501 54003  5  1 95  0  0
 4  0      0 112302832  71300 5851956    0    0     0     0 34903 54229  5  0 95  0  0
 6  0      0 112302328  71300 5852112    0    0     0    44 35201 54667  4  1 95  0  0
 5  0      0 112299480  71300 5852264    0    0     0     0 37458 56421  5  1 95  0  0
 1  0      0 112301800  71300 5851888    0    0     0     0 35157 55144  5  1 95  0  0
 3  0      0 112302096  71300 5852012    0    0     0     0 34116 53611  5  1 95  0  0
 5  0      0 112301456  71300 5852132    0    0     0     0 35148 55271  5  1 95  0  0
 6  0      0 112298520  71300 5852252    0    0     0     0 34899 54458  5  1 95  0  0
 6  0      0 112297760  71308 5852360    0    0     0    40 41724 62386  5  1 94  0  0
 3  0      0 112297944  71308 5852356    0    0     0     0 38139 60385  5  1 95  0  0
 3  0      0 112297840  71308 5852464    0    0     0     0 34659 54038  5  1 95  0  0
procs -----------memory---------- ---swap-- -----io---- -system-- ------cpu-----
 r  b   swpd   free   buff  cache   si   so    bi    bo   in   cs us sy id wa st
 6  0      0 112298256  71308 5852596    0    0     0     0 35529 54370  5  1 95  0  0
 4  0      0 112297040  71308 5852788    0    0     0    16 34424 54608  5  1 95  0  0
 2  0      0 112297432  71308 5852908    0    0     0     0 36303 56111  5  1 95  0  0
 6  0      0 112297568  71316 5853044    0    0     0    48 34945 54532  5  1 95  0  0
 3  0      0 112297344  71316 5853160    0    0     0     0 34371 53591  5  0 95  0  0
 0  0      0 112297104  71316 5853348    0    0     0     0 36198 56048  5  1 95  0  0
 5  0      0 112294608  71316 5853500    0    0     0     0 34421 53923  5  1 95  0  0
 7  0      0 112294848  71316 5853616    0    0     0     0 36847 57016  5  1 94  0  0
 5  0      0 112293776  71316 5853896    0    0     0     0 36222 54715  6  1 94  0  0
 8  0      0 112293712  71316 5854012    0    0     0     0 36288 54210  6  1 94  0  0
 4  0      0 112294608  71324 5854144    0    0     0    44 36193 54270  6  1 94  0  0
 5  0      0 112293328  71324 5854256    0    0     0    12 35069 54704  5  1 95  0  0
 7  0      0 112292928  71324 5854388    0    0     0     0 36307 55666  5  0 95  0  0
 8  0      0 112292000  71324 5854508    0    0     0     0 34990 54777  5  1 95  0  0
 5  0      0 112290640  71324 5854692    0    0     0     0 34441 53897  5  1 95  0  0
 6  0      0 112288928  71324 5854816    0    0     0     0 35068 55536  5  1 95  0  0
 1  0      0 112285520  71328 5854932    0    0     0    32 34263 54128  5  1 95  0  0
 1  0      0 112284000  71328 5855048    0    0     0     0 36248 57351  5  1 95  0  0
 6  0      0 112283224  71328 5855204    0    0     0     0 34797 54700  5  0 95  0  0
 6  0      0 112280352  71328 5855352    0    0     0     0 35345 54700  4  1 95  0  0
 6  0      0 112279800  71328 5855548    0    0     0     0 35412 54702  4  1 95  0  0
procs -----------memory---------- ---swap-- -----io---- -system-- ------cpu-----
 r  b   swpd   free   buff  cache   si   so    bi    bo   in   cs us sy id wa st
 0  0      0 112279376  71328 5855668    0    0     0     0 34657 54929  4  1 95  0  0
 1  0      0 112279312  71336 5855788    0    0     0    40 36004 55748  5  1 95  0  0
 3  0      0 112277352  71336 5855916    0    0     0     0 59705 57301  6  1 93  0  0
13  0      0 112277920  71336 5856036    0    0     0     0 34363 53717  5  0 95  0  0
 1  0      0 112277400  71336 5856188    0    0     0     0 35441 55606  5  1 95  0  0
 1  0      0 112275752  71336 5856308    0    0     0     0 34410 54232  5  1 95  0  0
 6  0      0 112275816  71336 5856460    0    0     0     0 35884 57401  5  1 95  0  0
 9  0      0 112275304  71336 5856644    0    0     0     0 35013 54479  5  1 95  0  0
 5  0      0 112275184  71336 5856820    0    0     0     0 34737 54202  5  1 95  0  0
 2  0      0 112274224  71336 5856956    0    0     0     0 35012 54474  5  0 95  0  0
 4  0      0 112274288  71336 5857068    0    0     0    48 35204 54637  5  1 95  0  0
 3  0      0 112274912  71336 5857188    0    0     0     0 35511 55494  5  1 95  0  0
 2  0      0 112275080  71336 5857348    0    0     0     0 34697 54887  4  0 95  0  0
 4  0      0 112274688  71336 5857476    0    0     0     0 34174 53598  4  1 95  0  0
 3  0      0 112274320  71336 5857596    0    0     0     0 35844 55930  5  1 95  0  0
 1  0      0 112269720  71336 5857688    0    0     0    16 34478 54147  5  1 95  0  0
 5  0      0 112270160  71336 5857804    0    0     0     0 36961 57158  5  1 94  0  0
 3  0      0 112270080  71336 5857956    0    0     0     0 36081 54680  6  0 94  0  0
 5  0      0 112270240  71336 5858068    0    0     0     0 35537 54188  6  0 94  0  0
 4  0      0 112269992  71336 5858200    0    0     0     0 35822 54147  6  1 94  0  0
 4  0      0 112270240  71344 5858156    0    0     0    48 34953 54720  5  1 95  0  0
procs -----------memory---------- ---swap-- -----io---- -system-- ------cpu-----
 r  b   swpd   free   buff  cache   si   so    bi    bo   in   cs us sy id wa st
 7  0      0 112270048  71344 5858280    0    0     0     0 37047 56655  5  1 95  0  0
 4  0      0 112268384  71344 5858408    0    0     0     0 35224 54773  5  1 95  0  0
 2  0      0 112268872  71344 5858528    0    0     0     0 34583 53678  5  1 95  0  0
 4  0      0 112268816  71344 5858648    0    0     0     0 35292 55121  5  1 95  0  0
 9  0      0 112265888  71344 5858784    0    0     0     0 34853 54629  4  1 95  0  0
 9  0      0 112264416  71344 5858892    0    0     0     0 36500 56929  5  1 95  0  0
 5  0      0 112262816  71352 5859040    0    0     0    40 35219 54574  5  1 95  0  0
 5  0      0 112262080  71352 5859148    0    0     0     0 34513 53980  5  0 95  0  0
 5  0      0 112261632  71352 5859320    0    0     0     0 35403 54674  5  0 95  0  0
 3  0      0 112261344  71352 5859416    0    0     0     4 34590 54404  4  1 95  0  0
 0  0      0 112259680  71352 5859532    0    0     0     0 37295 56030  5  1 95  0  0
 6  0      0 112260504  71352 5859684    0    0     0     0 35448 55168  4  1 95  0  0
 4  0      0 112260304  71352 5859832    0    0     0     0 34629 53947  5  1 95  0  0
 6  0      0 112259824  71352 5859968    0    0     0     0 35286 55172  5  1 95  0  0
 6  0      0 112256880  71352 5860096    0    0     0     0 34246 54022  4  1 95  0  0
 5  0      0 112255968  71360 5860244    0    0     0    40 36855 57337  5  1 95  0  0
 1  0      0 112254688  71360 5860612    0    0     0     0 35415 54792  4  1 95  0  0
 2  0      0 112255200  71360 5860768    0    0     0     0 35253 54464  5  1 95  0  0
 6  0      0 112253176  71360 5860988    0    0     0     0 35720 54570  5  0 95  0  0
 6  0      0 112252496  71360 5860916    0    0     0     0 34631 54100  5  1 95  0  0
 3  0      0 112252944  71360 5861036    0    0     0     0 36211 55762  5  1 95  0  0
procs -----------memory---------- ---swap-- -----io---- -system-- ------cpu-----
 r  b   swpd   free   buff  cache   si   so    bi    bo   in   cs us sy id wa st
 4  0      0 112252816  71368 5861188    0    0     0    40 34671 54399  4  0 95  0  0
 7  0      0 112253384  71368 5861392    0    0     0     0 50426 55929  6  1 93  0  0
 3  0      0 112249584  71368 5861504    0    0     0     0 36698 56239  5  1 95  0  0
 3  0      0 112250320  71368 5861608    0    0     0     0 35258 54694  5  1 95  0  0
11  0      0 112251152  71368 5861812    0    0     0     0 36867 57593  5  1 94  0  0
 2  0      0 112250624  71368 5861960    0    0     0     0 36304 54605  6  1 94  0  0
 7  0      0 112251344  71368 5862068    0    0     0     0 35713 54097  6  0 94  0  0
 7  0      0 112251936  71368 5862236    0    0     0     0 36303 54654  6  1 94  0  0
10  0      0 112252200  71372 5862360    0    0     0    80 34678 54501  5  0 95  0  0
 5  0      0 112252656  71372 5862476    0    0     0     0 36273 55864  5  1 95  0  0
 1  0      0 112252472  71372 5862608    0    0     0     0 34949 54794  4  1 95  0  0
 3  0      0 112252448  71372 5862760    0    0     0     0 34761 54345  4  0 95  0  0
 2  0      0 112253760  71372 5862908    0    0     0     0 35072 54633  5  1 95  0  0
 3  0      0 112251624  71372 5863044    0    0     0    12 34138 53753  5  0 95  0  0
 4  0      0 112252144  71372 5863156    0    0     0     0 36346 57402  5  1 95  0  0
 7  0      0 112253072  71372 5863372    0    0     0     0 34714 54124  4  1 95  0  0
 8  0      0 112252272  71372 5863520    0    0     0     0 34961 54338  5  1 95  0  0
 2  0      0 112252672  71372 5863652    0    0     0     0 34639 54371  5  1 95  0  0
15  0      0 112249976  71372 5863796    0    0     0     0 37001 55078  5  1 95  0  0
 2  0      0 112250448  71376 5863992    0    0     0    60 36077 55988  5  1 95  0  0
 1  0      0 112250352  71376 5864120    0    0     0     0 34648 54672  4  1 95  0  0
procs -----------memory---------- ---swap-- -----io---- -system-- ------cpu-----
 r  b   swpd   free   buff  cache   si   so    bi    bo   in   cs us sy id wa st
 6  0      0 112250336  71376 5864244    0    0     0     0 34237 54001  4  1 95  0  0
 4  0      0 112250784  71376 5864396    0    0     0     0 35140 54704  5  1 95  0  0
 8  0      0 112248240  71384 5864512    0    0     0    36 34404 54192  4  0 95  0  0
 8  0      0 112248112  71384 5864632    0    0     0     0 36200 56985  5  1 95  0  0
 2  0      0 112247992  71384 5864816    0    0     0     0 34045 53781  4  1 95  0  0
 9  0      0 112247320  71384 5864944    0    0     0     0 35556 54569  5  1 95  0  0
 4  0      0 112247856  71384 5865076    0    0     0     0 35005 54693  5  1 95  0  0
 1  0      0 112247680  71384 5865208    0    0     0     0 34264 53973  5  0 95  0  0
 5  0      0 112247744  71392 5865356    0    0     0    52 35956 55922  5  1 95  0  0
 4  0      0 112248112  71392 5865484    0    0     0     0 34695 54608  4  0 95  0  0
 2  0      0 112248152  71392 5865608    0    0     0     0 34287 54118  4  1 95  0  0
 2  0      0 112247504  71392 5865784    0    0     0     0 35044 55072  5  1 95  0  0
 3  0      0 112244560  71392 5865660    0    0     0     0 34850 54839  5  1 95  0  0
 2  0      0 112244336  71392 5865776    0    0     0     0 37375 57402  5  1 94  0  0
 4  0      0 112244112  71392 5865928    0    0     0     0 35406 54289  6  0 94  0  0
 8  0      0 112243616  71392 5866024    0    0     0     0 35681 54229  6  0 94  0  0
 0  0      0 112244256  71392 5866160    0    0     0     0 35829 54378  6  1 94  0  0
 5  0      0 112243776  71400 5866308    0    0     0    40 34241 54150  4  0 95  0  0
 1  0      0 112242744  71400 5866452    0    0     0     0 52423 59557  6  1 93  0  0
 7  0      0 112241968  71400 5866460    0    0     0     0 34897 54896  5  1 95  0  0
 0  0      0 112241848  71400 5866592    0    0     0     0 34554 54189  5  0 95  0  0
procs -----------memory---------- ---swap-- -----io---- -system-- ------cpu-----
 r  b   swpd   free   buff  cache   si   so    bi    bo   in   cs us sy id wa st
 1  0      0 112241904  71400 5866704    0    0     0     0 35160 54527  5  0 95  0  0
 6  0      0 112239392  71400 5866856    0    0     0     0 34419 54763  4  1 95  0  0
 2  0      0 112238864  71400 5867008    0    0     0    16 36432 57281  5  1 95  0  0
 9  0      0 112238360  71404 5867192    0    0     0     0 34374 53918  4  0 95  0  0
 1  0      0 112238368  71404 5867312    0    0     0     0 35303 54465  5  0 95  0  0
 1  0      0 112238680  71404 5867452    0    0     0     0 35797 54841  5  1 95  0  0
 3  0      0 112238680  71404 5867560    0    0     0    32 34913 54473  5  0 95  0  0
17  0      0 112234960  71404 5867728    0    0     0     0 36345 56099  5  1 95  0  0
 5  0      0 112226024  71404 5876056    0    0     0     0 36316 54997  5  1 95  0  0
 1  0      0 112226728  71404 5876172    0    0     0     0 34758 54263  5  1 95  0  0
 1  0      0 112226160  71404 5876308    0    0     0     0 35395 54736  5  1 95  0  0
 0  0      0 112225024  71408 5876408    0    0     0    68 34543 54865  5  0 95  0  0
 1  0      0 112223712  71408 5876464    0    0     0     0 43480 63958  5  1 94  0  0
 3  0      0 112221952  71408 5876704    0    0     0     0 38139 59760  4  1 95  0  0
 3  0      0 112221312  71408 5876932    0    0     0     0 35242 54206  5  1 95  0  0
 8  0      0 112220048  71416 5877052    0    0     0    60 34907 54166  5  1 95  0  0
 0  0      0 112221640  71416 5877220    0    0     0    20 35303 54705  5  1 95  0  0
 4  0      0 112221760  71416 5877292    0    0     0     0 36260 56262  5  1 95  0  0
 1  0      0 112221128  71416 5877456    0    0     0     0 34902 54476  5  1 95  0  0
 4  0      0 112220272  71416 5877556    0    0     0     0 34970 54386  4  1 95  0  0
 7  0      0 112218712  71424 5877708    0    0     0    44 35530 54854  5  1 95  0  0
procs -----------memory---------- ---swap-- -----io---- -system-- ------cpu-----
 r  b   swpd   free   buff  cache   si   so    bi    bo   in   cs us sy id wa st
 3  0      0 112215728  71424 5877748    0    0     0     0 35745 55341  4  1 95  0  0
 5  0      0 112215520  71424 5877840    0    0     0     0 37150 56985  5  1 94  0  0
10  0      0 112214592  71424 5877996    0    0     0     0 36252 54065  6  1 94  0  0
 9  0      0 112215056  71424 5878084    0    0     0     0 35620 54295  6  0 94  0  0
 9  0      0 112215200  71432 5878232    0    0     0    40 35854 54327  6  1 94  0  0
 3  0      0 112214968  71432 5878372    0    0     0     0 34271 54122  5  0 95  0  0
 2  0      0 112216496  71432 5878496    0    0     0     0 36305 56302  4  1 95  0  0
 1  0      0 112216448  71432 5878580    0    0     0     0 34413 54890  5  1 95  0  0
 4  0      0 112217024  71432 5878728    0    0     0     0 34514 54597  4  1 95  0  0
 1  0      0 112215392  71432 5878864    0    0     0     0 34948 54583  5  1 95  0  0
 1  0      0 112211984  71432 5878976    0    0     0     0 34609 54890  4  1 95  0  0
 3  0      0 112210624  71432 5879124    0    0     0     0 36508 57000  5  1 95  0  0
 4  0      0 112208352  71432 5879272    0    0     0     0 34362 54036  4  1 95  0  0
88  0      0 112204720  71432 5879368    0    0     0     0 38141 56715  5  1 94  0  0
 7  0      0 112200680  71432 5879304    0    0     0     0 43848 54218  6  1 93  0  0
 3  0      0 112200048  71432 5879360    0    0     0     0 34938 54741  5  1 95  0  0
 6  0      0 112200912  71432 5879544    0    0     0     0 35831 55948  5  1 95  0  0
 9  0      0 112200960  71432 5879616    0    0     0     0 34903 54833  5  0 95  0  0
 3  0      0 112201680  71432 5879792    0    0     0     0 34426 54054  5  0 95  0  0
 3  0      0 112197952  71440 5879872    0    0     0    40 34750 54061  4  1 95  0  0
 3  0      0 112198824  71440 5880008    0    0     0    16 34744 54972  5  0 95  0  0
procs -----------memory---------- ---swap-- -----io---- -system-- ------cpu-----
 r  b   swpd   free   buff  cache   si   so    bi    bo   in   cs us sy id wa st
 5  0      0 112198864  71440 5880140    0    0     0     0 36481 56944  5  1 95  0  0
22  0      0 112198624  71440 5880284    0    0     0     0 34147 53884  4  1 95  0  0
 0  0      0 112198480  71440 5880404    0    0     0     0 34834 54325  5  1 95  0  0
 6  0      0 112199008  71440 5880520    0    0     0     0 34452 54253  5  1 95  0  0
 3  0      0 112198448  71448 5880644    0    0     0    64 34505 54005  5  1 95  0  0
 1  0      0 112198080  71448 5880772    0    0     0     0 36010 55969  5  1 95  0  0
 1  0      0 112198504  71448 5880900    0    0     0     0 34449 54635  5  1 95  0  0
 3  0      0 112198640  71448 5881044    0    0     0     0 34446 54560  4  1 95  0  0
 4  0      0 112196056  71448 5881136    0    0     0     0 34712 54227  4  1 95  0  0
 4  0      0 112194472  71448 5881248    0    0     0     8 35257 55095  5  1 95  0  0
 2  0      0 112195344  71448 5881388    0    0     0     0 36974 57371  5  1 94  0  0
 8  0      0 112195512  71448 5881312    0    0     0     0 35652 54241  6  1 94  0  0
 3  0      0 112196392  71448 5881420    0    0     0     0 35496 53932  6  0 94  0  0
 3  0      0 112195608  71448 5881552    0    0     0     0 35659 54100  6  1 94  0  0
 6  0      0 112195880  71456 5881648    0    0     0    20 34484 54251  4  0 95  0  0
 3  0      0 112194568  71456 5881792    0    0     0     0 36546 56312  5  1 95  0  0
 4  0      0 112192928  71456 5881880    0    0     0     0 34934 54748  5  1 95  0  0
 8  0      0 112192664  71456 5882056    0    0     0     0 34359 54015  4  1 95  0  0
 2  0      0 112192512  71456 5882168    0    0     0     0 34814 54576  5  0 95  0  0
 3  0      0 112192928  71456 5882304    0    0     0     0 35187 55101  4  1 95  0  0
 4  0      0 112192592  71460 5882408    0    0     0    40 36426 57080  5  1 95  0  0
procs -----------memory---------- ---swap-- -----io---- -system-- ------cpu-----
 r  b   swpd   free   buff  cache   si   so    bi    bo   in   cs us sy id wa st
 2  0      0 112192304  71460 5882544    0    0     0     0 34431 54023  4  1 95  0  0
 1  0      0 112191944  71460 5882692    0    0     0     0 34773 53928  5  1 95  0  0
