procs -----------memory---------- ---swap-- -----io---- -system-- ------cpu-----
 r  b   swpd   free   buff  cache   si   so    bi    bo   in   cs us sy id wa st
 1  0      0 376560128      0 8128688    0    0     0     0    1    1  0  0 100  0  0
 0  1      0 376438752  20988 8192436    0    0 20859     0 4092 9490  0  0 99  0  0
 1  1      0 376438176  20988 8192480    0    0     0     0  823 1338  0  0 99  1  0
 0  1      0 376439392  20988 8192956    0    0     0     0  856 1362  0  0 99  1  0
 0  1      0 376439104  20988 8192956    0    0     0     0  922 1448  0  0 99  1  0
 0  1      0 376439104  20988 8192956    0    0     0     0 1205 2475  0  0 99  1  0
 0  1      0 376438912  20988 8192956    0    0     0     0  908 1406  0  0 99  1  0
 0  1      0 376440640  20988 8193140    0    0     0     0  917 1531  0  0 99  1  0
 2  0      0 376355008  21456 8193824    0    0   479     0 14384 41032  1  0 99  0  0
 0  0      0 376308736  21456 8195088    0    0     0     0 8476 19153  1  0 99  0  0
 0  0      0 376308832  21456 8195088    0    0     0     0  727 1168  0  0 100  0  0
 0  0      0 376309568  21456 8195160    0    0     0     0  858 1777  0  0 100  0  0
 0  0      0 376309568  21456 8195160    0    0     0     0  746 1224  0  0 100  0  0
 0  0      0 376309504  21456 8195160    0    0     0     0  851 1440  0  0 100  0  0
 1  1      0 376301216  21456 8195184    0    0     0     0 1676 3422  0  0 100  0  0
 0  1      0 376300320  21456 8195184    0    0     0     0  874 1589  0  0 99  1  0
 0  1      0 376296768  21456 8195196    0    0     0     0 1014 1912  0  0 99  1  0
 0  0      0 376347008  21488 8143552    0    0    31     0 3353 5226  0  0 99  0  0
 0  0      0 376386272  21488 8143464    0    0     0     0 1453 2716  0  0 100  0  0
 0  0      0 376387296  21488 8143468    0    0     0     0 16192 12955  0  1 99  0  0
 0  0      0 376384736  21488 8143476    0    0     0     0 6378 10782  0  0 100  0  0
procs -----------memory---------- ---swap-- -----io---- -system-- ------cpu-----
 r  b   swpd   free   buff  cache   si   so    bi    bo   in   cs us sy id wa st
 0  0      0 376384640  21488 8143480    0    0     0     0 1289 2385  0  0 100  0  0
 0  0      0 376384384  21488 8143484    0    0     0     0 1187 1926  0  0 100  0  0
 0  0      0 376381024  21488 8143488    0    0     0     0 1687 2517  0  0 100  0  0
 0  0      0 376381376  21488 8143488    0    0     0     0 2068 2931  0  0 100  0  0
 1  0      0 376379104  21488 8143500    0    0     0     0 1110 1686  0  0 100  0  0
 0  0      0 376377312  21488 8143500    0    0     0     0  936 1414  0  0 100  0  0
 0  0      0 376378240  21488 8143500    0    0     0     0 1141 1803  0  0 100  0  0
 0  0      0 376379648  21488 8143504    0    0     0     0 1128 1845  0  0 100  0  0
 0  0      0 376380064  21488 8143512    0    0     0     0 1518 2700  0  0 100  0  0
 0  0      0 376380640  21488 8143516    0    0     0     0  913 1478  0  0 100  0  0
 0  0      0 376381632  21488 8143516    0    0     0     0  880 1467  0  0 100  0  0
 0  0      0 376381728  21488 8143520    0    0     0     0 1109 1626  0  0 100  0  0
 0  0      0 376381856  21488 8143520    0    0     0     0 1154 1848  0  0 100  0  0
 0  0      0 376381856  21488 8143520    0    0     0     0 1187 2076  0  0 100  0  0
 0  0      0 376382240  21488 8143532    0    0     0     0  948 1478  0  0 100  0  0
 1  0      0 376379456  21488 8143532    0    0     0     0 1334 2187  0  0 100  0  0
 0  0      0 376379712  21488 8143532    0    0     0     0 1317 2261  0  0 100  0  0
 0  0      0 376380416  21488 8143540    0    0     0     0 1184 2001  0  0 100  0  0
 0  0      0 376380416  21488 8143544    0    0     0     0 1166 1630  0  0 100  0  0
 0  0      0 376380672  21488 8143544    0    0     0     0  929 1546  0  0 100  0  0
 0  0      0 376380576  21488 8143544    0    0     0     0 1083 1850  0  0 100  0  0
procs -----------memory---------- ---swap-- -----io---- -system-- ------cpu-----
 r  b   swpd   free   buff  cache   si   so    bi    bo   in   cs us sy id wa st
 0  0      0 376380832  21488 8143548    0    0     0     0  996 1508  0  0 100  0  0
 0  0      0 376381120  21488 8143548    0    0     0     0 1010 1585  0  0 100  0  0
 0  0      0 376381120  21488 8143548    0    0     0     0 1251 2110  0  0 100  0  0
 0  0      0 376381632  21488 8143568    0    0     0     0 1004 1659  0  0 100  0  0
 0  0      0 376380256  21488 8143568    0    0     0     0  862 1386  0  0 100  0  0
 0  0      0 376380640  21488 8143572    0    0     0     0  957 1680  0  0 100  0  0
 0  0      0 376379648  21488 8143572    0    0     0     0 1116 1894  0  0 100  0  0
 0  0      0 376380640  21488 8143580    0    0     0     0 1234 1861  0  0 100  0  0
 0  0      0 376380768  21488 8143580    0    0     0     0  839 1424  0  0 100  0  0
 0  0      0 376381088  21488 8143584    0    0     0     0  942 1554  0  0 100  0  0
 0  0      0 376380864  21488 8143584    0    0     0     0 1084 1549  0  0 100  0  0
 1  0      0 376380192  21488 8143588    0    0     0     0 1156 1891  0  0 100  0  0
 1  0      0 376380416  21488 8143592    0    0     0     0 1317 2762  0  0 100  0  0
 0  0      0 376380480  21488 8143596    0    0     0     0  813 1302  0  0 100  0  0
 0  0      0 376380096  21488 8143596    0    0     0     0  938 1538  0  0 100  0  0
 0  0      0 376380096  21488 8143596    0    0     0     0 1237 2093  0  0 100  0  0
 0  0      0 376380480  21488 8143608    0    0     0     0 1001 1678  0  0 100  0  0
 0  0      0 376380480  21488 8143612    0    0     0     0 1122 1676  0  0 100  0  0
 0  0      0 376380480  21488 8143612    0    0     0     0  934 1508  0  0 100  0  0
 0  0      0 376380384  21488 8143616    0    0     0     0 1361 2393  0  0 100  0  0
 0  0      0 376380480  21488 8143616    0    0     0     0 1037 1477  0  0 100  0  0
procs -----------memory---------- ---swap-- -----io---- -system-- ------cpu-----
 r  b   swpd   free   buff  cache   si   so    bi    bo   in   cs us sy id wa st
 0  0      0 376380416  21488 8143620    0    0     0     0 1044 1626  0  0 100  0  0
 0  0      0 376380416  21488 8143628    0    0     0     0 1155 2047  0  0 100  0  0
 1  0      0 376380544  21488 8143628    0    0     0     0  959 1575  0  0 100  0  0
 0  0      0 376377088  21488 8143628    0    0     0     0  989 1579  0  0 100  0  0
 0  0      0 376377088  21488 8143628    0    0     0     0 1143 1958  0  0 100  0  0
 0  0      0 376378112  21488 8143636    0    0     0     0 1364 2154  0  0 100  0  0
 0  0      0 376378176  21488 8143640    0    0     0     0 1369 1956  0  0 100  0  0
 0  0      0 376378176  21488 8143640    0    0     0     0  857 1389  0  0 100  0  0
 0  0      0 376378400  21488 8143648    0    0     0     0  929 1512  0  0 100  0  0
 0  0      0 376378400  21488 8143648    0    0     0     0 1057 1526  0  0 100  0  0
 0  0      0 376378656  21488 8143652    0    0     0     0 1226 1940  0  0 100  0  0
 0  0      0 376378784  21488 8143660    0    0     0     0 1225 2020  0  0 100  0  0
 0  0      0 376378784  21488 8143660    0    0     0     0  860 1338  0  0 100  0  0
 0  0      0 376376704  21488 8143660    0    0     0     0  984 1523  0  0 100  0  0
 0  0      0 376377280  21488 8143668    0    0     0     0 1195 2230  0  0 100  0  0
 0  1      0 376377216  21488 8143668    0    0     0     0 1334 2592  0  0 100  0  0
 0  1      0 376377216  21488 8143668    0    0     0     0 1142 1649  0  0 99  1  0
 0  1      0 376376256  21488 8143668    0    0     0     0 1105 1618  0  0 99  1  0
 0  1      0 376376352  21488 8143668    0    0     0     0 1056 1847  0  0 99  1  0
 0  1      0 376376032  21488 8143668    0    0     0     0 1032 1452  0  0 99  1  0
 0  1      0 376376064  21488 8143668    0    0     0     0  974 1602  0  0 99  1  0
procs -----------memory---------- ---swap-- -----io---- -system-- ------cpu-----
 r  b   swpd   free   buff  cache   si   so    bi    bo   in   cs us sy id wa st
 0  0      0 376374752  21488 8143668    0    0     0     0 2486 3088  0  0 100  0  0
 0  0      0 376375232  21488 8143692    0    0     0     0  955 1620  0  0 100  0  0
 0  0      0 376373184  21488 8143696    0    0     0     0 1069 2107  0  0 100  0  0
 0  0      0 376373184  21488 8143696    0    0     0     0 1025 1714  0  0 100  0  0
 0  0      0 376373440  21488 8143704    0    0     0     0 1118 1889  0  0 100  0  0
 0  0      0 376374016  21488 8143704    0    0     0     0 1292 1927  0  0 100  0  0
 0  0      0 376374080  21488 8143708    0    0     0     0  844 1408  0  0 100  0  0
 0  0      0 376374208  21488 8143712    0    0     0     0  965 1661  0  0 100  0  0
 0  0      0 376373952  21488 8143716    0    0     0     0 1158 1614  0  0 100  0  0
 0  0      0 376373952  21488 8143716    0    0     0     0 1108 1855  0  0 100  0  0
 0  0      0 376374432  21488 8143720    0    0     0     0 1211 2009  0  0 100  0  0
 0  0      0 376374816  21488 8143720    0    0     0     0  806 1324  0  0 100  0  0
 0  0      0 376372480  21488 8143728    0    0     0     0 1152 1785  0  0 100  0  0
 0  0      0 376373056  21488 8143728    0    0     0     0 1269 2234  0  0 100  0  0
 0  0      0 376374112  21488 8143736    0    0     0     0 1079 1845  0  0 100  0  0
 0  0      0 376374080  21488 8143740    0    0     0     0 1145 1676  0  0 100  0  0
 0  0      0 376374336  21488 8143744    0    0     0     0 1042 1568  0  0 100  0  0
 0  0      0 376374208  21488 8143744    0    0     0     0 1136 1884  0  0 100  0  0
 0  0      0 376374240  21488 8143748    0    0     0     0  935 1409  0  0 100  0  0
 0  0      0 376374272  21488 8143748    0    0     0     0 1214 2433  0  0 100  0  0
 0  0      0 376375616  21488 8143756    0    0     0     0 1210 2128  0  0 100  0  0
procs -----------memory---------- ---swap-- -----io---- -system-- ------cpu-----
 r  b   swpd   free   buff  cache   si   so    bi    bo   in   cs us sy id wa st
 0  0      0 376375616  21488 8143756    0    0     0     0  911 1567  0  0 100  0  0
 0  0      0 376375616  21488 8143760    0    0     0     0  969 1564  0  0 100  0  0
 0  0      0 376375968  21488 8143760    0    0     0     0 1179 1696  0  0 100  0  0
 0  0      0 376375680  21488 8143760    0    0     0     0 1106 1859  0  0 100  0  0
 0  0      0 376375840  21488 8143768    0    0     0     0 1159 1833  0  0 100  0  0
 0  0      0 376376096  21488 8143772    0    0     0     0  867 1405  0  0 100  0  0
 0  0      0 376376128  21488 8143772    0    0     0     0 1131 2115  0  0 100  0  0
 0  0      0 376376928  21488 8143780    0    0     0     0  959 1520  0  0 100  0  0
 0  0      0 376376928  21488 8143780    0    0     0     0 1153 1868  0  0 100  0  0
 0  0      0 376376992  21488 8143784    0    0     0     0 1142 1982  0  0 100  0  0
 0  0      0 376377088  21488 8143788    0    0     0     0  890 1398  0  0 100  0  0
 0  0      0 376374464  21488 8143792    0    0     0     0 1108 1784  0  0 100  0  0
 0  0      0 376374944  21488 8143792    0    0     0     0 1134 1935  0  0 100  0  0
 0  0      0 376375168  21488 8143800    0    0     0     0 1004 1661  0  0 100  0  0
 0  0      0 376375168  21488 8143800    0    0     0     0 1063 1586  0  0 100  0  0
 0  0      0 376375168  21488 8143804    0    0     0     0  994 1574  0  0 100  0  0
 0  0      0 376375552  21488 8143804    0    0     0     0 1116 1844  0  0 100  0  0
 0  0      0 376375936  21488 8143808    0    0     0     0  929 1446  0  0 100  0  0
 0  0      0 376375936  21488 8143808    0    0     0     0  982 1608  0  0 100  0  0
 0  0      0 376376064  21488 8143812    0    0     0     0 1385 2153  0  0 100  0  0
 1  0      0 376376064  21488 8143812    0    0     0     0  976 1571  0  0 100  0  0
procs -----------memory---------- ---swap-- -----io---- -system-- ------cpu-----
 r  b   swpd   free   buff  cache   si   so    bi    bo   in   cs us sy id wa st
 0  0      0 376373824  21488 8143824    0    0     0     0 1082 1664  0  0 100  0  0
 0  0      0 376374464  21488 8143828    0    0     0     0 1335 2721  0  0 100  0  0
 0  0      0 376374464  21488 8143828    0    0     0     0 1239 2062  0  0 100  0  0
 0  0      0 376374528  21488 8143832    0    0     0     0 1362 2005  0  0 100  0  0
 0  0      0 376374368  21488 8143840    0    0     0     0  794 1249  0  0 100  0  0
 0  0      0 376374496  21488 8143844    0    0     0     0  968 1626  0  0 100  0  0
 0  0      0 376374464  21488 8143844    0    0     0     0 1051 1636  0  0 100  0  0
 0  0      0 376374464  21488 8143844    0    0     0     0 1071 1740  0  0 100  0  0
 0  0      0 376374784  21488 8143848    0    0     0     0 1217 2018  0  0 100  0  0
 0  0      0 376375168  21488 8143856    0    0     0     0  812 1316  0  0 100  0  0
 0  0      0 376372448  21488 8143856    0    0     0     0 1206 2239  0  0 100  0  0
 0  0      0 376372224  21488 8143860    0    0     0     0 2036 2622  0  0 100  0  0
 0  0      0 376372352  21488 8143860    0    0     0     0 1010 1665  0  0 100  0  0
 0  0      0 376374272  21488 8143868    0    0     0     0 12174 13728  0  0 99  0  0
 0  0      0 376375488  21488 8143872    0    0     0     0 5186 8654  0  0 100  0  0
 0  0      0 376375392  21488 8143876    0    0     0     0 1089 1870  0  0 100  0  0
 0  0      0 376375360  21488 8143876    0    0     0     0  887 1425  0  0 100  0  0
 0  0      0 376373696  21488 8143880    0    0     0     0 1797 2015  0  0 100  0  0
 0  0      0 376373408  21488 8143892    0    0     0     0 1291 2230  0  0 100  0  0
 0  0      0 376373376  21488 8143892    0    0     0     0  951 1533  0  0 100  0  0
 0  0      0 376371008  21488 8143892    0    0     0     0 1006 1592  0  0 100  0  0
procs -----------memory---------- ---swap-- -----io---- -system-- ------cpu-----
 r  b   swpd   free   buff  cache   si   so    bi    bo   in   cs us sy id wa st
 0  0      0 376371136  21488 8143892    0    0     0     0 1055 1807  0  0 100  0  0
 0  0      0 376371168  21488 8143900    0    0     0     0 1143 1926  0  0 100  0  0
 0  0      0 376371520  21488 8143904    0    0     0     0 1231 1943  0  0 100  0  0
 0  0      0 376371680  21488 8143904    0    0     0     0  860 1308  0  0 100  0  0
 0  0      0 376372352  21488 8143908    0    0     0     0 1067 1734  0  0 100  0  0
 0  0      0 376372384  21488 8143908    0    0     0     0 1326 2507  0  0 100  0  0
 1  0      0 376372384  21488 8143908    0    0     0     0 1094 1769  0  0 100  0  0
 0  0      0 376372800  21488 8143916    0    0     0     0 1169 1979  0  0 100  0  0
 0  0      0 376373024  21488 8143916    0    0     0     0  870 1383  0  0 100  0  0
 1  0      0 376372960  21488 8143924    0    0     0     0 1122 1898  0  0 100  0  0
 0  0      0 376373056  21488 8143932    0    0     0     0 1635 2941  0  0 100  0  0
 0  0      0 376373184  21488 8143936    0    0     0     0 1053 1739  0  0 100  0  0
 0  0      0 376373184  21488 8143936    0    0     0     0 1140 1798  0  0 100  0  0
 0  0      0 376373184  21488 8143936    0    0     0     0  864 1497  0  0 100  0  0
 0  0      0 376373184  21488 8143936    0    0     0     0 1082 1762  0  0 100  0  0
 0  0      0 376373344  21488 8143936    0    0     0     0  955 1509  0  0 100  0  0
 0  1      0 376373504  21488 8143944    0    0     0     0 1228 1797  0  0 100  0  0
 0  1      0 376373472  21488 8143944    0    0     0     0 1213 2070  0  0 99  1  0
 0  1      0 376373312  21488 8143944    0    0     0     0  865 1450  0  0 99  1  0
 0  0      0 376371136  21488 8143960    0    0     0     0 1017 1738  0  0 100  0  0
 1  0      0 376371136  21488 8143960    0    0     0     0 1008 1775  0  0 100  0  0
procs -----------memory---------- ---swap-- -----io---- -system-- ------cpu-----
 r  b   swpd   free   buff  cache   si   so    bi    bo   in   cs us sy id wa st
 0  0      0 376371136  21488 8143968    0    0     0     0 1028 1830  0  0 100  0  0
 0  0      0 376371264  21488 8143968    0    0     0     0 1160 1873  0  0 100  0  0
 0  0      0 376371328  21488 8143972    0    0     0     0  772 1290  0  0 100  0  0
 0  0      0 376371264  21488 8143972    0    0     0     0  939 1542  0  0 100  0  0
 0  0      0 376371424  21488 8143972    0    0     0     0 1153 1883  0  0 100  0  0
 1  0      0 376371424  21488 8143976    0    0     0     0 1093 1860  0  0 100  0  0
 0  0      0 376371968  21488 8143988    0    0     0     0 1058 1839  0  0 100  0  0
 0  0      0 376372000  21488 8143988    0    0     0     0  783 1331  0  0 100  0  0
 0  0      0 376370112  21488 8143988    0    0     0     0 1085 1864  0  0 100  0  0
 0  0      0 376370080  21488 8143988    0    0     0     0 1450 2728  0  0 100  0  0
 0  0      0 376370816  21488 8144004    0    0     0     0 1013 1697  0  0 100  0  0
 0  0      0 376371104  21488 8144008    0    0     0     0 1142 1748  0  0 100  0  0
 0  0      0 376371200  21488 8144008    0    0     0     0  914 1544  0  0 100  0  0
 0  0      0 376371488  21488 8144008    0    0     0     0 1103 1805  0  0 100  0  0
 0  0      0 376371456  21488 8144008    0    0     0     0 1185 2135  0  0 100  0  0
 0  0      0 376371456  21488 8144008    0    0     0     0 1008 1712  0  0 100  0  0
 0  0      0 376371904  21488 8144016    0    0     0     0 1223 2126  0  0 100  0  0
 1  0      0 376371904  21488 8144016    0    0     0     0  968 1588  0  0 100  0  0
 0  0      0 376370368  21488 8144024    0    0     0     0 1205 1886  0  0 100  0  0
 0  0      0 376370528  21488 8144028    0    0     0     0 1152 1959  0  0 100  0  0
 0  0      0 376370592  21488 8144032    0    0     0     0 1142 1924  0  0 100  0  0
procs -----------memory---------- ---swap-- -----io---- -system-- ------cpu-----
 r  b   swpd   free   buff  cache   si   so    bi    bo   in   cs us sy id wa st
 0  0      0 376370592  21488 8144032    0    0     0     0 1132 1894  0  0 100  0  0
 0  0      0 376370752  21488 8144036    0    0     0     0  809 1368  0  0 100  0  0
 0  0      0 376370688  21488 8144036    0    0     0     0 1019 1622  0  0 100  0  0
 0  0      0 376370720  21488 8144036    0    0     0     0 1073 1744  0  0 100  0  0
 0  0      0 376370816  21488 8144040    0    0     0     0 1082 1804  0  0 100  0  0
 0  0      0 376370848  21488 8144040    0    0     0     0 1119 1774  0  0 100  0  0
 0  0      0 376371232  21488 8144052    0    0     0     0  836 1340  0  0 100  0  0
 0  0      0 376369152  21488 8144056    0    0     0     0 1146 1887  0  0 100  0  0
 0  0      0 376369984  21488 8144060    0    0     0     0 1231 2262  0  0 100  0  0
 0  0      0 376369632  21488 8144060    0    0     0     0 1065 1672  0  0 100  0  0
 0  0      0 376369696  21488 8144064    0    0     0     0 1062 1688  0  0 100  0  0
 0  0      0 376369728  21488 8144068    0    0     0     0  921 1580  0  0 100  0  0
 0  0      0 376369792  21488 8144068    0    0     0     0  994 1702  0  0 100  0  0
 0  0      0 376370080  21488 8144072    0    0     0     0 1158 2289  0  0 100  0  0
 0  0      0 376370080  21488 8144072    0    0     0     0  986 1714  0  0 100  0  0
 0  0      0 376370080  21488 8144080    0    0     0     0 1158 2016  0  0 100  0  0
 0  0      0 376370112  21488 8144080    0    0     0     0  973 1506  0  0 100  0  0
 0  0      0 376369472  21488 8144080    0    0     0     0  919 1594  0  0 100  0  0
 0  0      0 376370080  21488 8144092    0    0     0     0 1163 2358  0  0 100  0  0
 0  0      0 376370144  21488 8144096    0    0     0     0 1115 1879  0  0 100  0  0
 0  0      0 376370240  21488 8144100    0    0     0     0 1103 1866  0  0 100  0  0
procs -----------memory---------- ---swap-- -----io---- -system-- ------cpu-----
 r  b   swpd   free   buff  cache   si   so    bi    bo   in   cs us sy id wa st
 0  0      0 376370240  21488 8144100    0    0     0     0  813 1401  0  0 100  0  0
 0  0      0 376370496  21488 8144100    0    0     0     0  926 1536  0  0 100  0  0
 0  0      0 376370752  21488 8144104    0    0     0     0 1131 1800  0  0 100  0  0
 0  0      0 376370400  21488 8144104    0    0     0     0 1225 1927  0  0 100  0  0
 0  0      0 376370432  21488 8144104    0    0     0     0 1097 1821  0  0 100  0  0
 0  0      0 376370752  21488 8144112    0    0     0     0  922 1445  0  0 100  0  0
 0  0      0 376368096  21488 8144112    0    0     0     0 1195 2093  0  0 100  0  0
 0  0      0 376368448  21488 8144116    0    0     0     0 1152 2062  0  0 100  0  0
 0  0      0 376368704  21488 8144128    0    0     0     0 1016 1701  0  0 100  0  0
 0  0      0 376368832  21488 8144132    0    0     0     0 1036 1652  0  0 100  0  0
 0  0      0 376368864  21488 8144136    0    0     0     0  969 1670  0  0 100  0  0
 0  0      0 376368928  21488 8144140    0    0     0     0  992 1666  0  0 100  0  0
 0  0      0 376368864  21488 8144140    0    0     0     0 1012 1608  0  0 100  0  0
 0  0      0 376368864  21488 8144140    0    0     0     0  975 1643  0  0 100  0  0
 0  0      0 376369024  21488 8144140    0    0     0     0 1162 1991  0  0 100  0  0
 0  0      0 376369280  21488 8144148    0    0     0     0  909 1530  0  0 100  0  0
 0  0      0 376367552  21488 8144152    0    0     0     0  967 1584  0  0 100  0  0
 0  0      0 376367552  21488 8144152    0    0     0     0 1257 2493  0  0 100  0  0
 0  0      0 376367680  21488 8144152    0    0     0     0 1103 1889  0  0 100  0  0
 0  0      0 376367936  21488 8144160    0    0     0     0 1135 1789  0  0 100  0  0
 0  0      0 376367968  21488 8144164    0    0     0     0  820 1374  0  0 100  0  0
procs -----------memory---------- ---swap-- -----io---- -system-- ------cpu-----
 r  b   swpd   free   buff  cache   si   so    bi    bo   in   cs us sy id wa st
 0  0      0 376368288  21488 8144168    0    0     0     0 1090 1588  0  0 100  0  0
 0  0      0 376368768  21488 8144168    0    0     0     0 1318 2360  0  0 100  0  0
 0  0      0 376368960  21488 8144176    0    0     0     0 1093 1814  0  0 100  0  0
 0  0      0 376368960  21488 8144176    0    0     0     0 1001 1720  0  0 100  0  0
 0  0      0 376369344  21488 8144184    0    0     0     0  821 1388  0  0 100  0  0
 0  0      0 376367104  21488 8144184    0    0     0     0 1121 1912  0  0 100  0  0
 0  0      0 376367104  21488 8144188    0    0     0     0 1156 1996  0  0 100  0  0
 0  0      0 376367104  21488 8144188    0    0     0     0  953 1572  0  0 100  0  0
 0  0      0 376367584  21488 8144192    0    0     0     0 1013 1670  0  0 100  0  0
 0  0      0 376367552  21488 8144196    0    0     0     0  957 1668  0  0 100  0  0
 0  0      0 376367968  21488 8144200    0    0     0     0 1031 1684  0  0 100  0  0
 0  0      0 376368000  21488 8144200    0    0     0     0 1020 1562  0  0 100  0  0
 0  0      0 376368288  21488 8144204    0    0     0     0 1011 1749  0  0 100  0  0
 0  0      0 376368288  21488 8144208    0    0     0     0 1183 1973  0  0 100  0  0
 0  0      0 376368288  21488 8144212    0    0     0     0  992 1636  0  0 100  0  0
 0  0      0 376365824  21488 8144212    0    0     0     0 1157 1849  0  0 100  0  0
 0  0      0 376365856  21488 8144224    0    0     0     0 1121 2088  0  0 100  0  0
 0  0      0 376365824  21488 8144224    0    0     0     0 1284 1953  0  0 100  0  0
 0  0      0 376365888  21488 8144228    0    0     0     0 1060 1731  0  0 100  0  0
 0  0      0 376365920  21488 8144228    0    0     0     0  857 1434  0  0 100  0  0
 0  0      0 376365888  21488 8144232    0    0     0     0  939 1476  0  0 100  0  0
procs -----------memory---------- ---swap-- -----io---- -system-- ------cpu-----
 r  b   swpd   free   buff  cache   si   so    bi    bo   in   cs us sy id wa st
 0  0      0 376366048  21488 8144232    0    0     0     0 1376 2588  0  0 100  0  0
 0  1      0 376366304  21488 8144236    0    0     0     0 1109 1922  0  0 100  0  0
 0  1      0 376366304  21488 8144236    0    0     0     0  988 1678  0  0 99  1  0
 0  1      0 376366336  21488 8144236    0    0     0     0  828 1410  0  0 99  1  0
 0  0      0 376366144  21488 8144244    0    0     0     0 1125 2015  0  0 100  0  0
 0  0      0 376380192  21488 8144252    0    0     0     0 2120 3081  0  0 100  0  0
59  0      0 376380192  21488 8144252    0    0     0     0 2225 2807  0  0 100  0  0
 0  0      0 376377376  21488 8144256    0    0     0     0 13701 15654  0  0 99  0  0
 0  0      0 376377920  21488 8144256    0    0     0     0 3904 6505  0  0 100  0  0
 0  0      0 376378880  21488 8144264    0    0     0     0 1035 1601  0  0 100  0  0
 0  0      0 376379232  21488 8144272    0    0     0     0 1043 1598  0  0 100  0  0
 0  0      0 376377728  21488 8144272    0    0     0     0 2195 2381  0  0 100  0  0
 0  0      0 376378848  21488 8144276    0    0     0     0 1245 2068  0  0 100  0  0
 0  0      0 376378592  21488 8144280    0    0     0     0  964 1510  0  0 100  0  0
 0  0      0 376376320  21488 8144284    0    0     0     0  994 1632  0  0 100  0  0
 0  0      0 376375584  21488 8144284    0    0     0     0 1271 1875  0  0 100  0  0
 0  0      0 376377344  21488 8144288    0    0     0     0 1132 1843  0  0 100  0  0
 0  0      0 376377376  21488 8144288    0    0     0     0 1048 1738  0  0 100  0  0
 0  0      0 376377376  21488 8144296    0    0     0     0  859 1420  0  0 100  0  0
 0  0      0 376377344  21488 8144296    0    0     0     0  928 1460  0  0 100  0  0
 0  0      0 376377920  21488 8144296    0    0     0     0 1398 1929  0  0 100  0  0
procs -----------memory---------- ---swap-- -----io---- -system-- ------cpu-----
 r  b   swpd   free   buff  cache   si   so    bi    bo   in   cs us sy id wa st
 0  0      0 376378112  21488 8144300    0    0     0     0 1241 1820  0  0 100  0  0
 1  0      0 376378112  21488 8144300    0    0     0     0 1074 1750  0  0 100  0  0
 0  0      0 376376032  21488 8144300    0    0     0     0  982 1470  0  0 100  0  0
 0  0      0 376376288  21488 8144312    0    0     0     0 1262 2207  0  0 100  0  0
 1  0      0 376376384  21488 8144320    0    0     0     0 1405 2830  0  0 100  0  0
 0  0      0 376376896  21488 8144320    0    0     0     0 1034 1674  0  0 100  0  0
 0  0      0 376376896  21488 8144320    0    0     0     0 1026 1608  0  0 100  0  0
 0  0      0 376376800  21488 8144328    0    0     0     0 1006 1815  0  0 100  0  0
 0  0      0 376376896  21488 8144328    0    0     0     0  921 1454  0  0 100  0  0
 0  0      0 376376896  21488 8144328    0    0     0     0 1201 2048  0  0 100  0  0
 1  0      0 376377056  21488 8144332    0    0     0     0 1210 1847  0  0 100  0  0
 0  0      0 376376800  21488 8144332    0    0     0     0 1209 2068  0  0 100  0  0
 0  0      0 376374144  21488 8144332    0    0     0     0  918 1420  0  0 100  0  0
 0  0      0 376374144  21488 8144332    0    0     0     0  932 1600  0  0 100  0  0
 0  0      0 376371616  21488 8144344    0    0     0     0 2258 2439  0  0 100  0  0
 0  0      0 376371840  21488 8144352    0    0     0     0 1169 1934  0  0 100  0  0
 0  0      0 376372672  21488 8144356    0    0     0     0 1033 1677  0  0 100  0  0
 1  0      0 376372672  21488 8144356    0    0     0     0  852 1529  0  0 100  0  0
 0  0      0 376373792  21488 8144360    0    0     0     0  959 1498  0  0 100  0  0
 0  0      0 376373792  21488 8144360    0    0     0     0 1184 1846  0  0 100  0  0
 0  0      0 376374112  21488 8144368    0    0     0     0 1077 1839  0  0 100  0  0
procs -----------memory---------- ---swap-- -----io---- -system-- ------cpu-----
 r  b   swpd   free   buff  cache   si   so    bi    bo   in   cs us sy id wa st
 0  0      0 376374144  21488 8144368    0    0     0     0 1072 1774  0  0 100  0  0
 0  0      0 376371296  21488 8144368    0    0     0     0  899 1367  0  0 100  0  0
 0  0      0 376371264  21488 8144368    0    0     0     0 1099 1930  0  0 100  0  0
 0  0      0 376372352  21488 8144380    0    0     0     0 1079 1900  0  0 100  0  0
 2  0      0 376367424  21488 8144380    0    0     0     0 2369 2413  0  0 100  0  0
 0  0      0 376369792  21488 8144432    0    0     0     0 1078 1689  0  0 100  0  0
 0  0      0 376369792  21488 8144436    0    0     0     0 1129 1862  0  0 100  0  0
 0  0      0 376369920  21488 8144436    0    0     0     0  998 1512  0  0 100  0  0
 1  0      0 376369888  21488 8144436    0    0     0     0 1261 2292  0  0 100  0  0
 0  0      0 376369312  21488 8144452    0    0     0     0 1209 1897  0  0 100  0  0
 0  0      0 376369312  21488 8144452    0    0     0     0 1158 1990  0  0 100  0  0
 0  0      0 376368992  21488 8144452    0    0     0     0  960 1471  0  0 100  0  0
 0  0      0 376369472  21488 8144456    0    0     0     0 1119 1888  0  0 100  0  0
 1  0      0 376370048  21488 8144468    0    0     0     0 1208 2400  0  0 100  0  0
 1  0      0 376370048  21488 8144468    0    0     0     0 1446 2239  0  0 100  0  0
 0  0      0 376369984  21488 8144476    0    0     0     0 1003 1658  0  0 100  0  0
 0  0      0 376369952  21488 8144476    0    0     0     0 1016 1600  0  0 100  0  0
 0  0      0 376369632  21488 8144476    0    0     0     0 1118 1485  0  0 100  0  0
 0  0      0 376369760  21488 8144476    0    0     0     0 1175 1936  0  0 100  0  0
 0  0      0 376369920  21488 8144484    0    0     0     0 1354 1980  0  0 100  0  0
 0  0      0 376369920  21488 8144484    0    0     0     0 1061 1713  0  0 100  0  0
procs -----------memory---------- ---swap-- -----io---- -system-- ------cpu-----
 r  b   swpd   free   buff  cache   si   so    bi    bo   in   cs us sy id wa st
 0  0      0 376367968  21488 8144492    0    0     0     0  891 1386  0  0 100  0  0
 0  0      0 376367968  21488 8144492    0    0     0     0 1139 1991  0  0 100  0  0
 1  0      0 376368224  21488 8144500    0    0     0     0 1129 2033  0  0 100  0  0
 0  0      0 376368224  21488 8144500    0    0     0     0 1061 1697  0  0 100  0  0
 0  0      0 376368704  21488 8144508    0    0     0     0 1044 1622  0  0 100  0  0
 0  0      0 376368704  21488 8144508    0    0     0     0 1067 1840  0  0 100  0  0
 0  0      0 376368928  21488 8144508    0    0     0     0  995 1477  0  0 100  0  0
 0  0      0 376368928  21488 8144508    0    0     0     0  993 1516  0  0 100  0  0
 0  0      0 376368928  21488 8144516    0    0     0     0 1145 1851  0  0 100  0  0
 0  0      0 376368928  21488 8144516    0    0     0     0 1249 2064  0  0 100  0  0
 0  0      0 376367168  21488 8144520    0    0     0     0  971 1459  0  0 100  0  0
 0  0      0 376367168  21488 8144520    0    0     0     0 1014 1728  0  0 100  0  0
 0  0      0 376367552  21488 8144528    0    0     0     0 1164 2481  0  0 100  0  0
 0  0      0 376367552  21488 8144528    0    0     0     0 1189 1947  0  0 100  0  0
 1  0      0 376367872  21488 8144536    0    0     0     0 1114 1648  0  0 100  0  0
 1  0      0 376367872  21488 8144540    0    0     0     0  915 1550  0  0 100  0  0
 0  0      0 376367840  21488 8144540    0    0     0     0  967 1477  0  0 100  0  0
 0  0      0 376368000  21488 8144544    0    0     0     0 1329 2454  0  0 100  0  0
 2  1      0 376367968  21488 8144544    0    0     0     0 1190 2045  0  0 100  0  0
 0  1      0 376368000  21488 8144544    0    0     0     0 1012 1620  0  0 99  1  0
 0  1      0 376365376  21488 8144544    0    0     0     0  942 1454  0  0 99  1  0
procs -----------memory---------- ---swap-- -----io---- -system-- ------cpu-----
 r  b   swpd   free   buff  cache   si   so    bi    bo   in   cs us sy id wa st
 0  0      0 376365344  21488 8144544    0    0     0     0 1417 2454  0  0 100  0  0
 0  0      0 376365600  21488 8144560    0    0     0     0 1091 2007  0  0 100  0  0
 0  0      0 376365568  21488 8144564    0    0     0     0 1105 1645  0  0 100  0  0
 0  0      0 376365568  21488 8144564    0    0     0     0 1016 1598  0  0 100  0  0
 1  0      0 376365728  21488 8144568    0    0     0     0 1112 1964  0  0 100  0  0
 0  0      0 376365728  21488 8144568    0    0     0     0 1003 1451  0  0 100  0  0
 0  0      0 376365984  21488 8144568    0    0     0     0 1104 1501  0  0 100  0  0
 0  0      0 376365984  21488 8144580    0    0     0     0 1130 2019  0  0 100  0  0
 0  0      0 376365984  21488 8144580    0    0     0     0 1084 1866  0  0 100  0  0
 0  0      0 376364064  21488 8144588    0    0     0     0  913 1406  0  0 100  0  0
 0  0      0 376364064  21488 8144588    0    0     0     0 1003 1722  0  0 100  0  0
 0  0      0 376364288  21488 8144592    0    0     0     0 1174 1803  0  0 100  0  0
 0  0      0 376364256  21488 8144592    0    0     0     0 1421 2682  0  0 100  0  0
 0  0      0 376364672  21488 8144600    0    0     0     0  999 1662  0  0 100  0  0
 0  0      0 376364672  21488 8144600    0    0     0     0  839 1434  0  0 100  0  0
 0  0      0 376364832  21488 8144600    0    0     0     0  981 1469  0  0 100  0  0
 0  0      0 376364832  21488 8144608    0    0     0     0 1219 1964  0  0 100  0  0
 0  0      0 376365536  21488 8144612    0    0     0     0 1103 1938  0  0 100  0  0
 0  0      0 376365536  21488 8144612    0    0     0     0  971 1539  0  0 100  0  0
 0  0      0 376365088  21488 8144612    0    0     0     0  814 1312  0  0 100  0  0
 0  0      0 376365984  21488 8144620    0    0     0     0 1236 2194  0  0 100  0  0
procs -----------memory---------- ---swap-- -----io---- -system-- ------cpu-----
 r  b   swpd   free   buff  cache   si   so    bi    bo   in   cs us sy id wa st
 1  0      0 376366080  21488 8144628    0    0     0     0 1184 2357  0  0 100  0  0
 0  0      0 376366080  21488 8144628    0    0     0     0 1010 1597  0  0 100  0  0
 0  0      0 376366528  21488 8144636    0    0     0     0  964 1656  0  0 100  0  0
 0  0      0 376366400  21488 8144636    0    0     0     0 1052 1864  0  0 100  0  0
 0  0      0 376366752  21488 8144640    0    0     0     0  994 1509  0  0 100  0  0
 0  0      0 376366880  21488 8144640    0    0     0     0 1040 1649  0  0 100  0  0
 0  0      0 376366912  21488 8144644    0    0     0     0 1144 1994  0  0 100  0  0
 0  0      0 376366912  21488 8144644    0    0     0     0 1152 1891  0  0 100  0  0
 0  0      0 376364960  21488 8144644    0    0     0     0 1057 1471  0  0 100  0  0
 0  0      0 376364928  21488 8144652    0    0     0     0 1183 1930  0  0 100  0  0
 0  0      0 376364608  21488 8144656    0    0     0     0 1086 1918  0  0 100  0  0
 0  0      0 376364352  21488 8144656    0    0     0     0 1300 2107  0  0 100  0  0
 0  0      0 376364384  21488 8144660    0    0     0     0  947 1598  0  0 100  0  0
 0  0      0 376364288  21488 8144672    0    0     0     0  846 1468  0  0 100  0  0
 1  0      0 376364320  21488 8144672    0    0     0     0  972 1448  0  0 100  0  0
 0  0      0 376364320  21488 8144672    0    0     0     0 1167 1931  0  0 100  0  0
 0  0      0 376363840  21488 8144680    0    0     0     0 1335 2810  0  0 100  0  0
 0  0      0 376363904  21488 8144680    0    0     0     0  926 1438  0  0 100  0  0
 0  0      0 376361600  21488 8144680    0    0     0     0  823 1394  0  0 100  0  0
 0  0      0 376361984  21488 8144684    0    0     0     0 1124 2067  0  0 100  0  0
 0  0      0 376362304  21488 8144692    0    0     0     0 1979 2425  0  0 100  0  0
procs -----------memory---------- ---swap-- -----io---- -system-- ------cpu-----
 r  b   swpd   free   buff  cache   si   so    bi    bo   in   cs us sy id wa st
 1  0      0 376362304  21488 8144692    0    0     0     0 8844 8927  0  0 99  0  0
 0  0      0 376362016  21488 8144696    0    0     0     0 5831 9757  0  0 100  0  0
 0  0      0 376361760  21488 8144696    0    0     0     0 2421 4096  0  0 100  0  0
 0  0      0 376362368  21488 8144696    0    0     0     0  946 1408  0  0 100  0  0
 0  0      0 376362400  21488 8144696    0    0     0     0 1189 2195  0  0 100  0  0
 0  0      0 376362720  21488 8144704    0    0     0     0 2387 2694  0  0 100  0  0
 0  0      0 376364064  21488 8144704    0    0     0     0 1171 1884  0  0 100  0  0
 0  0      0 376360224  21488 8144704    0    0     0     0  930 1365  0  0 100  0  0
 0  0      0 376360224  21488 8144704    0    0     0     0 1076 1762  0  0 100  0  0
 0  0      0 376360320  21488 8144724    0    0     0     0 1162 2043  0  0 100  0  0
 0  0      0 376360768  21488 8144724    0    0     0     0 1303 1977  0  0 100  0  0
 2  0      0 376361152  21488 8144728    0    0     0     0  967 1552  0  0 100  0  0
 1  0      0 376361152  21488 8144728    0    0     0     0  845 1452  0  0 100  0  0
 0  0      0 376361184  21488 8144728    0    0     0     0  960 1481  0  0 100  0  0
 0  0      0 376361184  21488 8144728    0    0     0     0 1209 1964  0  0 100  0  0
 1  0      0 376361536  21488 8144740    0    0     0     0 1109 2080  0  0 100  0  0
 0  0      0 376361536  21488 8144740    0    0     0     0  903 1472  0  0 100  0  0
 0  0      0 376359296  21488 8144744    0    0     0     0  899 1426  0  0 100  0  0
 0  0      0 376359360  21488 8144748    0    0     0     0 1393 2296  0  0 100  0  0
 0  0      0 376359808  21488 8144760    0    0     0     0 1189 2064  0  0 100  0  0
 0  0      0 376359808  21488 8144760    0    0     0     0 1326 2452  0  0 100  0  0
procs -----------memory---------- ---swap-- -----io---- -system-- ------cpu-----
 r  b   swpd   free   buff  cache   si   so    bi    bo   in   cs us sy id wa st
 1  0      0 376359904  21488 8144764    0    0     0     0  963 1597  0  0 100  0  0
 0  0      0 376359904  21488 8144764    0    0     0     0 1042 1829  0  0 100  0  0
 0  0      0 376360000  21488 8144764    0    0     0     0 1000 1468  0  0 100  0  0
 0  0      0 376360000  21488 8144764    0    0     0     0  992 1584  0  0 100  0  0
 0  0      0 376360064  21488 8144776    0    0     0     0 1141 2055  0  0 100  0  0
 0  0      0 376360064  21488 8144776    0    0     0     0 1115 1832  0  0 100  0  0
 0  0      0 376360576  21488 8144780    0    0     0     0  818 1302  0  0 100  0  0
 0  0      0 376360672  21488 8144780    0    0     0     0 1121 2288  0  0 100  0  0
 0  0      0 376360832  21488 8144788    0    0     0     0 1022 1843  0  0 100  0  0
 0  0      0 376360832  21488 8144788    0    0     0     0 1244 1960  0  0 100  0  0
 0  0      0 376361184  21488 8144800    0    0     0     0  892 1544  0  0 100  0  0
 0  0      0 376361216  21488 8144800    0    0     0     0  768 1478  0  0 100  0  0
 1  0      0 376361408  21488 8144800    0    0     0     0 1068 1730  0  0 100  0  0
 0  0      0 376361376  21488 8144800    0    0     0     0 1145 1898  0  0 100  0  0
 0  0      0 376361664  21488 8144808    0    0     0     0 1162 2068  0  0 100  0  0
 0  0      0 376361664  21488 8144808    0    0     0     0  939 1522  0  0 100  0  0
 0  0      0 376359488  21488 8144812    0    0     0     0  874 1384  0  0 100  0  0
 0  0      0 376359488  21488 8144812    0    0     0     0 1313 2084  0  0 100  0  0
 0  0      0 376359520  21488 8144820    0    0     0     0 1030 1879  0  0 100  0  0
 0  1      0 376359264  21488 8144820    0    0     0     0 1182 1714  0  0 100  0  0
 0  1      0 376359360  21488 8144824    0    0     0     0  966 1612  0  0 99  1  0
procs -----------memory---------- ---swap-- -----io---- -system-- ------cpu-----
 r  b   swpd   free   buff  cache   si   so    bi    bo   in   cs us sy id wa st
 0  1      0 376359360  21488 8144824    0    0     0     0 1000 1775  0  0 99  1  0
 0  0      0 376359360  21488 8144824    0    0     0     0 1007 1564  0  0 100  0  0
 0  0      0 376359360  21488 8144824    0    0     0     0  967 1586  0  0 100  0  0
 0  0      0 376359968  21488 8144832    0    0     0     0 1582 2937  0  0 100  0  0
 0  0      0 376359808  21488 8144844    0    0     0     0 1089 1802  0  0 100  0  0
 0  0      0 376356480  21488 8144844    0    0     0     0  869 1349  0  0 100  0  0
 0  0      0 376357248  21488 8144844    0    0     0     0 1198 2078  0  0 100  0  0
 0  0      0 376357248  21488 8144852    0    0     0     0 1194 2073  0  0 100  0  0
 0  0      0 376357696  21488 8144856    0    0     0     0 1310 1937  0  0 100  0  0
 0  0      0 376357792  21488 8144860    0    0     0     0  934 1542  0  0 100  0  0
 0  0      0 376357824  21488 8144860    0    0     0     0  834 1504  0  0 100  0  0
 0  0      0 376357824  21488 8144860    0    0     0     0 1122 2019  0  0 100  0  0
 0  0      0 376357824  21488 8144864    0    0     0     0 1098 1886  0  0 100  0  0
 0  0      0 376357824  21488 8144864    0    0     0     0 1062 1965  0  0 100  0  0
 0  0      0 376357824  21488 8144864    0    0     0     0  861 1486  0  0 100  0  0
 0  0      0 376355008  21488 8144864    0    0     0     0  843 1400  0  0 100  0  0
 0  0      0 376355008  21488 8144864    0    0     0     0 1277 2479  0  0 100  0  0
 0  0      0 376356096  21488 8144892    0    0     0     0  976 1808  0  0 100  0  0
 0  0      0 376356224  21488 8144892    0    0     0     0 1129 1612  0  0 100  0  0
 0  0      0 376357216  21488 8144896    0    0     0     0 1074 1694  0  0 100  0  0
 0  0      0 376357280  21488 8144896    0    0     0     0  983 1764  0  0 100  0  0
procs -----------memory---------- ---swap-- -----io---- -system-- ------cpu-----
 r  b   swpd   free   buff  cache   si   so    bi    bo   in   cs us sy id wa st
 0  0      0 376357344  21488 8144896    0    0     0     0  944 1451  0  0 100  0  0
 0  0      0 376357344  21488 8144896    0    0     0     0  974 1650  0  0 100  0  0
 0  0      0 376358016  21488 8144908    0    0     0     0 1235 2180  0  0 100  0  0
 0  0      0 376358144  21488 8144908    0    0     0     0 1063 1716  0  0 100  0  0
 1  0      0 376356032  21488 8144908    0    0     0     0  889 1485  0  0 100  0  0
 0  0      0 376356448  21488 8144916    0    0     0     0  998 1756  0  0 100  0  0
 0  0      0 376356544  21488 8144916    0    0     0     0 1068 1856  0  0 100  0  0
 1  0      0 376356800  21488 8144920    0    0     0     0 1462 2677  0  0 100  0  0
 0  0      0 376356928  21488 8144924    0    0     0     0  878 1501  0  0 100  0  0
 0  0      0 376356896  21488 8144924    0    0     0     0  845 1446  0  0 100  0  0
 1  0      0 376356896  21488 8144924    0    0     0     0  969 1555  0  0 100  0  0
 0  0      0 376356928  21488 8144924    0    0     0     0 1132 1873  0  0 100  0  0
 0  0      0 376357184  21488 8144940    0    0     0     0 1123 2034  0  0 100  0  0
 0  0      0 376357120  21488 8144940    0    0     0     0  847 1418  0  0 100  0  0
 1  0      0 376356672  21488 8144940    0    0     0     0  926 1571  0  0 100  0  0
 0  0      0 376356896  21488 8144944    0    0     0     0 1416 2956  0  0 100  0  0
 0  0      0 376357088  21488 8144948    0    0     0     0 1053 1865  0  0 100  0  0
 0  0      0 376357088  21488 8144948    0    0     0     0 1102 1572  0  0 100  0  0
 0  0      0 376357344  21488 8144956    0    0     0     0  946 1572  0  0 100  0  0
 0  0      0 376357312  21488 8144956    0    0     0     0 1007 1755  0  0 100  0  0
 0  0      0 376357376  21488 8144956    0    0     0     0  960 1533  0  0 100  0  0
procs -----------memory---------- ---swap-- -----io---- -system-- ------cpu-----
 r  b   swpd   free   buff  cache   si   so    bi    bo   in   cs us sy id wa st
 0  0      0 376357376  21488 8144956    0    0     0     0 1015 1613  0  0 100  0  0
 0  0      0 376357312  21488 8144968    0    0     0     0 1238 2163  0  0 100  0  0
 0  0      0 376357344  21488 8144968    0    0     0     0  994 1612  0  0 100  0  0
 0  0      0 376355072  21488 8144968    0    0     0     0  839 1438  0  0 100  0  0
 1  0      0 376355584  21488 8144980    0    0     0     0  987 1753  0  0 100  0  0
 0  0      0 376355680  21488 8144980    0    0     0     0 1064 1833  0  0 100  0  0
 2  0      0 376355680  21488 8144980    0    0     0     0 1207 1836  0  0 100  0  0
 0  0      0 376356320  21488 8144988    0    0     0     0  849 1445  0  0 100  0  0
 0  0      0 376356288  21488 8144988    0    0     0     0  871 1489  0  0 100  0  0
 1  0      0 376356320  21488 8144992    0    0     0     0 1030 1578  0  0 100  0  0
 1  0      0 376356320  21488 8144992    0    0     0     0 1393 2732  0  0 100  0  0
 0  0      0 376356672  21488 8145000    0    0     0     0 1153 2083  0  0 100  0  0
 0  0      0 376356800  21488 8145000    0    0     0     0  861 1358  0  0 100  0  0
 0  0      0 376355040  21488 8145004    0    0     0     0  939 1554  0  0 100  0  0
 0  0      0 376355232  21488 8145008    0    0     0     0 1275 2167  0  0 100  0  0
 0  0      0 376355488  21488 8145016    0    0     0     0 1057 1778  0  0 100  0  0
 0  1      0 376355232  21488 8145016    0    0     0     0 1140 1724  0  0 100  0  0
 0  1      0 376355200  21488 8145016    0    0     0     0  911 1530  0  0 99  1  0
 0  1      0 376355456  21488 8145016    0    0     0     0 1036 1820  0  0 99  1  0
 0  1      0 376355584  21488 8145016    0    0     0     0 1301 2104  0  0 99  1  0
 0  1      0 376355584  21488 8145016    0    0     0     0 1007 1602  0  0 99  1  0
procs -----------memory---------- ---swap-- -----io---- -system-- ------cpu-----
 r  b   swpd   free   buff  cache   si   so    bi    bo   in   cs us sy id wa st
 0  0      0 376355648  21488 8145036    0    0     0     0 1306 2277  0  0 100  0  0
 0  0      0 376355584  21488 8145036    0    0     0     0 1057 1712  0  0 100  0  0
 1  0      0 376353376  21488 8145036    0    0     0     0  927 1511  0  0 100  0  0
 0  0      0 376349728  21488 8145040    0    0     0     0 1430 2390  0  0 100  0  0
 0  0      0 376348064  21488 8145168    0    0     0     0 1892 2616  0  0 100  0  0
 0  0      0 376348064  21488 8145172    0    0     0     0 1325 1989  0  0 100  0  0
 0  0      0 376348256  21488 8145128    0    0     0     0  909 1512  0  0 100  0  0
 1  0      0 376348288  21488 8145132    0    0     0     0  928 1569  0  0 100  0  0
 0  0      0 376348416  21488 8145132    0    0     0     0 1058 1545  0  0 100  0  0
 0  0      0 376348704  21488 8145124    0    0     0     0 1169 1907  0  0 100  0  0
 0  0      0 376348192  21488 8145136    0    0     0     0 1165 2042  0  0 100  0  0
 0  0      0 376348192  21488 8145136    0    0     0     0  833 1326  0  0 100  0  0
 0  0      0 376345312  21488 8145136    0    0     0     0  947 1524  0  0 100  0  0
 0  0      0 376346304  21488 8145140    0    0     0     0 1826 2689  0  0 100  0  0
 0  0      0 376346400  21488 8145144    0    0     0     0 1289 2565  0  0 100  0  0
 0  0      0 376343552  21488 8145144    0    0     0     0 12426 13788  0  1 99  0  0
 0  0      0 376343168  21488 8145152    0    0     0     0 4164 7086  0  0 100  0  0
 0  0      0 376343104  21488 8145160    0    0     0     0 1070 1917  0  0 100  0  0
 0  0      0 376343296  21488 8145160    0    0     0     0  962 1471  0  0 100  0  0
 0  0      0 376341472  21488 8145164    0    0     0     0 1720 2046  0  0 100  0  0
 0  0      0 376342144  21488 8145168    0    0     0     0 1306 2173  0  0 100  0  0
procs -----------memory---------- ---swap-- -----io---- -system-- ------cpu-----
 r  b   swpd   free   buff  cache   si   so    bi    bo   in   cs us sy id wa st
 0  0      0 376341760  21488 8145168    0    0     0     0 1015 1622  0  0 100  0  0
 0  0      0 376341440  21488 8145172    0    0     0     0  964 1475  0  0 100  0  0
 0  0      0 376341440  21488 8145172    0    0     0     0 1198 2382  0  0 100  0  0
 0  0      0 376342656  21488 8145180    0    0     0     0 1134 1895  0  0 100  0  0
 0  0      0 376342880  21488 8145184    0    0     0     0 1391 1972  0  0 100  0  0
 0  0      0 376342592  21488 8145188    0    0     0     0  851 1402  0  0 100  0  0
 0  0      0 376342496  21488 8145192    0    0     0     0  952 1594  0  0 100  0  0
 0  0      0 376342624  21488 8145192    0    0     0     0 1055 1678  0  0 100  0  0
 0  0      0 376342848  21488 8145192    0    0     0     0 1200 1884  0  0 100  0  0
 0  0      0 376342848  21488 8145192    0    0     0     0 1107 1930  0  0 100  0  0
 0  0      0 376343232  21488 8145204    0    0     0     0  853 1355  0  0 100  0  0
 1  0      0 376340800  21488 8145204    0    0     0     0 1073 1704  0  0 100  0  0
 0  0      0 376341344  21488 8145204    0    0     0     0 1279 2285  0  0 100  0  0
 0  0      0 376342080  21488 8145212    0    0     0     0 1415 2308  0  0 100  0  0
 1  1      0 376342208  21488 8145212    0    0     0     0 1258 1848  0  0 100  0  0
 0  1      0 376342496  21488 8145212    0    0     0     0  932 1526  0  0 99  1  0
 0  1      0 376342848  21488 8145216    0    0     0     0 1092 1847  0  0 99  1  0
 0  1      0 376343072  21488 8145216    0    0     0     0 1000 1459  0  0 99  1  0
 0  1      0 376343136  21488 8145216    0    0     0     0 1298 2403  0  0 99  1  0
 0  1      0 376343136  21488 8145216    0    0     0     0 1146 2062  0  0 99  1  0
 0  0      0 376343680  21488 8145216    0    0     0     0 1147 1946  0  0 100  0  0
procs -----------memory---------- ---swap-- -----io---- -system-- ------cpu-----
 r  b   swpd   free   buff  cache   si   so    bi    bo   in   cs us sy id wa st
 1  0      0 376341440  21488 8145216    0    0     0     0  983 1563  0  0 100  0  0
 0  0      0 376341504  21488 8145220    0    0     0     0  937 1667  0  0 100  0  0
 0  0      0 376341504  21488 8145220    0    0     0     0 1035 1733  0  0 100  0  0
 0  0      0 376341664  21488 8145248    0    0     0     0 1323 1990  0  0 100  0  0
 0  0      0 376341952  21488 8145252    0    0     0     0  799 1360  0  0 100  0  0
 0  0      0 376341664  21488 8145252    0    0     0     0  857 1558  0  0 100  0  0
 0  0      0 376341664  21488 8145256    0    0     0     0 1089 2067  0  0 100  0  0
 0  0      0 376341568  21488 8145256    0    0     0     0 1081 1828  0  0 100  0  0
 0  0      0 376341568  21488 8145256    0    0     0     0 1095 1943  0  0 100  0  0
 0  0      0 376341632  21488 8145272    0    0     0     0  767 1316  0  0 100  0  0
 0  0      0 376338464  21488 8145272    0    0     0     0 1091 1797  0  0 100  0  0
 0  0      0 376339136  21488 8145276    0    0     0     0 1281 2074  0  0 100  0  0
 0  0      0 376339424  21488 8145276    0    0     0     0  978 1639  0  0 100  0  0
 0  0      0 376339776  21488 8145284    0    0     0     0 1073 1655  0  0 100  0  0
 0  0      0 376339808  21488 8145284    0    0     0     0  904 1517  0  0 100  0  0
 0  0      0 376339872  21488 8145288    0    0     0     0 1090 1856  0  0 100  0  0
 0  0      0 376339904  21488 8145288    0    0     0     0  993 1444  0  0 100  0  0
 1  0      0 376339872  21488 8145288    0    0     0     0 1047 1732  0  0 100  0  0
 0  0      0 376340032  21488 8145288    0    0     0     0 1266 2154  0  0 100  0  0
 0  0      0 376340576  21488 8145300    0    0     0     0  906 1554  0  0 100  0  0
 0  0      0 376340928  21488 8145300    0    0     0     0 1012 1633  0  0 100  0  0
procs -----------memory---------- ---swap-- -----io---- -system-- ------cpu-----
 r  b   swpd   free   buff  cache   si   so    bi    bo   in   cs us sy id wa st
 0  0      0 376341056  21488 8145312    0    0     0     0 1140 1963  0  0 100  0  0
 1  0      0 376338944  21488 8145316    0    0     0     0 2324 3387  0  0 100  0  0
 0  0      0 376339104  21488 8145316    0    0     0     0 1216 1925  0  0 100  0  0
 0  0      0 376339104  21488 8145316    0    0     0     0  767 1348  0  0 100  0  0
 0  0      0 376338560  21488 8145320    0    0     0     0  896 1633  0  0 100  0  0
 0  0      0 376338656  21488 8145320    0    0     0     0 1016 1588  0  0 100  0  0
 0  0      0 376338432  21488 8145320    0    0     0     0 1099 1808  0  0 100  0  0
 1  0      0 376338432  21488 8145320    0    0     0     0 1145 1928  0  0 100  0  0
 0  0      0 376338752  21488 8145332    0    0     0     0  824 1342  0  0 100  0  0
 0  0      0 376338688  21488 8145332    0    0     0     0 1056 1774  0  0 100  0  0
 0  0      0 376338368  21488 8145336    0    0     0     0 1262 2649  0  0 100  0  0
 0  0      0 376338368  21488 8145336    0    0     0     0  960 1613  0  0 100  0  0
 0  0      0 376338720  21488 8145344    0    0     0     0 1169 1811  0  0 100  0  0
 0  0      0 376338848  21488 8145344    0    0     0     0  918 1424  0  0 100  0  0
 0  0      0 376339136  21488 8145352    0    0     0     0 1054 1812  0  0 100  0  0
 0  0      0 376339136  21488 8145356    0    0     0     0  991 1572  0  0 100  0  0
 0  0      0 376339200  21488 8145356    0    0     0     0  936 1524  0  0 100  0  0
 0  0      0 376339232  21488 8145356    0    0     0     0 1287 2231  0  0 100  0  0
 1  0      0 376339296  21488 8145364    0    0     0     0  867 1515  0  0 100  0  0
 0  0      0 376339296  21488 8145364    0    0     0     0  888 1519  0  0 100  0  0
 0  0      0 376339552  21488 8145368    0    0     0     0 1039 1728  0  0 100  0  0
procs -----------memory---------- ---swap-- -----io---- -system-- ------cpu-----
 r  b   swpd   free   buff  cache   si   so    bi    bo   in   cs us sy id wa st
 0  0      0 376339808  21488 8145376    0    0     0     0 1103 1970  0  0 100  0  0
 0  0      0 376338912  21488 8145384    0    0     0     0 1459 2054  0  0 100  0  0
 0  0      0 376339040  21488 8145384    0    0     0     0  770 1228  0  0 100  0  0
 0  0      0 376339040  21488 8145384    0    0     0     0 1031 1682  0  0 100  0  0
 0  0      0 376339296  21488 8145388    0    0     0     0 1224 1654  0  0 100  0  0
 0  0      0 376339456  21488 8145388    0    0     0     0 1592 2505  0  0 100  0  0
 0  0      0 376339424  21488 8145400    0    0     0     0 1269 2129  0  0 100  0  0
 0  0      0 376339456  21488 8145400    0    0     0     0  824 1330  0  0 100  0  0
 0  0      0 376337152  21488 8145404    0    0     0     0 1325 1918  0  0 100  0  0
 0  0      0 376337312  21488 8145408    0    0     0     0 1372 2332  0  0 100  0  0
 0  0      0 376337632  21488 8145412    0    0     0     0 1358 2293  0  0 100  0  0
 0  0      0 376337600  21488 8145412    0    0     0     0 1186 1796  0  0 100  0  0
 0  0      0 376337632  21488 8145416    0    0     0     0  858 1411  0  0 100  0  0
 0  0      0 376337664  21488 8145416    0    0     0     0 1128 1849  0  0 100  0  0
 1  0      0 376337664  21488 8145420    0    0     0     0 1022 1555  0  0 100  0  0
 0  0      0 376337728  21488 8145420    0    0     0     0  938 1473  0  0 100  0  0
 0  0      0 376337824  21488 8145424    0    0     0     0 1263 2241  0  0 100  0  0
 0  0      0 376337856  21488 8145424    0    0     0     0  825 1436  0  0 100  0  0
 1  0      0 376337856  21488 8145424    0    0     0     0  962 1622  0  0 100  0  0
 0  0      0 376338432  21488 8145432    0    0     0     0 1033 1851  0  0 100  0  0
 1  0      0 376338560  21488 8145436    0    0     0     0 1071 1817  0  0 100  0  0
procs -----------memory---------- ---swap-- -----io---- -system-- ------cpu-----
 r  b   swpd   free   buff  cache   si   so    bi    bo   in   cs us sy id wa st
 0  1      0 376338560  21488 8145444    0    0     0     0 1403 2113  0  0 100  0  0
 0  1      0 376338560  21488 8145444    0    0     0     0  831 1290  0  0 99  1  0
 1  1      0 376337408  21488 8145444    0    0     0     0 1223 1680  0  0 99  1  0
 0  1      0 376337280  21488 8145444    0    0     0     0 1098 1746  0  0 99  1  0
 0  1      0 376337024  21488 8145444    0    0     0     0 1101 1896  0  0 99  1  0
 0  1      0 376337056  21488 8145444    0    0     0     0 1204 1890  0  0 99  1  0
 0  0      0 376335008  21488 8145444    0    0     0     0 1991 2024  0  0 100  0  0
 0  0      0 376336352  21488 8145480    0    0     0     0 1038 1765  0  0 100  0  0
 0  0      0 376336896  21488 8145468    0    0     0     0 1137 1938  0  0 100  0  0
 0  0      0 376336864  21488 8145472    0    0     0     0 1218 2412  0  0 100  0  0
 0  0      0 376337024  21488 8145476    0    0     0     0 1107 1776  0  0 100  0  0
 0  0      0 376336992  21488 8145476    0    0     0     0  923 1514  0  0 100  0  0
 0  0      0 376337120  21488 8145484    0    0     0     0 1094 1744  0  0 100  0  0
 0  0      0 376337088  21488 8145484    0    0     0     0 1082 1586  0  0 100  0  0
 0  0      0 376337600  21488 8145484    0    0     0     0 1131 2100  0  0 100  0  0
 0  0      0 376337632  21488 8145484    0    0     0     0 1253 2091  0  0 100  0  0
 0  0      0 376337728  21488 8145492    0    0     0     0  974 1571  0  0 100  0  0
 2  0      0 376335200  21488 8145496    0    0     0     0 1049 1710  0  0 100  0  0
 0  0      0 376333056  21488 8145496    0    0     0     0 2761 4811  0  0 100  0  0
 1  0      0 376333152  21488 8145508    0    0     0     0 1126 1937  0  0 100  0  0
 0  0      0 376333312  21488 8145508    0    0     0     0 1251 1936  0  0 100  0  0
