procs -----------memory---------- ---swap-- -----io---- -system-- ------cpu-----
 r  b   swpd   free   buff  cache   si   so    bi    bo   in   cs us sy id wa st
 1  0      0 374869824      0 8079988    0    0     0     0    1    1  0  0 100  0  0
 0  1      0 374744000  21036 8143664    0    0 20897     0 4873 10393  0  0 99  0  0
 1  1      0 374743680  21036 8144644    0    0     0     0 1469 2555  0  0 99  1  0
 0  1      0 374743936  21036 8144892    0    0     0     0 1630 3005  0  0 99  1  0
 0  1      0 374743904  21036 8144892    0    0     0     0 1453 2504  0  0 99  1  0
 0  1      0 374743904  21036 8144892    0    0     0     0 1320 2302  0  0 99  1  0
 0  1      0 374744224  21036 8144892    0    0     0     0 1405 2536  0  0 99  1  0
 1  1      0 374744960  21036 8144892    0    0     0     0 1457 2555  0  0 99  1  0
 0  0      0 374611648  21408 8145448    0    0   384     0 16390 57501  1  0 98  0  0
 0  0      0 374611392  21408 8145448    0    0     0     0 1238 2339  0  0 100  0  0
 0  0      0 374612992  21408 8146276    0    0     0     0 1297 2444  0  0 100  0  0
 1  0      0 374613056  21408 8146276    0    0     0     0 1362 2364  0  0 100  0  0
 0  0      0 374609952  21408 8146276    0    0     0     0 1291 2157  0  0 100  0  0
 0  1      0 374598784  21408 8146276    0    0     0     0 1866 3415  0  0 100  0  0
 0  1      0 374598976  21408 8146304    0    0     0     0 2271 4247  0  0 99  1  0
 2  1      0 374593984  21408 8146324    0    0     0     0 2721 5659  0  0 99  1  0
 4  1      0 374590464  21408 8147828    0    0     0     0 2300 3937  0  0 99  0  0
 0  0      0 374580896  21408 8146288    0    0     0     0 3014 5882  0  0 100  0  0
 1  0      0 374580672  21408 8146288    0    0     0     0 2229 4152  0  0 100  0  0
 0  0      0 374578432  21408 8146296    0    0     0     0 2332 4083  0  0 100  0  0
 2  0      0 374571264  21408 8146316    0    0     0     0 2968 5691  0  0 100  0  0
procs -----------memory---------- ---swap-- -----io---- -system-- ------cpu-----
 r  b   swpd   free   buff  cache   si   so    bi    bo   in   cs us sy id wa st
 0  0      0 374568640  21408 8146316    0    0     0     0 2296 4551  0  0 100  0  0
 0  0      0 374561536  21408 8146332    0    0     0     0 4421 5547  0  0 100  0  0
 0  0      0 374563520  21408 8146332    0    0     0     0 2603 4734  0  0 100  0  0
 2  0      0 374606080  21408 8146332    0    0     0     0 1916 3028  0  0 100  0  0
 0  0      0 374605952  21408 8146336    0    0     0     0 1985 3205  0  0 100  0  0
 0  0      0 374609056  21408 8146356    0    0     0     0 1674 2988  0  0 100  0  0
 0  0      0 374609440  21408 8146364    0    0     0     0 2086 3583  0  0 100  0  0
 0  0      0 374611520  21408 8146372    0    0     0     0 1874 3080  0  0 100  0  0
 0  0      0 374612320  21408 8146372    0    0     0     0 1724 2784  0  0 100  0  0
 0  0      0 374614400  21408 8146388    0    0     0     0 2244 3737  0  0 100  0  0
 0  0      0 374614656  21408 8146388    0    0     0     0 1762 3347  0  0 100  0  0
 0  0      0 374612736  21408 8146392    0    0     0     0 2075 3257  0  0 100  0  0
 0  0      0 374613920  21408 8146404    0    0     0     0 2062 3544  0  0 100  0  0
 0  0      0 374614048  21408 8146404    0    0     0     0 1866 3185  0  0 100  0  0
 0  0      0 374614848  21408 8146412    0    0     0     0 2110 3431  0  0 100  0  0
 0  0      0 374615840  21408 8146424    0    0     0     0 1523 2441  0  0 100  0  0
 0  0      0 374615840  21408 8146428    0    0     0     0 2004 3327  0  0 100  0  0
 1  0      0 374616192  21408 8146436    0    0     0     0 2118 3830  0  0 100  0  0
 0  0      0 374616192  21408 8146440    0    0     0     0 1793 2965  0  0 100  0  0
 0  0      0 374616448  21408 8146448    0    0     0     0 2041 3403  0  0 100  0  0
 0  0      0 374616480  21408 8146452    0    0     0     0 1664 2842  0  0 100  0  0
procs -----------memory---------- ---swap-- -----io---- -system-- ------cpu-----
 r  b   swpd   free   buff  cache   si   so    bi    bo   in   cs us sy id wa st
 0  0      0 374613824  21408 8146452    0    0     0     0 2007 3312  0  0 100  0  0
 1  0      0 374613856  21408 8146468    0    0     0     0 2124 3994  0  0 100  0  0
 0  0      0 374613824  21408 8146472    0    0     0     0 1701 2848  0  0 100  0  0
 0  0      0 374613856  21408 8146480    0    0     0     0 17113 16782  0  0 99  0  0
 0  0      0 374611616  21408 8146488    0    0     0     0 1679 2914  0  0 100  0  0
 1  0      0 374612416  21408 8146488    0    0     0     0 2000 3383  0  0 100  0  0
 0  0      0 374612800  21408 8146500    0    0     0     0 1951 3183  0  0 100  0  0
 1  0      0 374610624  21408 8146508    0    0     0     0 2968 3326  0  0 100  0  0
 0  0      0 374611392  21408 8146520    0    0     0     0 2510 3717  0  0 100  0  0
 0  0      0 374610752  21408 8146520    0    0     0     0 1808 3246  0  0 100  0  0
 0  0      0 374610816  21408 8146528    0    0     0     0 2057 3291  0  0 100  0  0
 0  0      0 374610880  21408 8146536    0    0     0     0 2261 3234  0  0 100  0  0
 0  0      0 374611264  21408 8146536    0    0     0     0 1842 3126  0  0 100  0  0
 0  0      0 374611392  21408 8146536    0    0     0     0 2116 3390  0  0 100  0  0
 0  0      0 374612800  21408 8146556    0    0     0     0 1623 2830  0  0 100  0  0
 0  0      0 374613312  21408 8146556    0    0     0     0 1977 3235  0  0 100  0  0
 1  0      0 374613312  21408 8146568    0    0     0     0 2043 3180  0  0 100  0  0
 1  0      0 374613312  21408 8146572    0    0     0     0 2052 2958  0  0 100  0  0
 0  0      0 374613152  21408 8146580    0    0     0     0 1981 3253  0  0 100  0  0
 0  0      0 374613536  21408 8146584    0    0     0     0 1849 3545  0  0 100  0  0
 0  0      0 374610752  21408 8146584    0    0     0     0 2069 3512  0  0 100  0  0
procs -----------memory---------- ---swap-- -----io---- -system-- ------cpu-----
 r  b   swpd   free   buff  cache   si   so    bi    bo   in   cs us sy id wa st
 0  0      0 374611040  21408 8146600    0    0     0     0 2063 3503  0  0 100  0  0
 0  0      0 374611040  21408 8146600    0    0     0     0 1761 2957  0  0 100  0  0
 0  0      0 374611264  21408 8146612    0    0     0     0 1926 3154  0  0 100  0  0
 0  0      0 374611456  21408 8146616    0    0     0     0 1705 2787  0  0 100  0  0
 2  0      0 374611584  21408 8146620    0    0     0     0 2202 4061  0  0 100  0  0
 0  0      0 374611584  21408 8146628    0    0     0     0 1841 2916  0  0 100  0  0
 0  0      0 374611712  21408 8146632    0    0     0     0 1739 2818  0  0 100  0  0
 0  0      0 374611840  21408 8146644    0    0     0     0 2097 3448  0  0 100  0  0
 1  0      0 374611840  21408 8146644    0    0     0     0 1715 2950  0  0 100  0  0
 0  0      0 374609664  21408 8146648    0    0     0     0 2004 3203  0  0 100  0  0
 4  0      0 374608384  21408 8146660    0    0     0     0 2095 3286  0  0 100  0  0
 0  0      0 374607168  21408 8146660    0    0     0     0 2948 3572  0  0 100  0  0
 0  0      0 374608000  21408 8146664    0    0     0     0 2063 3545  0  0 100  0  0
 0  0      0 374608320  21408 8146712    0    0     0     0 1683 2848  0  0 100  0  0
 0  0      0 374608160  21408 8146720    0    0     0     0 1916 3333  0  0 100  0  0
 1  1      0 374608480  21408 8146720    0    0     0     0 1925 3245  0  0 100  0  0
 0  1      0 374608512  21408 8146720    0    0     0     0 1847 2998  0  0 99  1  0
 0  1      0 374608640  21408 8146720    0    0     0     0 1971 3312  0  0 99  1  0
 0  1      0 374608640  21408 8146720    0    0     0     0 1655 2996  0  0 99  1  0
 0  1      0 374606528  21408 8146720    0    0     0     0 2116 3410  0  0 99  1  0
 0  1      0 374606528  21408 8146724    0    0     0     0 1937 3317  0  0 99  1  0
procs -----------memory---------- ---swap-- -----io---- -system-- ------cpu-----
 r  b   swpd   free   buff  cache   si   so    bi    bo   in   cs us sy id wa st
 0  0      0 374606528  21408 8146724    0    0     0     0 2122 3446  0  0 100  0  0
 0  0      0 374606752  21408 8146764    0    0     0     0 1981 3215  0  0 100  0  0
 0  0      0 374606784  21408 8146776    0    0     0     0 1848 3401  0  0 100  0  0
 0  0      0 374606720  21408 8146784    0    0     0     0 2220 3660  0  0 100  0  0
 0  0      0 374607168  21408 8146788    0    0     0     0 1854 3007  0  0 100  0  0
 0  0      0 374607200  21408 8146792    0    0     0     0 1717 2838  0  0 100  0  0
 0  0      0 374607680  21408 8146804    0    0     0     0 2056 3474  0  0 100  0  0
 0  0      0 374607872  21408 8146808    0    0     0     0 1810 3099  0  0 100  0  0
 0  0      0 374605376  21408 8146808    0    0     0     0 2293 3926  0  0 100  0  0
 0  0      0 374606496  21408 8146820    0    0     0     0 1883 3314  0  0 100  0  0
 0  0      0 374606528  21408 8146820    0    0     0     0 1910 3131  0  0 100  0  0
 0  0      0 374607008  21408 8146828    0    0     0     0 1964 3306  0  0 100  0  0
 1  0      0 374607232  21408 8146836    0    0     0     0 1519 2511  0  0 100  0  0
 0  0      0 374607584  21408 8146848    0    0     0     0 2010 3395  0  0 100  0  0
 0  0      0 374608896  21408 8146852    0    0     0     0 1891 3343  0  0 100  0  0
 0  0      0 374608896  21408 8146856    0    0     0     0 1768 2990  0  0 100  0  0
 0  0      0 374609152  21408 8146864    0    0     0     0 1911 3226  0  0 100  0  0
 0  0      0 374609152  21408 8146864    0    0     0     0 1577 2781  0  0 100  0  0
 0  0      0 374609152  21408 8146868    0    0     0     0 2283 3670  0  0 100  0  0
 0  0      0 374609920  21408 8146884    0    0     0     0 1923 3340  0  0 100  0  0
 0  0      0 374609920  21408 8146884    0    0     0     0 1727 2807  0  0 100  0  0
procs -----------memory---------- ---swap-- -----io---- -system-- ------cpu-----
 r  b   swpd   free   buff  cache   si   so    bi    bo   in   cs us sy id wa st
 0  0      0 374610176  21408 8146892    0    0     0     0 2086 3230  0  0 100  0  0
 0  0      0 374610432  21408 8146900    0    0     0     0 1728 3170  0  0 100  0  0
 0  0      0 374610432  21408 8146904    0    0     0     0 2186 3546  0  0 100  0  0
 0  0      0 374610528  21408 8146912    0    0     0     0 1804 2852  0  0 100  0  0
 0  0      0 374610912  21408 8146916    0    0     0     0 1756 2884  0  0 100  0  0
 0  0      0 374610880  21408 8146928    0    0     0     0 2131 3507  0  0 100  0  0
 1  0      0 374611040  21408 8146928    0    0     0     0 1924 3543  0  0 100  0  0
 0  0      0 374608896  21408 8146932    0    0     0     0 2034 3265  0  0 100  0  0
 0  0      0 374609568  21408 8146944    0    0     0     0 1836 3141  0  0 100  0  0
 0  0      0 374609600  21408 8146944    0    0     0     0 1787 3016  0  0 100  0  0
 0  0      0 374609856  21408 8146956    0    0     0     0 2057 3384  0  0 100  0  0
 0  0      0 374609888  21408 8146960    0    0     0     0 1609 2639  0  0 100  0  0
 0  0      0 374609888  21408 8146972    0    0     0     0 2193 3926  0  0 100  0  0
 0  0      0 374610144  21408 8146976    0    0     0     0 1894 3114  0  0 100  0  0
 3  0      0 374610144  21408 8146980    0    0     0     0 1737 2992  0  0 100  0  0
 0  0      0 374610400  21408 8146988    0    0     0     0 1940 3222  0  0 100  0  0
 0  0      0 374610528  21408 8146992    0    0     0     0 1671 2827  0  0 100  0  0
 0  0      0 374608352  21408 8146992    0    0     0     0 2295 3708  0  0 100  0  0
 0  0      0 374608608  21408 8147004    0    0     0     0 2140 3790  0  0 100  0  0
 0  0      0 374608736  21408 8147004    0    0     0     0 1756 2881  0  0 100  0  0
 0  0      0 374608768  21408 8147016    0    0     0     0 1991 3200  0  0 100  0  0
procs -----------memory---------- ---swap-- -----io---- -system-- ------cpu-----
 r  b   swpd   free   buff  cache   si   so    bi    bo   in   cs us sy id wa st
 0  0      0 374608768  21408 8147024    0    0     0     0 1701 2906  0  0 100  0  0
 0  0      0 374609024  21408 8147032    0    0     0     0 2150 3554  0  0 100  0  0
 1  0      0 374609024  21408 8147036    0    0     0     0 1827 2879  0  0 100  0  0
 0  0      0 374609024  21408 8147040    0    0     0     0 1655 2841  0  0 100  0  0
 0  0      0 374609152  21408 8147052    0    0     0     0 2079 3441  0  0 100  0  0
 1  0      0 374609152  21408 8147060    0    0     0     0 1781 3293  0  0 100  0  0
 0  0      0 374606816  21408 8147064    0    0     0     0 2131 3303  0  0 100  0  0
 0  1      0 374606688  21408 8147068    0    0     0     0 1911 3185  0  0 100  0  0
 0  1      0 374606688  21408 8147068    0    0     0     0 1805 3093  0  0 99  1  0
 0  1      0 374606688  21408 8147068    0    0     0     0 2039 3264  0  0 99  1  0
 0  1      0 374606816  21408 8147068    0    0     0     0 1831 3363  0  0 99  1  0
 0  1      0 374606688  21408 8147068    0    0     0     0 2184 3392  0  0 99  1  0
 0  1      0 374606720  21408 8147072    0    0     0     0 1876 3056  0  0 99  1  0
 1  0      0 374607040  21408 8147108    0    0     0     0 2042 3514  0  0 100  0  0
 0  0      0 374607072  21408 8147116    0    0     0     0 1956 3201  0  0 100  0  0
 0  0      0 374607136  21408 8147116    0    0     0     0 1684 2828  0  0 100  0  0
 0  0      0 374604640  21408 8147120    0    0     0     0 3101 4633  0  0 100  0  0
 1  0      0 374606816  21408 8147132    0    0     0     0 1994 3440  0  0 100  0  0
 0  0      0 374606816  21408 8147132    0    0     0     0 1733 2841  0  0 100  0  0
 0  0      0 374607328  21408 8147144    0    0     0     0 2006 3218  0  0 100  0  0
 0  0      0 374607488  21408 8147152    0    0     0     0 1755 3006  0  0 100  0  0
procs -----------memory---------- ---swap-- -----io---- -system-- ------cpu-----
 r  b   swpd   free   buff  cache   si   so    bi    bo   in   cs us sy id wa st
 0  0      0 374607616  21408 8147160    0    0     0     0 2022 3335  0  0 100  0  0
 1  0      0 374607744  21408 8147160    0    0     0     0 1901 3076  0  0 100  0  0
 0  0      0 374607200  21408 8147168    0    0     0     0 1843 2917  0  0 100  0  0
 0  0      0 374607200  21408 8147168    0    0     0     0 2102 3497  0  0 100  0  0
 0  0      0 374607456  21408 8147180    0    0     0     0 1947 3150  0  0 100  0  0
 0  0      0 374607392  21408 8147180    0    0     0     0 2091 3386  0  0 100  0  0
 0  0      0 374607744  21408 8147196    0    0     0     0 1846 3187  0  0 100  0  0
 0  0      0 374608224  21408 8147204    0    0     0     0 2079 3353  0  0 100  0  0
 0  0      0 374608320  21408 8147208    0    0     0     0 1983 3305  0  0 100  0  0
 0  0      0 374608320  21408 8147212    0    0     0     0 1727 3023  0  0 100  0  0
 0  0      0 374608320  21408 8147212    0    0     0     0 1934 3296  0  0 100  0  0
 1  0      0 374608480  21408 8147224    0    0     0     0 1934 3179  0  0 100  0  0
 0  0      0 374608640  21408 8147232    0    0     0     0 1732 2955  0  0 100  0  0
 0  0      0 374608640  21408 8147232    0    0     0     0 1968 3229  0  0 100  0  0
 0  0      0 374608640  21408 8147244    0    0     0     0 1865 3524  0  0 100  0  0
 0  0      0 374605888  21408 8147244    0    0     0     0 2075 3464  0  0 100  0  0
 0  0      0 374606208  21408 8147260    0    0     0     0 1889 3260  0  0 100  0  0
 0  0      0 374606208  21408 8147260    0    0     0     0 1669 2770  0  0 100  0  0
 0  0      0 374606304  21408 8147268    0    0     0     0 15325 17676  0  0 99  0  0
 1  0      0 374604640  21408 8147276    0    0     0     0 3164 5426  0  0 100  0  0
 0  0      0 374605120  21408 8147284    0    0     0     0 2198 3926  0  0 100  0  0
procs -----------memory---------- ---swap-- -----io---- -system-- ------cpu-----
 r  b   swpd   free   buff  cache   si   so    bi    bo   in   cs us sy id wa st
 1  0      0 374605472  21408 8147288    0    0     0     0 1828 2900  0  0 100  0  0
 0  0      0 374602784  21408 8147288    0    0     0     0 3006 3456  0  0 100  0  0
 1  0      0 374603136  21408 8147300    0    0     0     0 2155 3537  0  0 100  0  0
 0  0      0 374603328  21408 8147304    0    0     0     0 1798 3048  0  0 100  0  0
 0  0      0 374601024  21408 8147304    0    0     0     0 1928 3231  0  0 100  0  0
 1  0      0 374601024  21408 8147316    0    0     0     0 1872 3356  0  0 100  0  0
 1  0      0 374601408  21408 8147332    0    0     0     0 1810 2988  0  0 100  0  0
 0  0      0 374602080  21408 8147336    0    0     0     0 2014 3270  0  0 100  0  0
 1  0      0 374602240  21408 8147340    0    0     0     0 1740 2850  0  0 100  0  0
 0  0      0 374602368  21408 8147340    0    0     0     0 1938 3193  0  0 100  0  0
 0  0      0 374602784  21408 8147352    0    0     0     0 2176 3593  0  0 100  0  0
 0  0      0 374602784  21408 8147352    0    0     0     0 1753 2965  0  0 100  0  0
 0  0      0 374602944  21408 8147360    0    0     0     0 1987 3206  0  0 100  0  0
 0  0      0 374604224  21408 8147372    0    0     0     0 1779 2976  0  0 100  0  0
 0  0      0 374601632  21408 8147380    0    0     0     0 2218 3667  0  0 100  0  0
 0  0      0 374601632  21408 8147380    0    0     0     0 2109 3678  0  0 100  0  0
 2  0      0 374601696  21408 8147392    0    0     0     0 1684 2766  0  0 100  0  0
 0  0      0 374601696  21408 8147392    0    0     0     0 1966 3162  0  0 100  0  0
 0  0      0 374602272  21408 8147404    0    0     0     0 2118 3855  0  0 100  0  0
 0  0      0 374601696  21408 8147412    0    0     0     0 1976 3221  0  0 100  0  0
 0  0      0 374601696  21408 8147412    0    0     0     0 1845 2884  0  0 100  0  0
procs -----------memory---------- ---swap-- -----io---- -system-- ------cpu-----
 r  b   swpd   free   buff  cache   si   so    bi    bo   in   cs us sy id wa st
 0  0      0 374602112  21408 8147420    0    0     0     0 1736 2902  0  0 100  0  0
 0  0      0 374602112  21408 8147420    0    0     0     0 2089 3488  0  0 100  0  0
 0  0      0 374602176  21408 8147428    0    0     0     0 1792 3031  0  0 100  0  0
 0  0      0 374600256  21408 8147440    0    0     0     0 2049 3744  0  0 100  0  0
 0  0      0 374600256  21408 8147452    0    0     0     0 1798 3161  0  0 100  0  0
 0  0      0 374600320  21408 8147456    0    0     0     0 1843 3032  0  0 100  0  0
 0  0      0 374600448  21408 8147456    0    0     0     0 1968 3231  0  0 100  0  0
 0  0      0 374600928  21408 8147464    0    0     0     0 1731 2957  0  0 100  0  0
 0  0      0 374601152  21408 8147472    0    0     0     0 1884 3056  0  0 100  0  0
 0  0      0 374601216  21408 8147476    0    0     0     0 1918 3321  0  0 100  0  0
 0  0      0 374601344  21408 8147480    0    0     0     0 1808 3172  0  0 100  0  0
 0  0      0 374601344  21408 8147480    0    0     0     0 1885 3086  0  0 100  0  0
 0  0      0 374601472  21408 8147484    0    0     0     0 1912 2937  0  0 100  0  0
 1  0      0 374599520  21408 8147500    0    0     0     0 2097 3551  0  0 100  0  0
 0  0      0 374600224  21408 8147508    0    0     0     0 2011 3623  0  0 100  0  0
 0  0      0 374600352  21408 8147508    0    0     0     0 1714 2761  0  0 100  0  0
 0  0      0 374600544  21408 8147516    0    0     0     0 1924 3088  0  0 100  0  0
 0  0      0 374600544  21408 8147524    0    0     0     0 1929 3254  0  0 100  0  0
 0  0      0 374600544  21408 8147524    0    0     0     0 2020 3241  0  0 100  0  0
 1  0      0 374601024  21408 8147540    0    0     0     0 1801 2898  0  0 100  0  0
 0  0      0 374601024  21408 8147540    0    0     0     0 1723 2895  0  0 100  0  0
procs -----------memory---------- ---swap-- -----io---- -system-- ------cpu-----
 r  b   swpd   free   buff  cache   si   so    bi    bo   in   cs us sy id wa st
 0  0      0 374601152  21408 8147552    0    0     0     0 2038 3448  0  0 100  0  0
 0  0      0 374601504  21408 8147556    0    0     0     0 1955 3650  0  0 100  0  0
 0  0      0 374598624  21408 8147556    0    0     0     0 2051 3412  0  0 100  0  0
 0  1      0 374599520  21408 8147572    0    0     0     0 1969 3465  0  0 100  0  0
 0  1      0 374599520  21408 8147572    0    0     0     0 1891 3120  0  0 99  1  0
 0  1      0 374599488  21408 8147572    0    0     0     0 1858 3084  0  0 99  1  0
 0  1      0 374599616  21408 8147572    0    0     0     0 1779 2946  0  0 99  1  0
 0  1      0 374599616  21408 8147572    0    0     0     0 2006 3647  0  0 99  1  0
 0  1      0 374599616  21408 8147572    0    0     0     0 1882 3093  0  0 99  1  0
 0  0      0 374599616  21408 8147576    0    0     0     0 1817 3207  0  0 100  0  0
 0  0      0 374599776  21408 8147620    0    0     0     0 1830 3130  0  0 100  0  0
 0  0      0 374599744  21408 8147624    0    0     0     0 1797 2928  0  0 100  0  0
 0  0      0 374597280  21408 8147624    0    0     0     0 2225 3585  0  0 100  0  0
 0  0      0 374597184  21408 8147628    0    0     0     0 1917 3524  0  0 100  0  0
 0  0      0 374597600  21408 8147644    0    0     0     0 1644 2760  0  0 100  0  0
 0  0      0 374597600  21408 8147644    0    0     0     0 1902 3099  0  0 100  0  0
 0  0      0 374597888  21408 8147652    0    0     0     0 1901 3230  0  0 100  0  0
 0  0      0 374598272  21408 8147664    0    0     0     0 1948 3174  0  0 100  0  0
 0  0      0 374598272  21408 8147664    0    0     0     0 1871 3227  0  0 100  0  0
 2  0      0 374598816  21408 8147672    0    0     0     0 1737 2831  0  0 100  0  0
 1  0      0 374598848  21408 8147672    0    0     0     0 2063 3429  0  0 100  0  0
procs -----------memory---------- ---swap-- -----io---- -system-- ------cpu-----
 r  b   swpd   free   buff  cache   si   so    bi    bo   in   cs us sy id wa st
 0  0      0 374598880  21408 8147672    0    0     0     0 1828 3029  0  0 100  0  0
 0  0      0 374596608  21408 8147692    0    0     0     0 1935 3328  0  0 100  0  0
 0  0      0 374596736  21408 8147696    0    0     0     0 1793 3176  0  0 100  0  0
 1  0      0 374597056  21408 8147708    0    0     0     0 1854 3074  0  0 100  0  0
 0  0      0 374597152  21408 8147708    0    0     0     0 1893 3177  0  0 100  0  0
 0  0      0 374597568  21408 8147720    0    0     0     0 1870 3536  0  0 100  0  0
 0  0      0 374597568  21408 8147720    0    0     0     0 1838 3095  0  0 100  0  0
 0  0      0 374597824  21408 8147724    0    0     0     0 1859 3150  0  0 100  0  0
 0  0      0 374597824  21408 8147728    0    0     0     0 1710 2952  0  0 100  0  0
 0  0      0 374598496  21408 8147740    0    0     0     0 1896 3188  0  0 100  0  0
 0  0      0 374598656  21408 8147748    0    0     0     0 1843 3025  0  0 100  0  0
 0  0      0 374596096  21408 8147748    0    0     0     0 2388 4203  0  0 100  0  0
 0  0      0 374596480  21408 8147760    0    0     0     0 1815 3297  0  0 100  0  0
 0  0      0 374596416  21408 8147768    0    0     0     0 1873 3055  0  0 100  0  0
 0  0      0 374596448  21408 8147768    0    0     0     0 1852 3033  0  0 100  0  0
 0  0      0 374596480  21408 8147780    0    0     0     0 1854 3301  0  0 100  0  0
 0  0      0 374596480  21408 8147780    0    0     0     0 1940 3186  0  0 100  0  0
 0  0      0 374596672  21408 8147792    0    0     0     0 1821 2978  0  0 100  0  0
 0  0      0 374596672  21408 8147792    0    0     0     0 1736 2895  0  0 100  0  0
 0  0      0 374596736  21408 8147792    0    0     0     0 2028 3455  0  0 100  0  0
 1  0      0 374596704  21408 8147812    0    0     0     0 1798 3017  0  0 100  0  0
procs -----------memory---------- ---swap-- -----io---- -system-- ------cpu-----
 r  b   swpd   free   buff  cache   si   so    bi    bo   in   cs us sy id wa st
 0  0      0 374596480  21408 8147812    0    0     0     0 1950 3261  0  0 100  0  0
 0  0      0 374596768  21408 8147824    0    0     0     0 1762 3282  0  0 100  0  0
 0  0      0 374596768  21408 8147824    0    0     0     0 1896 3213  0  0 100  0  0
 0  0      0 374597024  21408 8147836    0    0     0     0 1930 3086  0  0 100  0  0
 0  0      0 374597152  21408 8147844    0    0     0     0 1758 3000  0  0 100  0  0
 0  0      0 374597120  21408 8147844    0    0     0     0 2052 3238  0  0 100  0  0
 0  0      0 374597504  21408 8147852    0    0     0     0 1892 3044  0  0 100  0  0
 0  0      0 374597504  21408 8147852    0    0     0     0 1826 3193  0  0 100  0  0
 0  0      0 374597504  21408 8147856    0    0     0     0 1871 3175  0  0 100  0  0
 0  0      0 374597856  21408 8147872    0    0     0     0 1973 3626  0  0 100  0  0
 0  0      0 374594848  21408 8147872    0    0     0     0 3012 3882  0  0 100  0  0
 0  0      0 374595328  21408 8147888    0    0     0     0 1863 3232  0  0 100  0  0
 0  0      0 374595456  21408 8147888    0    0     0     0 1721 2809  0  0 100  0  0
 0  0      0 374595552  21408 8147900    0    0     0     0 1948 3016  0  0 100  0  0
 0  0      0 374595552  21408 8147904    0    0     0     0 2066 3444  0  0 100  0  0
 0  0      0 374595712  21408 8147912    0    0     0     0 2157 3660  0  0 100  0  0
 0  0      0 374595712  21408 8147912    0    0     0     0 1740 2710  0  0 100  0  0
 0  0      0 374595776  21408 8147928    0    0     0     0 1872 3044  0  0 100  0  0
 0  0      0 374595712  21408 8147928    0    0     0     0 2255 3505  0  0 100  0  0
 0  0      0 374595424  21408 8147936    0    0     0     0 1964 3170  0  0 100  0  0
 0  0      0 374593504  21408 8147936    0    0     0     0 2084 3422  0  0 100  0  0
procs -----------memory---------- ---swap-- -----io---- -system-- ------cpu-----
 r  b   swpd   free   buff  cache   si   so    bi    bo   in   cs us sy id wa st
 0  0      0 374594048  21408 8147952    0    0     0     0 1783 3301  0  0 100  0  0
 0  0      0 374593504  21408 8147992    0    0     0     0 2770 3910  0  0 100  0  0
 0  0      0 374593344  21408 8147992    0    0     0     0 1995 3056  0  0 100  0  0
 0  0      0 374594112  21408 8148004    0    0     0     0 1800 3049  0  0 100  0  0
 0  0      0 374594144  21408 8148012    0    0     0     0 1886 3212  0  0 100  0  0
 0  0      0 374593920  21408 8148012    0    0     0     0 1889 3341  0  0 100  0  0
 1  0      0 374594528  21408 8148020    0    0     0     0 1832 3154  0  0 100  0  0
 1  0      0 374594720  21408 8148020    0    0     0     0 2120 3237  0  0 100  0  0
 0  0      0 374594528  21408 8148020    0    0     0     0 1806 3058  0  0 100  0  0
 0  0      0 374592000  21408 8148036    0    0     0     0 2127 3643  0  0 100  0  0
 0  0      0 374592416  21408 8148044    0    0     0     0 1907 3218  0  0 100  0  0
 0  0      0 374590176  21408 8148052    0    0     0     0 10685 9887  0  0 99  0  0
 0  0      0 374588800  21408 8148060    0    0     0     0 7221 11806  0  0 100  0  0
 0  0      0 374591616  21408 8148096    0    0     0     0 6451 11102  0  0 100  0  0
 0  0      0 374591616  21408 8148096    0    0     0     0 1907 3138  0  0 100  0  0
 0  1      0 374592320  21408 8148108    0    0     0     0 1710 2827  0  0 100  0  0
 1  1      0 374590656  21408 8148108    0    0     0     0 1920 3138  0  0 99  1  0
 0  1      0 374591904  21408 8148112    0    0     0     0 2157 3611  0  0 99  1  0
 0  1      0 374591904  21408 8148112    0    0     0     0 1771 2888  0  0 99  1  0
 0  1      0 374589824  21408 8148112    0    0     0     0 2141 3796  0  0 99  1  0
 0  1      0 374589824  21408 8148112    0    0     0     0 1700 2934  0  0 99  1  0
procs -----------memory---------- ---swap-- -----io---- -system-- ------cpu-----
 r  b   swpd   free   buff  cache   si   so    bi    bo   in   cs us sy id wa st
 0  0      0 374591232  21408 8148148    0    0     0     0 2861 3989  0  0 100  0  0
 0  0      0 374591200  21408 8148148    0    0     0     0 1911 3040  0  0 100  0  0
 0  0      0 374590720  21408 8148164    0    0     0     0 1755 2960  0  0 100  0  0
 0  0      0 374590432  21408 8148164    0    0     0     0 2073 3182  0  0 100  0  0
 0  0      0 374590560  21408 8148172    0    0     0     0 1967 3382  0  0 100  0  0
 0  0      0 374590432  21408 8148172    0    0     0     0 1809 3044  0  0 100  0  0
 0  0      0 374590560  21408 8148180    0    0     0     0 1876 3133  0  0 100  0  0
 0  0      0 374591040  21408 8148192    0    0     0     0 1935 3059  0  0 100  0  0
 0  0      0 374590656  21408 8148192    0    0     0     0 2355 3816  0  0 100  0  0
 0  0      0 374591040  21408 8148204    0    0     0     0 2025 3744  0  0 100  0  0
 2  0      0 374591072  21408 8148212    0    0     0     0 1847 2905  0  0 100  0  0
 0  0      0 374591072  21408 8148212    0    0     0     0 1894 3024  0  0 100  0  0
 0  0      0 374591232  21408 8148224    0    0     0     0 1968 3337  0  0 100  0  0
 0  0      0 374591200  21408 8148232    0    0     0     0 2035 3192  0  0 100  0  0
 0  0      0 374591200  21408 8148240    0    0     0     0 1871 3305  0  0 100  0  0
 0  0      0 374591200  21408 8148240    0    0     0     0 1809 3089  0  0 100  0  0
 0  0      0 374591264  21408 8148252    0    0     0     0 2117 3594  0  0 100  0  0
 0  0      0 374591232  21408 8148260    0    0     0     0 1755 2786  0  0 100  0  0
 0  0      0 374588608  21408 8148260    0    0     0     0 1946 3225  0  0 100  0  0
 0  0      0 374588960  21408 8148268    0    0     0     0 1701 3024  0  0 100  0  0
 0  0      0 374589024  21408 8148276    0    0     0     0 1951 3119  0  0 100  0  0
procs -----------memory---------- ---swap-- -----io---- -system-- ------cpu-----
 r  b   swpd   free   buff  cache   si   so    bi    bo   in   cs us sy id wa st
 0  0      0 374589024  21408 8148284    0    0     0     0 1889 3041  0  0 100  0  0
 0  0      0 374589024  21408 8148284    0    0     0     0 1667 2978  0  0 100  0  0
 0  0      0 374589056  21408 8148296    0    0     0     0 2061 3641  0  0 100  0  0
 0  0      0 374589056  21408 8148304    0    0     0     0 1916 3125  0  0 100  0  0
 0  0      0 374589056  21408 8148304    0    0     0     0 1845 3335  0  0 100  0  0
 0  0      0 374588736  21408 8148308    0    0     0     0 1795 3086  0  0 100  0  0
 0  0      0 374589056  21408 8148320    0    0     0     0 1666 2764  0  0 100  0  0
 1  0      0 374587072  21408 8148320    0    0     0     0 2123 3625  0  0 100  0  0
 0  0      0 374587264  21408 8148328    0    0     0     0 1820 3322  0  0 100  0  0
 0  0      0 374587360  21408 8148340    0    0     0     0 1709 2736  0  0 100  0  0
 0  0      0 374587360  21408 8148340    0    0     0     0 1917 3006  0  0 100  0  0
 0  0      0 374587360  21408 8148352    0    0     0     0 1926 3296  0  0 100  0  0
 0  0      0 374587360  21408 8148352    0    0     0     0 1946 3100  0  0 100  0  0
 0  0      0 374587488  21408 8148364    0    0     0     0 1892 3309  0  0 100  0  0
 1  0      0 374587488  21408 8148364    0    0     0     0 1826 3086  0  0 100  0  0
 0  0      0 374587488  21408 8148376    0    0     0     0 2106 3493  0  0 100  0  0
 0  0      0 374587776  21408 8148384    0    0     0     0 1855 2961  0  0 100  0  0
 0  0      0 374585536  21408 8148388    0    0     0     0 2062 3405  0  0 100  0  0
 1  0      0 374585568  21408 8148392    0    0     0     0 1990 3683  0  0 100  0  0
 0  0      0 374585728  21408 8148400    0    0     0     0 2122 3420  0  0 100  0  0
 0  0      0 374585888  21408 8148408    0    0     0     0 1905 3087  0  0 100  0  0
procs -----------memory---------- ---swap-- -----io---- -system-- ------cpu-----
 r  b   swpd   free   buff  cache   si   so    bi    bo   in   cs us sy id wa st
 0  0      0 374585856  21408 8148408    0    0     0     0 1796 3034  0  0 100  0  0
 0  0      0 374585920  21408 8148420    0    0     0     0 1849 3055  0  0 100  0  0
 0  0      0 374585920  21408 8148420    0    0     0     0 2001 3683  0  0 100  0  0
 0  0      0 374585888  21408 8148428    0    0     0     0 1732 3068  0  0 100  0  0
 1  0      0 374585888  21408 8148428    0    0     0     0 1800 3014  0  0 100  0  0
 0  0      0 374585856  21408 8148440    0    0     0     0 1777 2833  0  0 100  0  0
 2  0      0 374583744  21408 8148444    0    0     0     0 2119 3607  0  0 100  0  0
 0  0      0 374584064  21408 8148452    0    0     0     0 1825 3127  0  0 100  0  0
 0  0      0 374584064  21408 8148452    0    0     0     0 1857 2916  0  0 100  0  0
 0  0      0 374584064  21408 8148456    0    0     0     0 1854 2978  0  0 100  0  0
 0  0      0 374585152  21408 8148472    0    0     0     0 1947 3436  0  0 100  0  0
 1  0      0 374585152  21408 8148472    0    0     0     0 1857 3006  0  0 100  0  0
 0  0      0 374585888  21408 8148484    0    0     0     0 1788 3060  0  0 100  0  0
 0  0      0 374585952  21408 8148488    0    0     0     0 1745 3106  0  0 100  0  0
 1  0      0 374585952  21408 8148500    0    0     0     0 2017 3387  0  0 100  0  0
 0  0      0 374586048  21408 8148512    0    0     0     0 1766 2817  0  0 100  0  0
 1  0      0 374585824  21408 8148512    0    0     0     0 1983 3286  0  0 100  0  0
 0  0      0 374586016  21408 8148520    0    0     0     0 1859 3459  0  0 100  0  0
 1  0      0 374586400  21408 8148528    0    0     0     0 1938 3253  0  0 100  0  0
 1  0      0 374586400  21408 8148528    0    0     0     0 1791 2971  0  0 100  0  0
 0  0      0 374587424  21408 8148536    0    0     0     0 1844 3106  0  0 100  0  0
procs -----------memory---------- ---swap-- -----io---- -system-- ------cpu-----
 r  b   swpd   free   buff  cache   si   so    bi    bo   in   cs us sy id wa st
 0  0      0 374587328  21408 8148544    0    0     0     0 1931 3030  0  0 100  0  0
 0  0      0 374587456  21408 8148552    0    0     0     0 2392 3729  0  0 100  0  0
 0  0      0 374587712  21408 8148560    0    0     0     0 1859 3155  0  0 100  0  0
 0  0      0 374587584  21408 8148560    0    0     0     0 1975 3016  0  0 100  0  0
 0  0      0 374587488  21408 8148572    0    0     0     0 1928 3009  0  0 100  0  0
 1  0      0 374584608  21408 8148572    0    0     0     0 2283 3815  0  0 100  0  0
 0  0      0 374585120  21408 8148580    0    0     0     0 2059 3847  0  0 100  0  0
 0  0      0 374585472  21408 8148592    0    0     0     0 2052 3033  0  0 100  0  0
 0  0      0 374585568  21408 8148592    0    0     0     0 1962 3043  0  0 100  0  0
 0  0      0 374584864  21408 8148600    0    0     0     0 1882 3410  0  0 100  0  0
 1  0      0 374584864  21408 8148600    0    0     0     0 1776 2950  0  0 100  0  0
 0  0      0 374584864  21408 8148612    0    0     0     0 1804 2942  0  0 100  0  0
 0  0      0 374585632  21408 8148620    0    0     0     0 1865 3202  0  0 100  0  0
 0  0      0 374585024  21408 8148620    0    0     0     0 1978 3378  0  0 100  0  0
 0  0      0 374585120  21408 8148632    0    0     0     0 1744 2847  0  0 100  0  0
 1  0      0 374583072  21408 8148632    0    0     0     0 1925 3205  0  0 100  0  0
 0  1      0 374583328  21408 8148644    0    0     0     0 1983 3442  0  0 99  0  0
 0  1      0 374582432  21408 8148644    0    0     0     0 2195 3403  0  0 99  1  0
 1  1      0 374582432  21408 8148644    0    0     0     0 1815 2795  0  0 99  1  0
 0  1      0 374582336  21408 8148644    0    0     0     0 1980 3156  0  0 99  1  0
 1  1      0 374582336  21408 8148644    0    0     0     0 1897 3064  0  0 99  1  0
procs -----------memory---------- ---swap-- -----io---- -system-- ------cpu-----
 r  b   swpd   free   buff  cache   si   so    bi    bo   in   cs us sy id wa st
 0  1      0 374580640  21408 8148644    0    0     0     0 2107 3692  0  0 99  1  0
 0  0      0 374580448  21408 8148696    0    0     0     0 3126 4288  0  0 100  0  0
 0  0      0 374579168  21408 8148680    0    0     0     0 1810 3058  0  0 100  0  0
 0  0      0 374578816  21408 8148696    0    0     0     0 1756 2776  0  0 100  0  0
 0  0      0 374576672  21408 8148700    0    0     0     0 2695 4121  0  0 100  0  0
 1  0      0 374577344  21408 8148708    0    0     0     0 2124 3840  0  0 100  0  0
 1  0      0 374576928  21408 8148712    0    0     0     0 1870 3060  0  0 100  0  0
 0  0      0 374576928  21408 8148712    0    0     0     0 1797 2913  0  0 100  0  0
 0  0      0 374577056  21408 8148724    0    0     0     0 1925 3414  0  0 100  0  0
 1  0      0 374576320  21408 8148732    0    0     0     0 2098 3127  0  0 100  0  0
 0  0      0 374576736  21408 8148740    0    0     0     0 1964 3502  0  0 100  0  0
 0  0      0 374576832  21408 8148740    0    0     0     0 1933 3283  0  0 100  0  0
 0  0      0 374576512  21408 8148748    0    0     0     0 2074 3465  0  0 100  0  0
 0  0      0 374576448  21408 8148756    0    0     0     0 1816 2827  0  0 100  0  0
 0  0      0 374574336  21408 8148760    0    0     0     0 2124 3433  0  0 100  0  0
 0  0      0 374574464  21408 8148768    0    0     0     0 1966 3355  0  0 100  0  0
 1  0      0 374574912  21408 8148780    0    0     0     0 2229 3490  0  0 100  0  0
 1  0      0 374574976  21408 8148784    0    0     0     0 1857 2901  0  0 100  0  0
 0  0      0 374573952  21408 8148788    0    0     0     0 1740 3043  0  0 100  0  0
 0  0      0 374574304  21408 8148800    0    0     0     0 1844 3036  0  0 100  0  0
 1  0      0 374574304  21408 8148800    0    0     0     0 2080 3473  0  0 100  0  0
procs -----------memory---------- ---swap-- -----io---- -system-- ------cpu-----
 r  b   swpd   free   buff  cache   si   so    bi    bo   in   cs us sy id wa st
 0  0      0 374574784  21408 8148816    0    0     0     0 1881 3220  0  0 100  0  0
 0  0      0 374574784  21408 8148816    0    0     0     0 1886 3155  0  0 100  0  0
 0  0      0 374574784  21408 8148824    0    0     0     0 1684 2771  0  0 100  0  0
 0  0      0 374574656  21408 8148832    0    0     0     0 2061 3580  0  0 100  0  0
 0  0      0 374574656  21408 8148832    0    0     0     0 1899 3521  0  0 100  0  0
 0  0      0 374574272  21408 8148844    0    0     0     0 16008 10689  0  0 99  0  0
 1  0      0 374574144  21408 8148848    0    0     0     0 5851 9600  0  0 100  0  0
 0  0      0 374572032  21408 8148860    0    0     0     0 1872 3443  0  0 100  0  0
 1  0      0 374571648  21408 8148864    0    0     0     0 1923 3064  0  0 100  0  0
 0  0      0 374570560  21408 8148868    0    0     0     0 1968 3436  0  0 100  0  0
 0  0      0 374569920  21408 8148876    0    0     0     0 1919 3330  0  0 100  0  0
 0  0      0 374569664  21408 8148880    0    0     0     0 2085 3565  0  0 100  0  0
 0  0      0 374570176  21408 8148880    0    0     0     0 1757 2762  0  0 100  0  0
 0  0      0 374566784  21408 8148892    0    0     0     0 2788 3758  0  0 100  0  0
 1  0      0 374566560  21408 8148900    0    0     0     0 2005 3687  0  0 100  0  0
 1  0      0 374567072  21408 8148912    0    0     0     0 1988 3237  0  0 100  0  0
 1  0      0 374566336  21408 8148912    0    0     0     0 1785 2902  0  0 100  0  0
 0  0      0 374566432  21408 8148920    0    0     0     0 1690 3005  0  0 100  0  0
 1  0      0 374566432  21408 8148928    0    0     0     0 1932 3131  0  0 100  0  0
 1  0      0 374566400  21408 8148932    0    0     0     0 1925 3232  0  0 100  0  0
 0  0      0 374566400  21408 8148932    0    0     0     0 1860 3194  0  0 100  0  0
procs -----------memory---------- ---swap-- -----io---- -system-- ------cpu-----
 r  b   swpd   free   buff  cache   si   so    bi    bo   in   cs us sy id wa st
 0  0      0 374566432  21408 8148944    0    0     0     0 1804 3138  0  0 100  0  0
 1  0      0 374566144  21408 8148948    0    0     0     0 1933 2923  0  0 100  0  0
 0  0      0 374564224  21408 8148956    0    0     0     0 2202 3750  0  0 100  0  0
 0  0      0 374563712  21408 8148960    0    0     0     0 2096 3697  0  0 100  0  0
 1  0      0 374563680  21408 8148968    0    0     0     0 1879 3015  0  0 100  0  0
 1  0      0 374563712  21408 8148972    0    0     0     0 1795 2917  0  0 100  0  0
 0  0      0 374564256  21408 8148980    0    0     0     0 1900 3425  0  0 100  0  0
 1  0      0 374563136  21408 8148980    0    0     0     0 1879 3020  0  0 100  0  0
 0  0      0 374563712  21408 8148996    0    0     0     0 1919 3334  0  0 100  0  0
 1  0      0 374563712  21408 8148996    0    0     0     0 1886 3254  0  0 100  0  0
 0  0      0 374563520  21408 8149004    0    0     0     0 2088 3526  0  0 100  0  0
 1  0      0 374563392  21408 8149012    0    0     0     0 1693 2730  0  0 100  0  0
 0  0      0 374561312  21408 8149016    0    0     0     0 1979 3331  0  0 100  0  0
 0  0      0 374561472  21408 8149024    0    0     0     0 1951 3661  0  0 100  0  0
 0  0      0 374561632  21408 8149032    0    0     0     0 1912 3212  0  0 100  0  0
 0  0      0 374560160  21408 8149032    0    0     0     0 1805 2918  0  0 100  0  0
 0  0      0 374561056  21408 8149040    0    0     0     0 1669 3009  0  0 100  0  0
 1  0      0 374561536  21408 8149048    0    0     0     0 1869 3096  0  0 100  0  0
 1  0      0 374561504  21408 8149060    0    0     0     0 2012 3719  0  0 100  0  0
 0  0      0 374561568  21408 8149060    0    0     0     0 1900 3419  0  0 100  0  0
 0  0      0 374562592  21408 8149076    0    0     0     0 1798 3164  0  0 100  0  0
procs -----------memory---------- ---swap-- -----io---- -system-- ------cpu-----
 r  b   swpd   free   buff  cache   si   so    bi    bo   in   cs us sy id wa st
 1  0      0 374562496  21408 8149080    0    0     0     0 1883 2974  0  0 100  0  0
 1  0      0 374559392  21408 8149080    0    0     0     0 2020 3495  0  0 100  0  0
 0  0      0 374559136  21408 8149092    0    0     0     0 1980 3212  0  0 100  0  0
 0  0      0 374558880  21408 8149100    0    0     0     0 1766 2816  0  0 100  0  0
 1  0      0 374558880  21408 8149100    0    0     0     0 1879 2986  0  0 100  0  0
 0  0      0 374559296  21408 8149108    0    0     0     0 1934 3387  0  0 100  0  0
 1  0      0 374559424  21408 8149108    0    0     0     0 1904 3048  0  0 100  0  0
 0  0      0 374559616  21408 8149120    0    0     0     0 1878 3200  0  0 100  0  0
 0  0      0 374559872  21408 8149128    0    0     0     0 1897 3343  0  0 100  0  0
 0  0      0 374560640  21408 8149128    0    0     0     0 1970 3411  0  0 100  0  0
 1  0      0 374559072  21408 8149140    0    0     0     0 1892 2974  0  0 100  0  0
 0  0      0 374558880  21408 8149144    0    0     0     0 1885 3158  0  0 100  0  0
 0  1      0 374559680  21408 8149152    0    0     0     0 2323 4164  0  0 99  0  0
 0  1      0 374559808  21408 8149156    0    0     0     0 1915 3171  0  0 99  1  0
 1  1      0 374559808  21408 8149156    0    0     0     0 1847 2931  0  0 99  1  0
 0  1      0 374560064  21408 8149156    0    0     0     0 1720 3007  0  0 99  1  0
 1  1      0 374560128  21408 8149156    0    0     0     0 1943 3098  0  0 99  1  0
 0  1      0 374559712  21408 8149156    0    0     0     0 2077 3633  0  0 99  1  0
 0  0      0 374559744  21408 8149156    0    0     0     0 2159 3666  0  0 100  0  0
 0  0      0 374558752  21408 8149156    0    0     0     0 1836 3086  0  0 100  0  0
 0  0      0 374555872  21408 8149204    0    0     0     0 1878 3042  0  0 100  0  0
procs -----------memory---------- ---swap-- -----io---- -system-- ------cpu-----
 r  b   swpd   free   buff  cache   si   so    bi    bo   in   cs us sy id wa st
 0  0      0 374555872  21408 8149208    0    0     0     0 2160 3419  0  0 100  0  0
 0  0      0 374554912  21408 8149216    0    0     0     0 3131 4402  0  0 100  0  0
 1  0      0 374554656  21408 8149220    0    0     0     0 1806 2884  0  0 100  0  0
 1  0      0 374554784  21408 8149228    0    0     0     0 1819 2907  0  0 100  0  0
 0  0      0 374555040  21408 8149228    0    0     0     0 1992 3442  0  0 100  0  0
 0  0      0 374554912  21408 8149236    0    0     0     0 1827 2956  0  0 100  0  0
 0  0      0 374555104  21408 8149244    0    0     0     0 1807 2956  0  0 100  0  0
 0  0      0 374555168  21408 8149252    0    0     0     0 1943 3365  0  0 100  0  0
 0  0      0 374555200  21408 8149252    0    0     0     0 1951 3372  0  0 100  0  0
 0  0      0 374552384  21408 8149260    0    0     0     0 1887 3032  0  0 100  0  0
 1  0      0 374552160  21408 8149264    0    0     0     0 1980 3160  0  0 100  0  0
 0  0      0 374551872  21408 8149276    0    0     0     0 1847 3389  0  0 100  0  0
 0  0      0 374552000  21408 8149284    0    0     0     0 1961 3213  0  0 100  0  0
 1  0      0 374552000  21408 8149284    0    0     0     0 1755 2760  0  0 100  0  0
 0  0      0 374552256  21408 8149296    0    0     0     0 1820 3156  0  0 100  0  0
 0  0      0 374552384  21408 8149296    0    0     0     0 1876 3034  0  0 100  0  0
 0  0      0 374552832  21408 8149308    0    0     0     0 1969 3653  0  0 100  0  0
 0  0      0 374552992  21408 8149316    0    0     0     0 1923 3319  0  0 100  0  0
 0  0      0 374553024  21408 8149320    0    0     0     0 1766 3098  0  0 100  0  0
 1  0      0 374550784  21408 8149320    0    0     0     0 1983 3155  0  0 100  0  0
 1  0      0 374550240  21408 8149336    0    0     0     0 2325 3709  0  0 100  0  0
procs -----------memory---------- ---swap-- -----io---- -system-- ------cpu-----
 r  b   swpd   free   buff  cache   si   so    bi    bo   in   cs us sy id wa st
 0  0      0 374549632  21408 8149344    0    0     0     0 2129 4008  0  0 100  0  0
 0  0      0 374549824  21408 8149348    0    0     0     0 1828 2928  0  0 100  0  0
 1  0      0 374549216  21408 8149348    0    0     0     0 1728 2843  0  0 100  0  0
 0  0      0 374549248  21408 8149356    0    0     0     0 1933 3391  0  0 100  0  0
 0  0      0 374549248  21408 8149364    0    0     0     0 1831 2988  0  0 100  0  0
 0  0      0 374549280  21408 8149372    0    0     0     0 1833 3357  0  0 100  0  0
 0  0      0 374548992  21408 8149380    0    0     0     0 1951 3336  0  0 100  0  0
 0  0      0 374548992  21408 8149384    0    0     0     0 1874 3366  0  0 100  0  0
 0  0      0 374546912  21408 8149392    0    0     0     0 1882 2982  0  0 100  0  0
 2  0      0 374546304  21408 8149396    0    0     0     0 1869 3174  0  0 100  0  0
 0  0      0 374545984  21408 8149404    0    0     0     0 1846 3169  0  0 100  0  0
 0  0      0 374546432  21408 8149408    0    0     0     0 2050 3336  0  0 100  0  0
 2  0      0 374545856  21408 8149420    0    0     0     0 1679 2759  0  0 100  0  0
 0  0      0 374545888  21408 8149420    0    0     0     0 1754 3045  0  0 100  0  0
 0  0      0 374545632  21408 8149428    0    0     0     0 1943 3186  0  0 100  0  0
 1  0      0 374545664  21408 8149436    0    0     0     0 1888 3290  0  0 100  0  0
 0  0      0 374544896  21408 8149440    0    0     0     0 2029 3577  0  0 100  0  0
 0  0      0 374545408  21408 8149440    0    0     0     0 1738 3023  0  0 100  0  0
 1  0      0 374544000  21408 8149452    0    0     0     0 2324 3613  0  0 100  0  0
 0  0      0 374544000  21408 8149452    0    0     0     0 2087 3505  0  0 100  0  0
 0  0      0 374545760  21408 8149468    0    0     0     0 1919 3536  0  0 100  0  0
procs -----------memory---------- ---swap-- -----io---- -system-- ------cpu-----
 r  b   swpd   free   buff  cache   si   so    bi    bo   in   cs us sy id wa st
 0  0      0 374545792  21408 8149476    0    0     0     0 1969 3132  0  0 100  0  0
 1  0      0 374546528  21408 8149480    0    0     0     0 1806 2846  0  0 100  0  0
 0  0      0 374546624  21408 8149480    0    0     0     0 2011 3440  0  0 100  0  0
 0  0      0 374547008  21408 8149492    0    0     0     0 2013 3176  0  0 100  0  0
 0  0      0 374547008  21408 8149492    0    0     0     0 2044 3801  0  0 100  0  0
 0  0      0 374547168  21408 8149504    0    0     0     0 2089 3415  0  0 100  0  0
 0  0      0 374546784  21408 8149516    0    0     0     0 1914 3342  0  0 100  0  0
 0  0      0 374543392  21408 8149516    0    0     0     0 1924 3145  0  0 100  0  0
 0  0      0 374543040  21408 8149520    0    0     0     0 2020 3276  0  0 100  0  0
 0  0      0 374543712  21408 8149528    0    0     0     0 2096 3572  0  0 100  0  0
 0  0      0 374543776  21408 8149532    0    0     0     0 2078 3409  0  0 100  0  0
 1  0      0 374543296  21408 8149540    0    0     0     0 1634 2712  0  0 100  0  0
 0  0      0 374543776  21408 8149552    0    0     0     0 1792 3053  0  0 100  0  0
 0  0      0 374543744  21408 8149552    0    0     0     0 1915 3206  0  0 100  0  0
 0  0      0 374543296  21408 8149560    0    0     0     0 1902 3168  0  0 100  0  0
 0  0      0 374543744  21408 8149568    0    0     0     0 1920 3236  0  0 100  0  0
 0  0      0 374543680  21408 8149576    0    0     0     0 1708 2994  0  0 100  0  0
 0  0      0 374541504  21408 8149580    0    0     0     0 1877 3036  0  0 100  0  0
 0  0      0 374541504  21408 8149592    0    0     0     0 2121 3633  0  0 100  0  0
 2  0      0 374541696  21408 8149592    0    0     0     0 1791 3017  0  0 100  0  0
 1  0      0 374541760  21408 8149592    0    0     0     0 12830 12839  0  0 99  0  0
procs -----------memory---------- ---swap-- -----io---- -system-- ------cpu-----
 r  b   swpd   free   buff  cache   si   so    bi    bo   in   cs us sy id wa st
 0  0      0 374541792  21408 8149592    0    0     0     0 6188 10167  0  0 100  0  0
 0  0      0 374539744  21408 8149612    0    0     0     0 1974 3548  0  0 100  0  0
 0  0      0 374540832  21408 8149620    0    0     0     0 1993 3538  0  0 100  0  0
 0  0      0 374540832  21408 8149624    0    0     0     0 1764 2866  0  0 100  0  0
 1  0      0 374537568  21408 8149640    0    0     0     0 2904 3991  0  0 100  0  0
 0  0      0 374538144  21408 8149640    0    0     0     0 1892 3201  0  0 100  0  0
 0  0      0 374535008  21408 8149648    0    0     0     0 1967 3061  0  0 100  0  0
 0  0      0 374534400  21408 8149660    0    0     0     0 1901 3084  0  0 100  0  0
 0  1      0 374534144  21408 8149660    0    0     0     0 2248 4165  0  0 100  0  0
 0  1      0 374533280  21408 8149660    0    0     0     0 2151 3437  0  0 99  1  0
 0  1      0 374533280  21408 8149660    0    0     0     0 1685 2660  0  0 99  1  0
 0  1      0 374532032  21408 8149660    0    0     0     0 1866 3205  0  0 99  1  0
 0  1      0 374532832  21408 8149664    0    0     0     0 1871 3115  0  0 99  1  0
 1  1      0 374532864  21408 8149664    0    0     0     0 1853 3123  0  0 99  1  0
 0  0      0 374532224  21408 8149664    0    0     0     0 2082 3584  0  0 100  0  0
 0  0      0 374532288  21408 8149704    0    0     0     0 1647 2924  0  0 100  0  0
 0  0      0 374530464  21408 8149708    0    0     0     0 1880 3120  0  0 100  0  0
 0  0      0 374530816  21408 8149724    0    0     0     0 2142 3639  0  0 100  0  0
 0  0      0 374530944  21408 8149728    0    0     0     0 1980 3527  0  0 100  0  0
 0  0      0 374530944  21408 8149728    0    0     0     0 1916 3174  0  0 100  0  0
 1  0      0 374531456  21408 8149736    0    0     0     0 1593 2619  0  0 100  0  0
procs -----------memory---------- ---swap-- -----io---- -system-- ------cpu-----
 r  b   swpd   free   buff  cache   si   so    bi    bo   in   cs us sy id wa st
 0  0      0 374531520  21408 8149736    0    0     0     0 1942 3401  0  0 100  0  0
 0  0      0 374531520  21408 8149744    0    0     0     0 1879 3243  0  0 100  0  0
 0  0      0 374531424  21408 8149748    0    0     0     0 1805 2937  0  0 100  0  0
 0  0      0 374531648  21408 8149756    0    0     0     0 2033 3413  0  0 100  0  0
 1  0      0 374531136  21408 8149772    0    0     0     0 1758 3124  0  0 100  0  0
 1  0      0 374531040  21408 8149772    0    0     0     0 1909 3022  0  0 100  0  0
 0  0      0 374531168  21408 8149780    0    0     0     0 1994 3611  0  0 100  0  0
 0  0      0 374530880  21408 8149780    0    0     0     0 1911 3210  0  0 100  0  0
 0  0      0 374531552  21408 8149792    0    0     0     0 2041 3421  0  0 100  0  0
 0  0      0 374531648  21408 8149792    0    0     0     0 1581 2574  0  0 100  0  0
 0  0      0 374531712  21408 8149800    0    0     0     0 1816 3158  0  0 100  0  0
 0  0      0 374529440  21408 8149812    0    0     0     0 1929 3174  0  0 100  0  0
 0  0      0 374529568  21408 8149812    0    0     0     0 2177 4094  0  0 100  0  0
 0  0      0 374529824  21408 8149820    0    0     0     0 2030 3561  0  0 100  0  0
 0  0      0 374529728  21408 8149828    0    0     0     0 1588 2923  0  0 100  0  0
 1  0      0 374527584  21408 8149828    0    0     0     0 1860 3089  0  0 100  0  0
 1  0      0 374526624  21408 8149840    0    0     0     0 1972 3333  0  0 100  0  0
 0  0      0 374526432  21408 8149840    0    0     0     0 1836 3090  0  0 100  0  0
 0  0      0 374525760  21408 8149852    0    0     0     0 1935 3159  0  0 100  0  0
 0  0      0 374524608  21408 8149860    0    0     0     0 1840 2824  0  0 100  0  0
 0  0      0 374524032  21408 8149860    0    0     0     0 2133 3502  0  0 100  0  0
procs -----------memory---------- ---swap-- -----io---- -system-- ------cpu-----
 r  b   swpd   free   buff  cache   si   so    bi    bo   in   cs us sy id wa st
 2  0      0 374524000  21408 8149872    0    0     0     0 1861 3021  0  0 100  0  0
 0  0      0 374524032  21408 8149876    0    0     0     0 1758 2890  0  0 100  0  0
 0  0      0 374524160  21408 8149884    0    0     0     0 2162 3487  0  0 100  0  0
 0  0      0 374524448  21408 8149892    0    0     0     0 1831 3121  0  0 100  0  0
 0  0      0 374522496  21408 8149900    0    0     0     0 2033 3201  0  0 100  0  0
 2  0      0 374522624  21408 8149912    0    0     0     0 2060 3580  0  0 100  0  0
 0  0      0 374522560  21408 8149912    0    0     0     0 2017 3451  0  0 100  0  0
 0  0      0 374522656  21408 8149916    0    0     0     0 2056 3395  0  0 100  0  0
 0  0      0 374521952  21408 8149924    0    0     0     0 1554 2556  0  0 100  0  0
 1  0      0 374521952  21408 8149924    0    0     0     0 1823 3128  0  0 100  0  0
 0  0      0 374522112  21408 8149932    0    0     0     0 1943 3539  0  0 100  0  0
 0  0      0 374521984  21408 8149944    0    0     0     0 1940 3158  0  0 100  0  0
 0  0      0 374522304  21408 8149948    0    0     0     0 2145 3419  0  0 100  0  0
 0  0      0 374521568  21408 8149960    0    0     0     0 1818 2992  0  0 100  0  0
 0  0      0 374518528  21408 8149960    0    0     0     0 2030 3277  0  0 100  0  0
 0  0      0 374519168  21408 8149972    0    0     0     0 2052 3408  0  0 100  0  0
 0  0      0 374519264  21408 8149976    0    0     0     0 2083 3873  0  0 100  0  0
 0  0      0 374519680  21408 8149984    0    0     0     0 2045 3155  0  0 100  0  0
 1  0      0 374519680  21408 8149988    0    0     0     0 1711 2713  0  0 100  0  0
 0  0      0 374518304  21408 8149988    0    0     0     0 2097 3531  0  0 100  0  0
 0  0      0 374519040  21408 8149996    0    0     0     0 1839 2966  0  0 100  0  0
procs -----------memory---------- ---swap-- -----io---- -system-- ------cpu-----
 r  b   swpd   free   buff  cache   si   so    bi    bo   in   cs us sy id wa st
 1  0      0 374518784  21408 8150004    0    0     0     0 1775 2952  0  0 100  0  0
 0  0      0 374518848  21408 8150008    0    0     0     0 2105 3463  0  0 100  0  0
 0  0      0 374519296  21408 8150016    0    0     0     0 1851 3198  0  0 100  0  0
 0  0      0 374516832  21408 8150024    0    0     0     0 1915 3155  0  0 100  0  0
 0  0      0 374516896  21408 8150036    0    0     0     0 1823 3056  0  0 100  0  0
 0  0      0 374516416  21408 8150036    0    0     0     0 1867 3145  0  0 100  0  0
 0  0      0 374516000  21408 8150036    0    0     0     0 2110 3420  0  0 100  0  0
 0  0      0 374517120  21408 8150044    0    0     0     0 1580 2614  0  0 100  0  0
 0  0      0 374517280  21408 8150044    0    0     0     0 2018 3321  0  0 100  0  0
 0  0      0 374516992  21408 8150064    0    0     0     0 1883 3328  0  0 100  0  0
 1  0      0 374516256  21408 8150064    0    0     0     0 1899 3166  0  0 100  0  0
 0  0      0 374517344  21408 8150072    0    0     0     0 1982 3332  0  0 100  0  0
 0  0      0 374517376  21408 8150080    0    0     0     0 1618 2880  0  0 100  0  0
 1  0      0 374515616  21408 8150088    0    0     0     0 2099 3487  0  0 100  0  0
 0  0      0 374516736  21408 8150096    0    0     0     0 2189 4036  0  0 100  0  0
 0  0      0 374516160  21408 8150096    0    0     0     0 1961 3280  0  0 100  0  0
 0  0      0 374516032  21408 8150096    0    0     0     0 1952 3168  0  0 100  0  0
 1  0      0 374516032  21408 8150096    0    0     0     0 1601 2691  0  0 100  0  0
 0  0      0 374516832  21408 8150116    0    0     0     0 2274 3617  0  0 100  0  0
 0  0      0 374516800  21408 8150120    0    0     0     0 1798 2951  0  0 100  0  0
 0  0      0 374515904  21408 8150132    0    0     0     0 2017 3891  0  0 100  0  0
procs -----------memory---------- ---swap-- -----io---- -system-- ------cpu-----
 r  b   swpd   free   buff  cache   si   so    bi    bo   in   cs us sy id wa st
 0  0      0 374515904  21408 8150132    0    0     0     0 2044 3414  0  0 100  0  0
