procs -----------memory---------- ---swap-- -----io---- -system-- ------cpu-----
 r  b   swpd   free   buff  cache   si   so    bi    bo   in   cs us sy id wa st
 9  0      0 129856992  32524 4333076    0    0     0     0    0    0 31  0 69  0  0
 0  1      0 129843384  33764 4333444    0    0  1407     0 25134 49429  3  1 95  1  0
 1  1      0 129819680  38024 4352412    0    0  4226     0 26773 73058  3  1 95  1  0
 7  1      0 129793344  43008 4370368    0    0  4947     0 28102 81016  3  1 95  1  0
 3  1      0 129752808  48920 4397924    0    0  5895     0 29845 90186  3  1 95  1  0
 1  1      0 129726152  53056 4416132    0    0  4096    40 26446 72056  3  1 95  1  0
 5  0      0 129838824  32532 4355584    0    0  1401     0 23061 47124  3  1 96  0  0
 1  0      0 129839072  32532 4355584    0    0     0     0 19323 32075  3  0 96  0  0
 8  0      0 129839072  32532 4355584    0    0     0     0 19532 32533  3  0 96  0  0
 2  0      0 129839232  32532 4355584    0    0     0    16 19340 32122  3  0 97  0  0
 1  0      0 129838992  32532 4355584    0    0     0     0 19339 32118  3  0 96  0  0
 4  0      0 129839680  32532 4355456    0    0     0     0 27271 42728  4  1 95  0  0
 4  0      0 129838840  32532 4355456    0    0     0     0 19388 32307  3  0 97  0  0
 5  0      0 129839800  32532 4355456    0    0     0     0 19303 32459  3  0 97  0  0
13  0      0 129839920  32532 4355456    0    0     0    20 19293 31957  3  0 97  0  0
 0  0      0 129838808  32540 4355456    0    0     0    44 19247 32070  3  0 96  0  0
 1  0      0 129839184  32540 4355456    0    0     0     0 19406 32279  3  0 97  0  0
 1  0      0 129839184  32540 4355456    0    0     0     0 19327 32070  3  0 96  0  0
 6  0      0 129839552  32540 4355456    0    0     0     0 19412 32167  3  0 97  0  0
 2  0      0 129839552  32540 4355456    0    0     0    16 19315 32045  3  0 96  0  0
 1  0      0 129839680  32540 4355456    0    0     0     0 19877 32431  3  1 96  0  0
procs -----------memory---------- ---swap-- -----io---- -system-- ------cpu-----
 r  b   swpd   free   buff  cache   si   so    bi    bo   in   cs us sy id wa st
 2  0      0 129839760  32540 4355456    0    0     0     0 20238 32573  3  0 96  0  0
 4  0      0 129836768  32540 4355216    0    0     0     0 19512 32679  3  0 96  0  0
 0  0      0 129837800  32540 4355216    0    0     0     0 19436 32167  3  0 96  0  0
 4  0      0 129837800  32540 4355216    0    0     0     0 19512 32246  3  0 96  0  0
 1  0      0 129837880  32548 4355216    0    0     0    52 19373 32143  3  0 97  0  0
 9  0      0 129838000  32548 4355216    0    0     0     0 19469 32127  3  0 96  0  0
 0  0      0 129838000  32548 4355216    0    0     0     0 19419 32101  3  0 96  0  0
 0  0      0 129838000  32548 4355216    0    0     0     0 19599 32728  3  0 96  0  0
 0  0      0 129838128  32548 4355216    0    0     0     0 19324 32123  3  0 96  0  0
 3  0      0 129838888  32548 4355216    0    0     0     0 19336 32077  3  0 97  0  0
 2  0      0 129838432  32548 4355216    0    0     0     0 19879 32521  3  0 96  0  0
 4  0      0 129836864  32548 4355216    0    0     0     0 19546 32271  3  0 96  0  0
 6  0      0 129837216  32548 4355216    0    0     0     0 19331 32269  3  0 96  0  0
 0  0      0 129837728  32548 4355216    0    0     0    40 19351 32062  3  0 96  0  0
 4  0      0 129838008  32548 4355216    0    0     0     0 19273 32046  3  0 96  0  0
 1  0      0 129838008  32556 4355216    0    0     0    20 19467 32207  3  0 96  0  0
 4  0      0 129838032  32556 4355216    0    0     0     0 19229 31943  3  0 96  0  0
 1  0      0 129838032  32556 4355216    0    0     0     0 19455 32503  3  0 96  0  0
 0  0      0 129838032  32556 4355216    0    0     0     0 19198 31937  3  0 96  0  0
 0  0      0 129838032  32556 4355216    0    0     0     0 19520 32226  3  0 96  0  0
 0  0      0 129838032  32556 4355216    0    0     0     0 19290 32222  3  0 96  0  0
procs -----------memory---------- ---swap-- -----io---- -system-- ------cpu-----
 r  b   swpd   free   buff  cache   si   so    bi    bo   in   cs us sy id wa st
 0  0      0 129833944  32556 4355216    0    0     0     0 19277 32106  3  0 97  0  0
 4  0      0 129834672  32556 4355220    0    0     0     0 19207 32090  3  0 96  0  0
 4  0      0 129833936  32556 4355220    0    0     0     8 19544 32253  3  0 96  0  0
 0  0      0 129831984  32556 4355220    0    0     0     0 20670 32819  3  0 96  0  0
 2  0      0 129834776  32556 4355128    0    0     0     0 19477 32158  3  0 96  0  0
 6  0      0 129834968  32556 4355128    0    0     0     0 20830 33386  3  0 96  0  0
 7  0      0 129835248  32556 4355068    0    0     0     0 19499 32296  3  0 96  0  0
 0  0      0 129835872  32556 4355068    0    0     0     0 19269 32096  3  0 96  0  0
 1  0      0 129835872  32564 4355068    0    0     0    40 19696 32220  3  1 96  0  0
 0  0      0 129835056  32564 4355068    0    0     0     0 20078 32613  3  0 96  0  0
 1  0      0 129832688  32564 4355068    0    0     0     0 19479 32212  3  0 96  0  0
 4  0      0 129832200  32564 4355068    0    0     0     0 19365 32499  3  0 96  0  0
 7  0      0 129832320  32564 4355068    0    0     0    16 19402 32067  3  0 96  0  0
 2  0      0 129832320  32564 4355068    0    0     0     0 19249 32063  3  0 96  0  0
 5  0      0 129832320  32572 4355068    0    0     0    48 19320 32086  3  0 96  0  0
 8  0      0 129832440  32572 4355068    0    0     0     0 19177 32040  3  0 96  0  0
 0  0      0 129832440  32572 4355068    0    0     0     0 19350 32311  3  0 96  0  0
 0  0      0 129830736  32572 4355068    0    0     0     0 20469 32738  3  0 96  0  0
 0  0      0 129830096  32572 4354712    0    0     0     0 20084 32714  3  0 96  0  0
 0  0      0 129830096  32572 4354712    0    0     0     0 19362 32102  3  0 96  0  0
 4  0      0 129829280  32572 4354712    0    0     0     0 19292 32008  3  0 96  0  0
procs -----------memory---------- ---swap-- -----io---- -system-- ------cpu-----
 r  b   swpd   free   buff  cache   si   so    bi    bo   in   cs us sy id wa st
 0  0      0 129830608  32572 4354712    0    0     0     0 19290 32450  3  0 97  0  0
 0  0      0 129829736  32572 4354712    0    0     0     0 19363 32146  3  0 96  0  0
 4  0      0 129830112  32580 4354712    0    0     0    40 19301 32088  3  0 96  0  0
 0  0      0 129830232  32580 4354712    0    0     0     0 19220 32011  3  0 97  0  0
 3  0      0 129830320  32580 4354712    0    0     0     0 19206 32043  3  0 96  0  0
 0  0      0 129829992  32580 4354712    0    0     0     0 19368 32108  3  0 96  0  0
 3  0      0 129830224  32580 4354712    0    0     0    52 19233 32069  3  0 97  0  0
 0  0      0 129830224  32580 4354712    0    0     0     0 19370 32104  3  0 96  0  0
 3  0      0 129829504  32580 4354712    0    0     0     0 20093 32661  3  0 96  0  0
13  0      0 129827408  32580 4354716    0    0     0     0 19504 32659  3  0 96  0  0
 4  0      0 129827856  32580 4354716    0    0     0     0 19164 31924  3  0 96  0  0
 3  0      0 129827984  32580 4354716    0    0     0     0 19422 31996  3  0 96  0  0
 0  0      0 129827984  32588 4354716    0    0     0    16 19273 32056  3  0 96  0  0
 0  0      0 129828112  32588 4354716    0    0     0     0 19399 32063  3  0 96  0  0
 7  0      0 129827984  32588 4354716    0    0     0     0 19170 31889  3  0 96  0  0
 2  0      0 129827984  32588 4354716    0    0     0     0 19549 32695  3  0 96  0  0
 0  0      0 129827984  32588 4354716    0    0     0     0 19308 32028  3  0 96  0  0
 2  0      0 129827984  32588 4354716    0    0     0     0 19903 32329  3  1 96  0  0
 1  0      0 129828480  32588 4354716    0    0     0     0 20045 32533  3  0 96  0  0
11  0      0 129826160  32588 4354620    0    0     0     0 19356 32100  3  0 96  0  0
 1  0      0 129826400  32588 4354620    0    0     0     0 19292 32073  3  0 96  0  0
procs -----------memory---------- ---swap-- -----io---- -system-- ------cpu-----
 r  b   swpd   free   buff  cache   si   so    bi    bo   in   cs us sy id wa st
 0  0      0 129826408  32588 4354620    0    0     0     0 19481 32252  3  0 96  0  0
 0  0      0 129826528  32588 4354624    0    0     0     0 19450 32138  3  0 96  0  0
 3  0      0 129825912  32588 4354624    0    0     0     0 19434 32147  3  0 96  0  0
 2  0      0 129825912  32596 4354624    0    0     0    40 19478 32536  3  0 96  0  0
 7  0      0 129821984  32596 4354624    0    0     0     0 20641 32832  3  0 96  0  0
16  0      0 129824112  32596 4354624    0    0     0    16 19628 32188  3  0 96  0  0
 1  0      0 129824480  32596 4354624    0    0     0     0 19397 32064  3  0 96  0  0
 1  0      0 129824368  32596 4354624    0    0     0     0 20004 32492  3  0 96  0  0
 0  0      0 129823528  32596 4354368    0    0     0     0 19521 32237  3  0 96  0  0
 1  0      0 129822912  32596 4354368    0    0     0     0 19398 32100  3  0 96  0  0
 1  0      0 129823648  32604 4354368    0    0     0    68 19376 32132  3  0 96  0  0
 0  0      0 129823648  32604 4354368    0    0     0     0 19331 32171  3  0 96  0  0
 1  0      0 129823648  32604 4354368    0    0     0     0 19488 32829  3  0 97  0  0
 0  0      0 129823648  32604 4354368    0    0     0     0 19414 32103  3  0 96  0  0
 1  0      0 129823904  32604 4354368    0    0     0     0 19374 32146  3  0 97  0  0
 6  0      0 129824064  32604 4354368    0    0     0     0 19290 32145  3  0 97  0  0
 0  0      0 129824064  32604 4354368    0    0     0     0 19507 32215  3  0 96  0  0
 3  0      0 129823824  32604 4354368    0    0     0     0 19311 32157  3  0 96  0  0
 3  0      0 129819184  32604 4354368    0    0     0     0 20440 32504  3  0 96  0  0
 2  0      0 129819592  32604 4354320    0    0     0     0 19502 32819  3  0 96  0  0
 0  0      0 129819840  32604 4354320    0    0     0     0 19423 32239  3  0 96  0  0
procs -----------memory---------- ---swap-- -----io---- -system-- ------cpu-----
 r  b   swpd   free   buff  cache   si   so    bi    bo   in   cs us sy id wa st
10  0      0 129819560  32604 4354320    0    0     0     0 20784 32814  3  0 96  0  0
 0  0      0 129819512  32604 4354132    0    0     0     0 19419 32137  3  0 96  0  0
 2  0      0 129817600  32612 4354124    0    0     0    44 19710 32432  3  0 96  0  0
 6  0      0 129819360  32612 4354260    0    0     0     0 20527 32775  3  0 96  0  0
 0  0      0 129819856  32612 4354260    0    0     0    20 19257 32012  3  0 96  0  0
 1  0      0 129819856  32612 4354260    0    0     0     0 19910 32259  4  1 96  0  0
 2  0      0 129820424  32612 4354264    0    0     0     0 20132 32668  3  0 96  0  0
 5  0      0 129820064  32612 4354264    0    0     0     0 19409 32616  3  0 97  0  0
11  0      0 129820784  32620 4354264    0    0     0    40 19227 31968  3  0 96  0  0
 1  0      0 129820784  32620 4354264    0    0     0     0 19346 31996  3  0 96  0  0
 0  0      0 129819056  32620 4354264    0    0     0     0 19220 32111  3  0 97  0  0
 1  0      0 129815008  32620 4354264    0    0     0     0 20449 32579  3  0 96  0  0
 0  0      0 129818512  32620 4354268    0    0     0     0 19656 32239  3  0 96  0  0
 0  0      0 129818704  32620 4354268    0    0     0     0 19413 32096  3  0 96  0  0
 6  0      0 129819856  32620 4354268    0    0     0    24 20567 32842  3  0 96  0  0
 0  0      0 129819088  32620 4354300    0    0     0     0 20018 32611  3  0 96  0  0
 1  0      0 129818976  32620 4354124    0    0     0     0 19378 32659  3  0 96  0  0
 0  0      0 129815704  32628 4354124    0    0     0    48 19313 32013  3  0 96  0  0
 2  0      0 129816304  32628 4354124    0    0     0     0 19222 32039  3  0 96  0  0
 2  0      0 129816424  32628 4354124    0    0     0    24 19479 32146  3  0 96  0  0
 0  0      0 129816392  32628 4354124    0    0     0     0 19180 32033  3  0 96  0  0
procs -----------memory---------- ---swap-- -----io---- -system-- ------cpu-----
 r  b   swpd   free   buff  cache   si   so    bi    bo   in   cs us sy id wa st
 2  0      0 129816496  32628 4354124    0    0     0     0 19368 32060  3  0 96  0  0
 0  0      0 129816000  32628 4354124    0    0     0     0 19323 32141  3  0 96  0  0
 3  0      0 129816256  32628 4354124    0    0     0     0 19665 32761  3  0 96  0  0
 0  0      0 129816168  32636 4354128    0    0     0    36 19318 32097  3  0 96  0  0
 1  0      0 129815280  32636 4354128    0    0     0     0 25461 37090  4  1 96  0  0
 0  0      0 129816288  32636 4354128    0    0     0     0 23106 38011  3  0 96  0  0
 0  0      0 129814400  32636 4354132    0    0     0     0 19482 32258  3  0 96  0  0
 0  0      0 129814496  32636 4354132    0    0     0     0 19391 32080  3  0 96  0  0
 1  0      0 129814384  32636 4354132    0    0     0     0 19466 32520  3  0 96  0  0
 3  0      0 129814584  32636 4354132    0    0     0     0 19372 32143  3  0 96  0  0
 7  0      0 129814584  32644 4354132    0    0     0    44 19406 32216  3  0 96  0  0
 0  0      0 129815712  32644 4354132    0    0     0     0 19480 32155  3  0 96  0  0
 0  0      0 129814840  32644 4354132    0    0     0     0 19495 32180  3  0 96  0  0
 0  0      0 129814584  32644 4354132    0    0     0     0 19356 32193  3  0 96  0  0
 1  0      0 129813968  32644 4354132    0    0     0     0 20023 32424  4  1 96  0  0
 3  0      0 129813936  32644 4354132    0    0     0     0 20043 32549  3  0 96  0  0
 5  0      0 129811272  32644 4354132    0    0     0     0 19398 32008  3  0 96  0  0
 0  0      0 129811808  32644 4354132    0    0     0     0 19452 32244  3  0 96  0  0
 1  0      0 129811688  32644 4354132    0    0     0    20 19556 32133  3  0 96  0  0
 0  0      0 129811688  32644 4354132    0    0     0     0 19419 32135  3  0 96  0  0
 0  0      0 129811688  32644 4354132    0    0     0     0 19525 32643  3  0 96  0  0
procs -----------memory---------- ---swap-- -----io---- -system-- ------cpu-----
 r  b   swpd   free   buff  cache   si   so    bi    bo   in   cs us sy id wa st
 2  0      0 129811688  32652 4354132    0    0     0    40 19362 32189  3  0 96  0  0
 0  0      0 129811696  32652 4354132    0    0     0     0 19444 32283  3  0 96  0  0
 5  0      0 129812080  32652 4354132    0    0     0     0 19241 32076  3  0 96  0  0
10  0      0 129812080  32652 4354132    0    0     0     0 19313 32036  3  0 96  0  0
 5  0      0 129812560  32652 4354132    0    0     0     0 19897 32498  3  0 96  0  0
 0  0      0 129809984  32652 4354132    0    0     0     0 19383 32150  3  0 96  0  0
 1  0      0 129810912  32652 4354132    0    0     0     0 19482 32694  3  0 96  0  0
 0  0      0 129810912  32652 4354132    0    0     0     8 19318 32027  3  0 96  0  0
 1  0      0 129810912  32652 4354132    0    0     0     0 19402 32217  3  0 96  0  0
 0  0      0 129810912  32652 4354132    0    0     0     0 19421 32104  3  0 96  0  0
 3  0      0 129810912  32660 4354132    0    0     0    40 19342 32112  3  0 96  0  0
 0  0      0 129811448  32660 4354132    0    0     0     0 19965 33046  3  0 96  0  0
 5  0      0 129811448  32660 4354132    0    0     0     0 19552 32542  3  0 96  0  0
 0  0      0 129811328  32660 4354132    0    0     0     0 19486 32153  3  0 96  0  0
 2  0      0 129811448  32660 4354132    0    0     0     0 19347 32096  3  0 96  0  0
 0  0      0 129810496  32660 4354132    0    0     0     0 19502 32037  3  0 96  0  0
 0  0      0 129811200  32660 4354132    0    0     0     0 19279 31980  3  0 97  0  0
 0  0      0 129811200  32660 4354132    0    0     0    12 19465 32136  3  0 96  0  0
 3  0      0 129809312  32660 4354132    0    0     0     0 20769 32717  3  0 96  0  0
 5  0      0 129810144  32660 4353912    0    0     0     4 19360 32136  3  0 97  0  0
 0  0      0 129810576  32660 4353912    0    0     0     0 19382 32090  3  0 96  0  0
procs -----------memory---------- ---swap-- -----io---- -system-- ------cpu-----
 r  b   swpd   free   buff  cache   si   so    bi    bo   in   cs us sy id wa st
 2  0      0 129811152  32660 4353736    0    0     0     0 20909 32790  3  0 96  0  0
 0  0      0 129811344  32668 4353736    0    0     0    68 19295 32086  3  0 96  0  0
 1  0      0 129811344  32668 4353736    0    0     0     0 19856 32315  4  1 96  0  0
 0  0      0 129811184  32668 4353736    0    0     0     0 20119 33282  3  0 96  0  0
 0  0      0 129808400  32668 4353780    0    0     0     0 19354 32178  3  0 96  0  0
 2  0      0 129808984  32668 4353780    0    0     0     0 19242 32116  3  0 96  0  0
 5  0      0 129808984  32668 4353780    0    0     0     0 19329 31911  3  0 96  0  0
 7  0      0 129808984  32668 4353780    0    0     0     0 19251 32025  3  0 96  0  0
 0  0      0 129808488  32668 4353780    0    0     0     0 19428 32144  3  0 96  0  0
 0  0      0 129808736  32676 4353780    0    0     0    16 19315 32092  3  0 96  0  0
 0  0      0 129808864  32676 4353780    0    0     0     0 19670 32766  3  0 96  0  0
 5  0      0 129808160  32684 4353772    0    0     0   112 20576 32887  3  0 96  0  0
 0  0      0 129808912  32684 4353580    0    0     0     0 20225 32631  3  0 96  0  0
 0  0      0 129809568  32684 4353628    0    0     0     0 19369 32205  3  0 96  0  0
 9  0      0 129807144  32684 4353628    0    0     0     0 19354 32055  3  0 96  0  0
 8  0      0 129807448  32684 4353628    0    0     0     0 19342 32163  3  0 96  0  0
14  0      0 129806712  32684 4353628    0    0     0     0 19477 32433  3  0 96  0  0
 7  0      0 129806832  32692 4353628    0    0     0    40 19244 31941  3  0 96  0  0
14  0      0 129806832  32692 4353628    0    0     0     0 19278 32058  3  0 96  0  0
 1  0      0 129806832  32692 4353628    0    0     0     0 19384 32171  3  0 96  0  0
 3  0      0 129806936  32692 4353628    0    0     0     0 19497 32187  3  0 96  0  0
procs -----------memory---------- ---swap-- -----io---- -system-- ------cpu-----
 r  b   swpd   free   buff  cache   si   so    bi    bo   in   cs us sy id wa st
 2  0      0 129807056  32692 4353628    0    0     0     0 19285 32134  3  0 96  0  0
 6  0      0 129806440  32692 4353628    0    0     0     0 19318 32136  3  0 97  0  0
 3  0      0 129806256  32692 4353628    0    0     0     0 19923 32588  3  0 96  0  0
 1  0      0 129804416  32692 4353516    0    0     0     0 19468 32087  3  0 96  0  0
10  0      0 129804640  32692 4353516    0    0     0     0 19276 32118  3  0 97  0  0
 0  0      0 129804640  32692 4353516    0    0     0     8 19616 32718  3  0 96  0  0
 0  0      0 129804640  32692 4353516    0    0     0     0 19474 32244  3  0 96  0  0
 8  0      0 129804768  32692 4353516    0    0     0     0 19376 32140  3  0 96  0  0
 8  0      0 129804768  32700 4353516    0    0     0    40 19394 32097  3  0 96  0  0
 0  0      0 129804800  32700 4353516    0    0     0     0 19398 32125  3  0 96  0  0
 2  0      0 129804784  32700 4353516    0    0     0    12 19387 32222  3  0 96  0  0
 0  0      0 129804912  32700 4353516    0    0     0     0 19940 32329  4  1 96  0  0
 1  0      0 129804912  32700 4353516    0    0     0     0 19281 32109  3  0 96  0  0
 0  0      0 129802096  32700 4353520    0    0     0     0 20010 32542  3  0 96  0  0
 7  0      0 129803040  32700 4353520    0    0     0     0 19418 32821  3  0 97  0  0
 4  0      0 129803168  32700 4353520    0    0     0     0 19308 31982  3  0 96  0  0
 0  0      0 129803168  32708 4353520    0    0     0    52 19232 32040  3  0 97  0  0
 0  0      0 129803048  32708 4353520    0    0     0     0 19262 32015  3  0 97  0  0
 4  0      0 129803168  32708 4353520    0    0     0     0 19419 32193  3  0 96  0  0
 8  0      0 129802928  32708 4353520    0    0     0     0 19296 32023  3  0 96  0  0
11  0      0 129802800  32708 4353520    0    0     0     0 19334 32209  3  0 96  0  0
procs -----------memory---------- ---swap-- -----io---- -system-- ------cpu-----
 r  b   swpd   free   buff  cache   si   so    bi    bo   in   cs us sy id wa st
 0  0      0 129802800  32708 4353520    0    0     0     0 19386 32017  3  0 96  0  0
 1  0      0 129802144  32708 4353520    0    0     0     0 20066 32656  3  0 96  0  0
 0  0      0 129802272  32708 4353232    0    0     0     0 19308 32034  3  0 96  0  0
 0  0      0 129803472  32708 4353232    0    0     0     0 19282 32020  3  0 96  0  0
 2  0      0 129803472  32708 4353232    0    0     0    12 19433 32101  3  0 96  0  0
 0  0      0 129803712  32708 4353236    0    0     0     0 19392 32207  3  0 96  0  0
 1  0      0 129803712  32708 4353236    0    0     0     0 19286 32090  3  0 96  0  0
 4  0      0 129803840  32716 4353236    0    0     0    40 19238 32094  3  0 96  0  0
 2  0      0 129803800  32716 4353236    0    0     0     0 19448 32157  3  0 96  0  0
 0  0      0 129803920  32716 4353236    0    0     0     0 19466 32785  3  0 96  0  0
 0  0      0 129803920  32716 4353236    0    0     0     0 19426 32214  3  0 96  0  0
 2  0      0 129803984  32716 4353236    0    0     0     0 19374 32026  3  0 96  0  0
 7  0      0 129799040  32716 4353236    0    0     0     0 20784 32672  3  0 96  0  0
 0  0      0 129800136  32716 4353236    0    0     0     0 19367 32202  3  0 96  0  0
 0  0      0 129800400  32716 4353236    0    0     0     0 19552 32775  3  0 96  0  0
 2  0      0 129800400  32716 4353236    0    0     0     0 19376 32165  3  0 96  0  0
 6  0      0 129800432  32716 4353240    0    0     0     0 20751 32726  3  0 96  0  0
 0  0      0 129800744  32716 4353240    0    0     0     0 19448 32304  3  0 96  0  0
10  0      0 129798696  32724 4353240    0    0     0    48 20565 32764  3  0 96  0  0
 0  0      0 129798896  32724 4353080    0    0     0     0 20760 32773  3  0 96  0  0
 1  0      0 129799928  32724 4353088    0    0     0     0 20046 32400  3  1 96  0  0
procs -----------memory---------- ---swap-- -----io---- -system-- ------cpu-----
 r  b   swpd   free   buff  cache   si   so    bi    bo   in   cs us sy id wa st
 0  0      0 129799664  32724 4353088    0    0     0     0 20055 32749  3  0 96  0  0
 0  0      0 129796176  32724 4353096    0    0     0     0 19462 32169  3  0 96  0  0
 0  0      0 129797616  32724 4353096    0    0     0     0 19368 32180  3  0 96  0  0
10  0      0 129797616  32740 4353088    0    0     0    96 19335 32480  3  0 97  0  0
 0  0      0 129797736  32740 4353096    0    0     0     0 19424 32180  3  0 96  0  0
 0  0      0 129797856  32740 4353096    0    0     0     0 19365 32076  3  0 96  0  0
 0  0      0 129798000  32740 4353096    0    0     0     0 19333 32113  3  0 96  0  0
 2  0      0 129798112  32740 4353096    0    0     0     0 19340 32076  3  0 96  0  0
 3  0      0 129797104  32748 4353088    0    0     0    36 19604 32410  3  0 96  0  0
 3  0      0 129795968  32748 4353120    0    0     0     0 20938 33015  3  0 96  0  0
 1  0      0 129796368  32748 4353132    0    0     0     0 19188 32083  3  0 97  0  0
 2  0      0 129794040  32748 4353132    0    0     0     0 19295 32051  3  0 97  0  0
22  0      0 129794128  32748 4353132    0    0     0     0 19225 32043  3  0 96  0  0
 0  0      0 129794128  32748 4353132    0    0     0     0 19502 32700  3  0 96  0  0
 1  0      0 129794128  32756 4353132    0    0     0    40 19178 32069  3  0 96  0  0
 1  0      0 129793616  32756 4353132    0    0     0     0 19335 32038  3  0 96  0  0
11  0      0 129793744  32756 4353132    0    0     0     0 19477 32231  3  0 96  0  0
 0  0      0 129793616  32756 4353132    0    0     0     0 19279 32011  3  0 96  0  0
 2  0      0 129793864  32756 4353132    0    0     0    52 19417 32785  3  0 96  0  0
 8  0      0 129793984  32756 4353132    0    0     0     0 24291 38583  4  1 96  0  0
 0  0      0 129795392  32756 4353132    0    0     0     0 21603 36173  3  0 96  0  0
procs -----------memory---------- ---swap-- -----io---- -system-- ------cpu-----
 r  b   swpd   free   buff  cache   si   so    bi    bo   in   cs us sy id wa st
 6  0      0 129793824  32756 4353236    0    0     0     0 19692 32299  3  0 96  0  0
 2  0      0 129794144  32756 4353236    0    0     0     0 19366 32098  3  0 96  0  0
 0  0      0 129794112  32756 4353236    0    0     0    20 19381 32110  3  0 96  0  0
 0  0      0 129794112  32756 4353236    0    0     0     0 19359 32663  3  0 97  0  0
 0  0      0 129794232  32764 4353236    0    0     0    40 19492 32137  3  0 96  0  0
 6  0      0 129794248  32764 4353236    0    0     0     0 19421 32155  3  0 96  0  0
11  0      0 129794232  32764 4353236    0    0     0     0 19366 32079  3  0 96  0  0
 2  0      0 129794352  32764 4353240    0    0     0     0 19440 32253  3  0 96  0  0
 7  0      0 129794112  32764 4353240    0    0     0     0 20029 32373  3  1 96  0  0
 3  0      0 129794232  32764 4353240    0    0     0     0 19316 32002  3  0 96  0  0
 0  0      0 129793888  32768 4353244    0    0     0    20 20204 32638  3  0 96  0  0
 2  0      0 129794888  32768 4353280    0    0     0     0 19424 32349  3  0 96  0  0
 1  0      0 129795008  32768 4353280    0    0     0     0 19449 32139  3  0 96  0  0
 2  0      0 129795008  32768 4353280    0    0     0     0 19434 32172  3  0 96  0  0
 4  0      0 129795136  32768 4353280    0    0     0     0 19311 32076  3  0 96  0  0
 4  0      0 129795136  32776 4353272    0    0     0    36 19356 32266  3  0 97  0  0
 0  0      0 129795152  32776 4353280    0    0     0     0 19367 32175  3  0 97  0  0
 0  0      0 129794640  32776 4353280    0    0     0    20 19376 32597  3  0 96  0  0
 3  0      0 129794640  32776 4353280    0    0     0     0 19316 32054  3  0 96  0  0
 0  0      0 129793976  32776 4353280    0    0     0     0 19842 32553  3  0 96  0  0
 1  0      0 129790760  32776 4353384    0    0     0     0 19630 32342  3  0 96  0  0
procs -----------memory---------- ---swap-- -----io---- -system-- ------cpu-----
 r  b   swpd   free   buff  cache   si   so    bi    bo   in   cs us sy id wa st
 0  0      0 129791584  32776 4353384    0    0     0     0 19333 32159  3  0 96  0  0
 1  0      0 129791704  32776 4353384    0    0     0    12 19544 32760  3  0 96  0  0
 0  0      0 129791808  32776 4353384    0    0     0     0 19456 32303  3  0 96  0  0
 5  0      0 129791952  32784 4353376    0    0     0    48 19478 32059  3  0 96  0  0
 0  0      0 129792200  32784 4353384    0    0     0     0 19354 32117  3  0 96  0  0
 0  0      0 129792320  32784 4353384    0    0     0     0 19419 32094  3  0 96  0  0
 2  0      0 129792224  32784 4353384    0    0     0     0 19544 32439  3  0 96  0  0
11  0      0 129792576  32784 4353384    0    0     0     0 19456 32589  3  0 97  0  0
 2  0      0 129792448  32784 4353384    0    0     0     0 19480 32028  3  0 96  0  0
 7  0      0 129790296  32784 4353384    0    0     0     0 19413 32078  3  0 96  0  0
 6  0      0 129790336  32784 4353384    0    0     0     0 19310 32190  3  0 96  0  0
 6  0      0 129790336  32784 4353384    0    0     0     0 19251 31856  3  0 96  0  0
 0  0      0 129790336  32784 4353384    0    0     0     0 19558 32223  3  0 96  0  0
 1  0      0 129789776  32784 4353408    0    0     0     0 20980 33194  3  0 96  0  0
 0  0      0 129790400  32784 4353420    0    0     0     0 19486 32394  3  0 96  0  0
 0  0      0 129789792  32784 4353420    0    0     0     0 20557 32747  3  0 96  0  0
 2  0      0 129789656  32784 4353560    0    0     0    20 19320 32118  3  0 96  0  0
 0  0      0 129790400  32784 4353560    0    0     0     0 20095 32375  4  1 96  0  0
 0  0      0 129791264  32792 4353552    0    0     0    40 20203 32769  3  0 96  0  0
 0  0      0 129789520  32792 4353720    0    0     0     0 19546 32191  3  0 96  0  0
 2  0      0 129789632  32792 4353720    0    0     0     0 19302 32071  3  0 96  0  0
procs -----------memory---------- ---swap-- -----io---- -system-- ------cpu-----
 r  b   swpd   free   buff  cache   si   so    bi    bo   in   cs us sy id wa st
 1  0      0 129789312  32792 4353720    0    0     0     0 20704 33231  3  0 96  0  0
 5  0      0 129789952  32792 4353736    0    0     0     0 19411 32273  3  0 96  0  0
 2  0      0 129790176  32800 4353728    0    0     0    52 19416 32104  3  0 96  0  0
12  0      0 129790400  32800 4353736    0    0     0     0 19332 32504  3  0 97  0  0
 0  0      0 129790416  32800 4353736    0    0     0     0 19334 32089  3  0 96  0  0
 1  0      0 129790416  32800 4353736    0    0     0     0 19550 32775  3  0 96  0  0
 0  0      0 129789352  32800 4353744    0    0     0     0 21344 33131  3  0 96  0  0
 1  0      0 129787616  32800 4353760    0    0     0     0 21489 33400  3  0 96  0  0
 1  0      0 129784336  32800 4353764    0    0     0     0 19368 32055  3  0 96  0  0
 1  0      0 129784704  32800 4353764    0    0     0     0 19510 32502  3  0 96  0  0
 0  0      0 129784920  32800 4353764    0    0     0     0 19387 32055  3  0 97  0  0
 2  0      0 129785024  32808 4353756    0    0     0    48 19331 32150  3  0 97  0  0
 5  0      0 129785016  32808 4353764    0    0     0     0 19335 32066  3  0 96  0  0
 0  0      0 129785264  32808 4353764    0    0     0     0 19339 32243  3  0 96  0  0
 5  0      0 129785544  32808 4353764    0    0     0     0 19267 31984  3  0 96  0  0
 0  0      0 129786016  32808 4353764    0    0     0     0 19289 32127  3  0 96  0  0
 2  0      0 129786528  32808 4353764    0    0     0     0 19585 32727  3  0 96  0  0
 1  0      0 129786648  32808 4353764    0    0     0     0 19411 32278  3  0 96  0  0
 0  0      0 129786096  32808 4353616    0    0     0     0 20097 32605  3  0 96  0  0
 0  0      0 129786496  32808 4353616    0    0     0     0 19360 32117  3  0 96  0  0
 6  0      0 129786624  32808 4353616    0    0     0     0 19257 32020  3  0 97  0  0
procs -----------memory---------- ---swap-- -----io---- -system-- ------cpu-----
 r  b   swpd   free   buff  cache   si   so    bi    bo   in   cs us sy id wa st
10  0      0 129786752  32808 4353616    0    0     0     0 19357 32189  3  0 96  0  0
 4  0      0 129786752  32808 4353616    0    0     0     0 19431 32158  3  0 96  0  0
 1  0      0 129786992  32812 4353616    0    0     0    40 19398 32206  3  0 96  0  0
 8  0      0 129782336  32812 4353616    0    0     0     0 21025 32771  4  1 96  0  0
 2  0      0 129786272  32820 4353620    0    0     0    84 19654 32420  3  0 96  0  0
 0  0      0 129786520  32820 4353620    0    0     0     0 19932 32299  3  1 96  0  0
 0  0      0 129786416  32820 4353620    0    0     0     0 19256 31997  3  0 96  0  0
 3  0      0 129783424  32820 4353628    0    0     0     0 20284 33277  3  0 96  0  0
 3  0      0 129783552  32820 4353628    0    0     0     0 19338 32239  3  0 97  0  0
 7  0      0 129783552  32824 4353628    0    0     0   112 19370 32070  3  0 96  0  0
 0  0      0 129783680  32824 4353628    0    0     0     0 19325 32042  3  0 96  0  0
 9  0      0 129783680  32824 4353628    0    0     0     0 19325 32006  3  0 96  0  0
 0  0      0 129783680  32824 4353628    0    0     0     0 19363 32133  3  0 96  0  0
 0  0      0 129783680  32824 4353628    0    0     0     0 19433 32414  3  0 96  0  0
 2  0      0 129783552  32832 4353628    0    0     0    24 19351 32073  3  0 96  0  0
 8  0      0 129783664  32832 4353628    0    0     0     0 19246 32064  3  0 96  0  0
 0  0      0 129783408  32832 4353628    0    0     0     0 19281 32139  3  0 96  0  0
 0  0      0 129781136  32832 4353640    0    0     0     0 19849 32511  3  0 96  0  0
 0  0      0 129781384  32832 4353640    0    0     0     0 19334 32098  3  0 96  0  0
 0  0      0 129781520  32832 4353640    0    0     0     8 19457 32149  3  0 96  0  0
 3  0      0 129780768  32832 4353640    0    0     0     0 19498 32761  3  0 96  0  0
procs -----------memory---------- ---swap-- -----io---- -system-- ------cpu-----
 r  b   swpd   free   buff  cache   si   so    bi    bo   in   cs us sy id wa st
10  0      0 129780768  32832 4353640    0    0     0     0 19287 31922  3  0 96  0  0
 1  0      0 129781024  32840 4353640    0    0     0    44 19365 32089  3  0 96  0  0
 0  0      0 129781144  32840 4353640    0    0     0     0 19283 32089  3  0 97  0  0
 4  0      0 129781144  32840 4353640    0    0     0     0 19324 32183  3  0 96  0  0
 4  0      0 129781144  32840 4353640    0    0     0     0 19405 32132  3  0 96  0  0
 0  0      0 129781264  32840 4353640    0    0     0     0 19251 32138  3  0 96  0  0
 5  0      0 129777296  32840 4353640    0    0     0     0 20654 32576  3  0 96  0  0
18  0      0 129777544  32840 4353640    0    0     0     0 19317 32147  3  0 96  0  0
 0  0      0 129777552  32840 4353640    0    0     0     0 19337 32008  3  0 96  0  0
 7  0      0 129777552  32840 4353640    0    0     0     0 19287 32065  3  0 96  0  0
 2  0      0 129779072  32840 4353368    0    0     0     0 20682 32815  3  0 96  0  0
 5  0      0 129779408  32848 4353368    0    0     0    48 19670 33031  3  0 96  0  0
 2  0      0 129780024  32848 4353400    0    0     0     0 20593 32747  3  0 96  0  0
 1  0      0 129780400  32848 4353400    0    0     0     0 19331 32081  3  0 96  0  0
 6  0      0 129780408  32848 4353400    0    0     0     0 19984 32371  4  1 96  0  0
 6  0      0 129780360  32848 4353528    0    0     0     0 20118 32655  3  0 96  0  0
 0  0      0 129777504  32848 4353528    0    0     0     0 19486 32159  3  0 96  0  0
 0  0      0 129777744  32856 4353528    0    0     0    40 19377 32498  3  0 96  0  0
 1  0      0 129775600  32856 4353528    0    0     0    40 20784 32818  3  0 96  0  0
 3  0      0 129775272  32856 4353528    0    0     0     0 19403 32242  3  0 96  0  0
 1  0      0 129775328  32856 4353528    0    0     0     0 19301 32044  3  0 96  0  0
procs -----------memory---------- ---swap-- -----io---- -system-- ------cpu-----
 r  b   swpd   free   buff  cache   si   so    bi    bo   in   cs us sy id wa st
 2  0      0 129775584  32856 4353528    0    0     0     0 19366 32155  3  0 96  0  0
 0  0      0 129775584  32856 4353528    0    0     0     0 19531 32142  3  0 96  0  0
 5  0      0 129775704  32864 4353528    0    0     0    56 19323 32242  3  0 96  0  0
 6  0      0 129776208  32864 4353532    0    0     0     0 20658 33290  3  0 96  0  0
27  0      0 129775640  32864 4353600    0    0     0     0 19800 32453  3  0 96  0  0
 0  0      0 129775512  32864 4353600    0    0     0     0 19377 32033  3  0 96  0  0
 0  0      0 129775512  32872 4353600    0    0     0    52 19453 32233  3  0 96  0  0
 0  0      0 129775392  32872 4353600    0    0     0     4 19412 32048  3  0 96  0  0
 0  0      0 129775392  32880 4353592    0    0     0    40 19357 32078  3  0 96  0  0
 0  0      0 129775520  32880 4353600    0    0     0     0 19326 32162  3  0 96  0  0
 0  0      0 129775520  32880 4353600    0    0     0     0 19504 32309  3  0 96  0  0
 2  0      0 129775640  32880 4353600    0    0     0     0 19337 32001  3  0 96  0  0
 1  0      0 129775640  32880 4353600    0    0     0     0 19199 32119  3  0 97  0  0
 0  0      0 129776864  32880 4353600    0    0     0     0 25397 40203  4  1 95  0  0
 8  0      0 129776992  32880 4353600    0    0     0     0 22206 37256  3  0 96  0  0
 3  0      0 129773696  32880 4353576    0    0     0     0 20618 34007  3  0 96  0  0
 0  0      0 129773952  32880 4353576    0    0     0     0 19394 32110  3  0 96  0  0
 0  0      0 129774176  32884 4353576    0    0     0    52 19306 32073  3  0 97  0  0
 0  0      0 129774192  32884 4353576    0    0     0     0 19337 32288  3  0 96  0  0
 0  0      0 129774192  32884 4353576    0    0     0     0 19454 32133  3  0 96  0  0
 0  0      0 129774192  32884 4353576    0    0     0     0 19373 32144  3  0 96  0  0
procs -----------memory---------- ---swap-- -----io---- -system-- ------cpu-----
 r  b   swpd   free   buff  cache   si   so    bi    bo   in   cs us sy id wa st
 4  0      0 129774064  32884 4353576    0    0     0     0 19348 32497  3  0 97  0  0
 3  0      0 129774192  32888 4353576    0    0     0     4 19298 32163  3  0 96  0  0
 3  0      0 129774432  32888 4353576    0    0     0     0 19839 32305  3  1 96  0  0
 4  0      0 129774064  32888 4353576    0    0     0     0 19409 32094  3  0 96  0  0
 0  0      0 129770800  32888 4353484    0    0     0     0 20052 32542  3  0 96  0  0
 8  0      0 129771536  32888 4353484    0    0     0     0 19421 32261  3  0 96  0  0
 0  0      0 129771424  32888 4353484    0    0     0     4 19311 31911  3  0 96  0  0
 2  0      0 129771424  32888 4353484    0    0     0     0 19427 32630  3  0 96  0  0
 0  0      0 129770680  32888 4353484    0    0     0     0 19464 32144  3  0 96  0  0
 0  0      0 129770808  32892 4353484    0    0     0    40 19580 32351  3  0 96  0  0
 2  0      0 129770808  32892 4353484    0    0     0     0 19418 32166  3  0 96  0  0
 0  0      0 129770808  32892 4353488    0    0     0    36 19267 32121  3  0 97  0  0
 2  0      0 129770808  32892 4353488    0    0     0     0 19372 32106  3  0 96  0  0
 1  0      0 129770808  32892 4353488    0    0     0     0 19439 32371  3  0 96  0  0
 1  0      0 129768896  32892 4353424    0    0     0     0 19985 32471  3  0 96  0  0
16  0      0 129769392  32892 4353424    0    0     0     0 19275 32031  3  0 96  0  0
 0  0      0 129769392  32900 4353424    0    0     0   140 19310 32110  3  0 97  0  0
 2  0      0 129769632  32900 4353424    0    0     0     0 19387 32294  3  0 96  0  0
 0  0      0 129766888  32900 4353428    0    0     0     0 21222 32978  3  0 96  0  0
 4  0      0 129767952  32900 4353428    0    0     0     0 19501 32831  3  0 96  0  0
 0  0      0 129768080  32900 4353428    0    0     0     0 19311 32103  3  0 97  0  0
procs -----------memory---------- ---swap-- -----io---- -system-- ------cpu-----
 r  b   swpd   free   buff  cache   si   so    bi    bo   in   cs us sy id wa st
 0  0      0 129768192  32904 4353428    0    0     0    68 19430 32319  3  0 96  0  0
 0  0      0 129768208  32904 4353428    0    0     0     0 19482 32214  3  0 96  0  0
 8  0      0 129768208  32904 4353428    0    0     0     0 19299 32111  3  0 96  0  0
 1  0      0 129766216  32904 4353428    0    0     0     0 19418 32002  3  0 96  0  0
 4  0      0 129766240  32904 4353428    0    0     0     0 19548 32625  3  0 96  0  0
17  0      0 129766256  32904 4353428    0    0     0     4 19417 32047  3  0 96  0  0
 2  0      0 129766256  32904 4353428    0    0     0     0 19381 32032  3  0 96  0  0
 2  0      0 129764400  32904 4353424    0    0     0     0 20748 32720  3  0 96  0  0
 0  0      0 129764896  32904 4353424    0    0     0     0 19461 32321  3  0 96  0  0
 0  0      0 129766080  32904 4353432    0    0     0     0 20784 33258  3  0 96  0  0
 0  0      0 129766720  32904 4353396    0    0     0     0 19247 32101  3  0 96  0  0
 5  0      0 129766400  32904 4353396    0    0     0     0 20016 32374  4  1 96  0  0
 8  0      0 129766048  32912 4353396    0    0     0    48 19831 32463  3  0 96  0  0
 0  0      0 129765520  32912 4353400    0    0     0     0 19734 32157  3  0 96  0  0
 0  0      0 129765688  32912 4353400    0    0     0     0 19279 32111  3  0 96  0  0
 2  0      0 129765688  32912 4353400    0    0     0     0 19495 32089  3  0 96  0  0
 0  0      0 129765568  32912 4353400    0    0     0     0 19477 32334  3  0 96  0  0
 0  0      0 129765440  32912 4353400    0    0     0     0 19486 32234  3  0 96  0  0
 5  0      0 129765568  32920 4353400    0    0     0    40 19414 32192  3  0 96  0  0
 3  0      0 129765696  32920 4353400    0    0     0     0 19464 32112  3  0 96  0  0
 1  0      0 129765816  32920 4353400    0    0     0     0 19453 32307  3  0 96  0  0
procs -----------memory---------- ---swap-- -----io---- -system-- ------cpu-----
 r  b   swpd   free   buff  cache   si   so    bi    bo   in   cs us sy id wa st
 4  0      0 129765360  32920 4353208    0    0     0     0 20630 32806  3  0 96  0  0
 2  0      0 129763744  32920 4353212    0    0     0     0 19951 32559  3  0 96  0  0
 2  0      0 129761456  32920 4353212    0    0     0     0 19437 32779  3  0 97  0  0
 6  0      0 129761584  32920 4353212    0    0     0     0 19322 32087  3  0 96  0  0
 4  0      0 129761584  32920 4353212    0    0     0    20 19351 32054  3  0 96  0  0
 1  0      0 129761584  32928 4353212    0    0     0    40 19271 32021  3  0 96  0  0
 6  0      0 129761696  32928 4353212    0    0     0     0 19303 32012  3  0 96  0  0
11  0      0 129761696  32928 4353212    0    0     0     0 19357 32156  3  0 96  0  0
 3  0      0 129761696  32928 4353212    0    0     0     0 19438 32423  3  0 96  0  0
 1  0      0 129761696  32928 4353212    0    0     0    56 19243 32038  3  0 96  0  0
 4  0      0 129761072  32928 4353212    0    0     0     0 19418 32221  3  0 96  0  0
 3  0      0 129761568  32928 4353212    0    0     0     0 19286 32221  3  0 96  0  0
 0  0      0 129759624  32928 4353208    0    0     0     0 19924 32527  3  0 96  0  0
 0  0      0 129759504  32928 4353208    0    0     0     0 19450 32625  3  0 96  0  0
 0  0      0 129759624  32936 4353208    0    0     0    68 19284 31979  3  0 96  0  0
 5  0      0 129759624  32936 4353208    0    0     0     0 19371 32207  3  0 96  0  0
 0  0      0 129759744  32936 4353208    0    0     0     0 19335 32045  3  0 96  0  0
 0  0      0 129759872  32936 4353208    0    0     0     0 19303 32094  3  0 96  0  0
 0  0      0 129760120  32936 4353208    0    0     0     0 19297 32089  3  0 96  0  0
 0  0      0 129760120  32936 4353208    0    0     0     4 19244 32189  3  0 96  0  0
 4  0      0 129760240  32936 4353208    0    0     0     0 20001 32342  4  0 96  0  0
procs -----------memory---------- ---swap-- -----io---- -system-- ------cpu-----
 r  b   swpd   free   buff  cache   si   so    bi    bo   in   cs us sy id wa st
 7  0      0 129760248  32936 4353208    0    0     0     0 19143 32061  3  0 97  0  0
 0  0      0 129757712  32936 4353240    0    0     0     0 19960 32534  3  0 96  0  0
 9  0      0 129758080  32936 4353240    0    0     0     0 19340 32205  3  0 96  0  0
13  0      0 129758080  32944 4353240    0    0     0    40 19368 31963  3  0 96  0  0
 1  0      0 129758080  32944 4353240    0    0     0     0 19343 32019  3  0 96  0  0
 3  0      0 129758208  32944 4353240    0    0     0     0 19310 32075  3  0 96  0  0
 0  0      0 129758336  32944 4353240    0    0     0     0 19511 32876  3  0 97  0  0
 0  0      0 129758336  32944 4353240    0    0     0     0 19289 32096  3  0 96  0  0
 0  0      0 129758464  32944 4353240    0    0     0     0 19150 32056  3  0 97  0  0
 5  0      0 129758464  32944 4353240    0    0     0     0 19249 32072  3  0 97  0  0
 0  0      0 129758464  32944 4353240    0    0     0     0 19346 32184  3  0 96  0  0
 2  0      0 129754936  32944 4353272    0    0     0     0 20098 32571  3  0 96  0  0
 0  0      0 129754992  32944 4353272    0    0     0     0 19475 32446  3  0 96  0  0
 0  0      0 129755488  32944 4353272    0    0     0     0 19374 32115  3  0 96  0  0
 0  0      0 129755616  32944 4353264    0    0     0     0 19349 32247  3  0 96  0  0
 8  0      0 129755616  32944 4353264    0    0     0     0 19298 32051  3  0 96  0  0
 0  0      0 129755808  32952 4353264    0    0     0    40 19393 32074  3  0 96  0  0
 0  0      0 129755808  32952 4353264    0    0     0     0 19409 32610  3  0 97  0  0
12  0      0 129755808  32952 4353264    0    0     0    52 19462 32193  3  0 96  0  0
 9  0      0 129755808  32952 4353264    0    0     0     0 19283 32034  3  0 96  0  0
 2  0      0 129754160  32952 4353264    0    0     0     0 20215 32516  3  0 96  0  0
procs -----------memory---------- ---swap-- -----io---- -system-- ------cpu-----
 r  b   swpd   free   buff  cache   si   so    bi    bo   in   cs us sy id wa st
 1  0      0 129755192  32952 4353268    0    0     0     0 20277 32934  3  0 96  0  0
 0  0      0 129755192  32952 4353268    0    0     0     0 19446 32370  3  0 96  0  0
 4  0      0 129755192  32952 4353268    0    0     0    16 19365 32090  3  0 96  0  0
 0  0      0 129755192  32952 4353268    0    0     0     0 19299 32094  3  0 96  0  0
 1  0      0 129754624  32956 4353308    0    0     0    56 20768 32835  3  0 96  0  0
 1  0      0 129755392  32956 4353308    0    0     0     0 19568 32323  3  0 96  0  0
 0  0      0 129756848  32964 4353300    0    0     0    44 20612 32749  3  0 96  0  0
10  0      0 129756464  32964 4353376    0    0     0     0 19483 32735  3  0 96  0  0
16  0      0 129756592  32964 4353376    0    0     0     0 19667 32148  3  1 96  0  0
 1  0      0 129757072  32964 4353376    0    0     0     0 19381 32159  3  0 96  0  0
 2  0      0 129753968  32964 4353408    0    0     0     0 20074 32538  3  0 96  0  0
 4  0      0 129753968  32964 4353408    0    0     0     0 19253 32073  3  0 96  0  0
 0  0      0 129753968  32968 4353408    0    0     0    44 19371 32160  3  0 96  0  0
 1  0      0 129753968  32968 4353408    0    0     0     0 19392 32289  3  0 96  0  0
 0  0      0 129753968  32968 4353412    0    0     0     0 19310 32040  3  0 96  0  0
 8  0      0 129753968  32968 4353412    0    0     0     0 19284 32059  3  0 96  0  0
 0  0      0 129752976  32968 4353412    0    0     0     0 19561 32478  3  0 96  0  0
 0  0      0 129753224  32968 4353412    0    0     0     0 19368 32237  3  0 96  0  0
 0  0      0 129752016  32968 4353476    0    0     0     0 20456 32720  3  0 96  0  0
 0  0      0 129751488  32968 4353548    0    0     0     0 19798 32589  3  0 96  0  0
 2  0      0 129750296  32968 4351828    0    0     0     0 19752 32636  3  0 96  0  0
procs -----------memory---------- ---swap-- -----io---- -system-- ------cpu-----
 r  b   swpd   free   buff  cache   si   so    bi    bo   in   cs us sy id wa st
 1  0      0 129750416  32968 4351828    0    0     0     0 19517 32676  3  0 96  0  0
22  0      0 129750544  32968 4351828    0    0     0     0 19299 31871  3  0 96  0  0
 0  0      0 129750544  32976 4351828    0    0     0    40 19298 32083  3  0 96  0  0
 2  0      0 129750544  32976 4351828    0    0     0     0 19491 32103  3  0 96  0  0
 0  0      0 129750416  32976 4351744    0    0     0     0 19428 32152  3  0 96  0  0
 0  0      0 129750736  32976 4351744    0    0     0     0 19295 32096  3  0 96  0  0
 6  0      0 129750720  32976 4351744    0    0     0     0 19251 32060  3  0 96  0  0
 4  0      0 129752464  32976 4351744    0    0     0     0 26594 42448  4  1 96  0  0
 8  0      0 129752960  32976 4351744    0    0     0     0 19764 32875  3  0 96  0  0
 0  0      0 129750992  32976 4350228    0    0     0     0 20330 33028  3  0 96  0  0
 2  0      0 129751048  32976 4350228    0    0     0     0 19407 32366  3  0 96  0  0
 1  0      0 129751296  32976 4350228    0    0     0     4 19458 32310  3  0 96  0  0
 4  0      0 129751424  32984 4350228    0    0     0    40 19417 32297  3  0 96  0  0
10  0      0 129751424  32984 4350228    0    0     0     0 19168 31924  3  0 97  0  0
 0  0      0 129751632  32984 4350228    0    0     0     0 19349 32057  3  0 96  0  0
 0  0      0 129751872  32984 4350228    0    0     0     0 19397 32069  3  0 96  0  0
 2  0      0 129751872  32984 4350228    0    0     0    48 19434 32271  3  0 96  0  0
 0  0      0 129751952  32984 4350228    0    0     0     0 19905 32547  3  1 96  0  0
 0  0      0 129751952  32984 4350228    0    0     0     0 19300 32061  3  0 96  0  0
 5  0      0 129749808  32992 4350228    0    0     0    36 20231 32715  3  0 96  0  0
 0  0      0 129751136  32992 4349764    0    0     0     0 19380 32277  3  0 96  0  0
procs -----------memory---------- ---swap-- -----io---- -system-- ------cpu-----
 r  b   swpd   free   buff  cache   si   so    bi    bo   in   cs us sy id wa st
 2  0      0 129751312  32992 4349764    0    0     0     8 19370 32161  3  0 96  0  0
 5  0      0 129751440  32992 4349764    0    0     0     0 19276 32115  3  0 97  0  0
 3  0      0 129751440  32992 4349700    0    0     0     0 19428 32101  3  0 96  0  0
 0  0      0 129751440  32992 4349700    0    0     0     0 19615 33025  3  0 96  0  0
 0  0      0 129751568  33000 4349700    0    0     0    44 19302 32118  3  0 96  0  0
 0  0      0 129751688  33000 4349700    0    0     0     0 19288 32074  3  0 96  0  0
 6  0      0 129751688  33000 4349700    0    0     0     0 19292 32034  3  0 96  0  0
 5  0      0 129751808  33000 4349700    0    0     0     0 19389 32232  3  0 96  0  0
 2  0      0 129752032  33000 4349860    0    0     0     0 20166 32622  3  0 96  0  0
 0  0      0 129752144  33000 4349416    0    0     0     0 19408 32580  3  0 96  0  0
 3  0      0 129752264  33000 4349416    0    0     0     0 19299 32021  3  0 96  0  0
 6  0      0 129752264  33000 4349416    0    0     0     0 19326 32234  3  0 96  0  0
17  0      0 129752264  33000 4349416    0    0     0     0 19212 31988  3  0 97  0  0
14  0      0 129752384  33008 4349416    0    0     0    40 19209 31960  3  0 96  0  0
 1  0      0 129752384  33008 4349416    0    0     0     0 19383 32088  3  0 96  0  0
 0  0      0 129752416  33008 4349420    0    0     0     0 19305 32253  3  0 97  0  0
 0  0      0 129753296  33008 4349420    0    0     0     0 19433 32171  3  0 96  0  0
 6  0      0 129753288  33008 4349420    0    0     0     0 19256 32074  3  0 96  0  0
 0  0      0 129751112  33008 4349420    0    0     0     0 19435 32054  3  0 96  0  0
 2  0      0 129751120  33008 4349232    0    0     0     0 19826 33072  3  0 96  0  0
 0  0      0 129750624  33008 4349232    0    0     0     0 19383 32108  3  0 96  0  0
procs -----------memory---------- ---swap-- -----io---- -system-- ------cpu-----
 r  b   swpd   free   buff  cache   si   so    bi    bo   in   cs us sy id wa st
 1  0      0 129750744  33008 4349232    0    0     0     0 19295 32401  3  0 96  0  0
 0  0      0 129749744  33008 4349224    0    0     0     0 20521 32765  3  0 96  0  0
 0  0      0 129751224  33008 4349324    0    0     0     0 19436 32358  3  0 96  0  0
 0  0      0 129749168  33008 4349324    0    0     0     0 19505 32215  3  0 96  0  0
 1  0      0 129750816  33008 4349304    0    0     0     4 20414 32660  3  1 96  0  0
 1  0      0 129750936  33008 4349304    0    0     0     0 19923 32812  3  0 96  0  0
 4  0      0 129750560  33008 4349304    0    0     0     0 19365 32223  3  0 96  0  0
10  0      0 129748640  33016 4349304    0    0     0    40 19974 32493  3  0 96  0  0
 1  0      0 129748976  33016 4349060    0    0     0     0 19195 31807  3  0 96  0  0
 0  0      0 129749104  33016 4349060    0    0     0    32 19338 32039  3  0 96  0  0
 4  0      0 129749352  33016 4349060    0    0     0     0 19446 32281  3  0 96  0  0
 0  0      0 129749352  33016 4349040    0    0     0     0 19309 32067  3  0 96  0  0
 1  0      0 129749376  33024 4349040    0    0     0    48 19497 32613  3  0 96  0  0
10  0      0 129749376  33024 4349040    0    0     0     0 19265 31969  3  0 96  0  0
 0  0      0 129749392  33024 4349040    0    0     0     0 19532 32199  3  0 96  0  0
 0  0      0 129749424  33024 4349040    0    0     0     0 20705 32753  3  0 96  0  0
 0  0      0 129748040  33024 4349172    0    0     0     0 19913 32539  3  0 96  0  0
 0  0      0 129746296  33024 4349172    0    0     0     0 19401 32201  3  0 96  0  0
 0  0      0 129745552  33024 4349124    0    0     0     0 19478 32262  3  0 96  0  0
 8  0      0 129745800  33024 4349124    0    0     0     0 19402 32109  3  0 96  0  0
 1  0      0 129745800  33024 4349124    0    0     0     0 19285 32074  3  0 96  0  0
procs -----------memory---------- ---swap-- -----io---- -system-- ------cpu-----
 r  b   swpd   free   buff  cache   si   so    bi    bo   in   cs us sy id wa st
 3  0      0 129745800  33032 4349124    0    0     0    40 19403 32371  3  0 96  0  0
 8  0      0 129745920  33032 4349124    0    0     0     0 19336 32181  3  0 96  0  0
 5  0      0 129745920  33032 4349124    0    0     0     0 19319 32016  3  0 96  0  0
 1  0      0 129745920  33032 4349124    0    0     0     0 19196 32041  3  0 96  0  0
 0  0      0 129745920  33032 4349124    0    0     0     0 19372 32253  3  0 97  0  0
 0  0      0 129746048  33032 4349124    0    0     0     0 19396 32297  3  0 96  0  0
 4  0      0 129743808  33032 4348372    0    0     0     0 26509 32384  3  1 96  0  0
 1  0      0 129746192  33032 4347260    0    0     0     0 21590 32599  3  0 96  0  0
 0  0      0 129746312  33032 4347260    0    0     0     0 19405 32716  3  0 97  0  0
 4  0      0 129746432  33032 4347260    0    0     0     0 19416 32239  3  0 96  0  0
 3  0      0 129746432  33032 4347260    0    0     0     0 19266 31989  3  0 96  0  0
 0  0      0 129746576  33032 4347260    0    0     0     0 19347 32160  3  0 96  0  0
 7  0      0 129746624  33040 4347260    0    0     0    40 19399 32075  3  0 96  0  0
 1  0      0 129746752  33040 4347260    0    0     0     0 19850 32844  3  1 96  0  0
10  0      0 129746832  33040 4347260    0    0     0     0 19611 32187  3  0 96  0  0
 1  0      0 129746960  33040 4347260    0    0     0     0 19288 31988  3  0 96  0  0
 2  0      0 129747008  33040 4347264    0    0     0     0 20055 32551  3  0 96  0  0
 2  0      0 129747200  33040 4347108    0    0     0     0 19611 32323  3  0 96  0  0
 0  0      0 129747336  33040 4347108    0    0     0     0 19487 32174  3  0 96  0  0
16  0      0 129752000  33040 4341844    0    0     0     0 19491 32126  3  0 96  0  0
 3  0      0 129751920  33040 4341432    0    0     0     0 19400 31989  3  0 96  0  0
procs -----------memory---------- ---swap-- -----io---- -system-- ------cpu-----
 r  b   swpd   free   buff  cache   si   so    bi    bo   in   cs us sy id wa st
 0  0      0 129752048  33040 4341432    0    0     0     0 19463 32203  3  0 96  0  0
 0  0      0 129752296  33048 4341432    0    0     0    40 19414 32101  3  0 96  0  0
 0  0      0 129752416  33048 4341432    0    0     0    40 19281 32146  3  0 97  0  0
 0  0      0 129752416  33048 4341432    0    0     0     0 19493 32118  3  0 96  0  0
 1  0      0 129752416  33048 4341432    0    0     0     0 19435 32372  3  0 96  0  0
 0  0      0 129749504  33048 4341432    0    0     0     0 20043 32554  3  0 96  0  0
 0  0      0 129749920  33048 4341420    0    0     0     0 19450 32147  3  0 96  0  0
 0  0      0 129750048  33048 4341420    0    0     0    12 19428 32114  3  0 96  0  0
 0  0      0 129750280  33048 4341420    0    0     0     0 19479 32273  3  0 96  0  0
 0  0      0 129750280  33048 4341420    0    0     0     0 19501 32634  3  0 96  0  0
 6  0      0 129750280  33048 4341420    0    0     0     0 19354 32030  3  0 96  0  0
 0  0      0 129750400  33056 4341420    0    0     0    48 19409 32099  3  0 96  0  0
 0  0      0 129750528  33056 4341420    0    0     0     0 19371 32232  3  0 96  0  0
 8  0      0 129750528  33056 4341420    0    0     0     0 19478 32199  3  0 96  0  0
 2  0      0 129749416  33056 4341420    0    0     0     0 20433 32685  3  0 96  0  0
 7  0      0 129748048  33056 4341428    0    0     0     0 19404 32121  3  0 96  0  0
 0  0      0 129748432  33056 4341428    0    0     0     0 19489 32508  3  0 97  0  0
 3  0      0 129748560  33056 4341428    0    0     0     0 19562 32635  3  0 96  0  0
 0  0      0 129748560  33056 4341428    0    0     0     0 19414 32144  3  0 96  0  0
 2  0      0 129747360  33060 4341352    0    0     0    48 20567 32693  3  0 96  0  0
 2  0      0 129748872  33060 4341420    0    0     0     0 19781 32405  3  0 96  0  0
procs -----------memory---------- ---swap-- -----io---- -system-- ------cpu-----
 r  b   swpd   free   buff  cache   si   so    bi    bo   in   cs us sy id wa st
 0  0      0 129749248  33060 4341420    0    0     0     0 19387 32094  3  0 96  0  0
 2  0      0 129748488  33060 4341488    0    0     0     0 20805 32996  3  1 96  0  0
 0  0      0 129748896  33060 4341488    0    0     0     0 19643 32219  3  0 96  0  0
 4  0      0 129749024  33060 4341488    0    0     0     0 19356 32255  3  0 96  0  0
 3  0      0 129747040  33064 4341584    0    0     0    40 20120 32597  3  0 96  0  0
 2  0      0 129747408  33064 4341424    0    0     0     0 19306 32105  3  0 96  0  0
 2  0      0 129747408  33064 4341424    0    0     0     0 19326 32044  3  0 96  0  0
 0  0      0 129747408  33064 4341424    0    0     0     0 19387 32210  3  0 96  0  0
 0  0      0 129747648  33064 4341424    0    0     0     0 19536 32303  3  0 96  0  0
 7  0      0 129747648  33064 4341424    0    0     0    40 19353 32058  3  0 96  0  0
20  0      0 129747776  33064 4341424    0    0     0     0 19173 31813  3  0 96  0  0
 1  0      0 129747408  33064 4341424    0    0     0     0 19359 32192  3  0 96  0  0
 4  0      0 129747104  33064 4341424    0    0     0     0 20684 32705  3  0 96  0  0
 9  0      0 129746336  33064 4341524    0    0     0     0 20056 32987  3  0 96  0  0
 0  0      0 129744688  33064 4341492    0    0     0     0 19536 32289  3  0 96  0  0
 2  0      0 129745136  33064 4341048    0    0     0     0 19344 32236  3  0 96  0  0
14  0      0 129745264  33064 4341048    0    0     0     0 19266 31969  3  0 96  0  0
 0  0      0 129745280  33064 4341048    0    0     0     0 19276 32026  3  0 97  0  0
 1  0      0 129745168  33072 4341048    0    0     0    40 19390 32062  3  0 96  0  0
 0  0      0 129745520  33072 4341048    0    0     0     0 19454 32205  3  0 96  0  0
 0  0      0 129745520  33072 4341048    0    0     0     0 19403 32093  3  0 96  0  0
procs -----------memory---------- ---swap-- -----io---- -system-- ------cpu-----
 r  b   swpd   free   buff  cache   si   so    bi    bo   in   cs us sy id wa st
 4  0      0 129745520  33072 4341048    0    0     0    48 19481 32618  3  0 96  0  0
