procs -----------memory---------- ---swap-- -----io---- -system-- ------cpu-----
 r  b   swpd   free   buff  cache   si   so    bi    bo   in   cs us sy id wa st
 0  1 1885000 163032   9664 423212    4   45   312    91  390  151  8  3 89  0  0
 0  0 2097148 180292  10872 569340 1164 227868 136605 227972 21366 37892 18 11 69  3  0
 0  0 2097120 180040  10872 569564   28    0    28     0 5458 6750 13  1 87  0  0
 0  0 2097108 179788  10872 569564   12    0    12     0 5479 6294 13  1 86  0  0
 0  0 2097092 178556  10872 569564  668    0   712     0 5585 6351 12  1 87  0  0
 0  0 2097072 178052  10872 569608   20    0    20     0 5480 6446 13  1 86  0  0
 1  2 2097048 158516  10916 574244 20348 20292 21524 43668 14109 18297 15  5 76  4  0
 1  1 2097076 179200   9660 528484 61504 60144 61508 60144 27593 44143 11  6 73 10  0
 2  0 2097104 159588   9348 514952 83892 82356 83892 82356 37001 54039 11 12 62 15  0
 1  3 2079916 173216   7152 461988 115724 95328 115832 95328 41408 69385 11  6 63 19  0
 2  2 2087460 164220   7156 457720 92320 98380 92476 98684 37207 58146 12  4 68 16  0
 1  3 2096972 172176   6704 425704 104044 110812 107252 110936 44170 63458 12  9 60 19  0
 1  3 2096000 151900   4172 388572 119072 115788 131721 115984 51807 71527 13 32 35 20  0
 1  6 2096644 173192   1856 339424 116828 112504 117104 112504 46314 69754 11 10 59 20  0
 3  2 2096972 148924   1232 312532 149056 144288 151524 144288 60633 83844 10 19 44 27  0
 4  3 2097116 151176   1012 278520 75200 74624 81541 74740 34717 50649 12 22 53 13  0
 7  1 2097112 141312    520 276948 43180 40356 266375 40392 33986 37807  9 77  4 10  0
 5  1 2097144 145100    560 271788  360  372 258282   436 17111 24521  8 73 12  7  0
 7  0 2097148 140036    400 278036  316  308 285258   316 18989 24783 12 71 11  6  0
 8  0 2097148 147712    504 266644  340  320 199858   320 16011 22913 15 67 12  5  0
 6  1 2097148 141580    492 271996  148  148 233750   148 15461 23376  8 73 11  8  0
procs -----------memory---------- ---swap-- -----io---- -system-- ------cpu-----
 r  b   swpd   free   buff  cache   si   so    bi    bo   in   cs us sy id wa st
 3  9 2097148 140120    500 274292   88   92 231997   104 16797 23952  7 75 12  6  0
 7  0 2097148 145272    556 267336    8    8 244860    12 16242 23687  7 73 12  8  0
 8  1 2097148 143400    568 269076   28   16 252606    16 16399 23608  7 75 11  7  0
 4  4 2097148 142040    564 270888    4    4 236574     4 16091 23115  8 73 12  7  0
 6  0 2097148 142972    564 268332    0    0 234986     0 16007 23128  7 74 12  7  0
 5  4 2097148 140980    556 268264    0    0 252804     4 17840 22431  8 75  8 10  0
 6  4 2097148 139988    492 269984   12   12 278771    28 19385 21136  7 78  5 10  0
 5  1 2097148 140064    312 267888    0    0 272856     4 19393 21402  8 75  6 11  0
 4  2 2097148 140352    316 268836    0    0 265281     4 18653 20995  6 78  5 11  0
 6  2 2097148 140036    316 265636    8   12 262867    12 19364 20484  7 78  4 11  0
71 22 2097148 139924    416 268204    4    4 279503     4 18281 21995  8 80  2 10  0
 6  6 2097148 140836    420 268588    0    0 218298    12 15943 19757  9 82  1  8  0
 8  4 2097148 140700    420 267068   12   12 176621    16 14454 15013  8 84  1  7  0
 7  5 2097148 140692    420 268112    0    0 186714     0 14187 16333  9 82  1  8  0
165 72 2097148 141804    524 267228    4    4 180313     8 15358 17097  8 83  1  8  0
 9  2 2097148 140800    524 267660    0    4 186045     4 14908 15246  9 84  1  7  0
 4  8 2097148 140052    512 268824    0    0 183098    16 14279 18066 10 80  1  8  0
 8  5 2097148 140524    508 267028    0    0 183700     0 14681 15663  9 82  1  8  0
 7  5 2097148 139276    580 268148    0    0 190425     0 14348 17429  8 80  1 10  0
 8  0 2097148 140012    580 267908    0    0 180619     4 13949 15241  9 81  1  9  0
 9  2 2097148 139040    572 267276    0    0 181612     0 14430 16485 10 80  1  9  0
procs -----------memory---------- ---swap-- -----io---- -system-- ------cpu-----
 r  b   swpd   free   buff  cache   si   so    bi    bo   in   cs us sy id wa st
 6  5 2097148 139948    560 268196    0    0 190775    12 14471 18420  9 81  1  9  0
 6  1 2097148 140472    576 266612    0    0 185298     0 14596 15474  9 82  1  8  0
 8  4 2097148 140228    576 268340    0    0 197283     8 14297 16179  9 82  1  8  0
 6  2 2097148 139780    564 268752    0    0 191047     0 15247 17507  9 84  1  6  0
 6  6 2097148 140052    588 268392    0    0 184997     4 14328 16481  9 82  1  8  0
 9  2 2097148 140132    584 267948    0    0 180558     0 14196 17645  9 82  1  8  0
 9  3 2097148 140676    592 267360    0    0 177849    32 14064 17272  9 81  1  8  0
 5  6 2097148 140064    592 267972    0    0 183610     4 13390 16760  9 81  1  9  0
36  4 2097148 140372    720 266272   16    4 196385     4 15719 19067 10 83  1  6  0
 7  4 2097148 140456    596 266480    0    0 181454     4 13603 15567 10 80  1 10  0
 7  3 2097148 139800    596 266824    0    0 190817     0 13943 16278  9 83  1  8  0
 7  6 2097148 140564    600 268576    0    0 180526    12 14138 16241  8 83  1  8  0
 4  8 2097148 141824    604 266652    0    0 190567     4 14456 17884  9 83  1  7  0
 7  3 2097148 140120    600 267852    0    0 166666     0 14173 16441  8 81  2  9  0
 8  4 2097148 140544    600 267684    4    8 164683     8 14697 16751  9 84  1  6  0
 7  2 2097148 141684    736 266004   44   44 176018    44 14147 15935  8 80  2 10  0
 7  4 2097148 140056    632 267392   20   20 199037    20 14862 17769  8 82  1  9  0
 9  2 2097148 140788    672 267012    0    0 200288    20 15323 19379 10 81  1  8  0
 3  8 2097148 141036    672 267116    0    0 189770     4 14131 17707  9 81  1 10  0
 5  0 2097148 140784    672 267512    0    0 203502     0 14589 19228  8 82  1  9  0
 7  4 2097148 140336    612 266436    0    0 207078     0 15117 17884  8 84  1  7  0
procs -----------memory---------- ---swap-- -----io---- -system-- ------cpu-----
 r  b   swpd   free   buff  cache   si   so    bi    bo   in   cs us sy id wa st
 4  6 2097148 141684    616 266300    0    0 194742     4 14623 17599 10 82  1  8  0
117  3 2097148 139872    616 267268    0    0 203211     0 14975 17470  8 84  1  7  0
 8  3 2097148 140700    612 266992    0    0 211790    16 14515 18236 10 79  1 10  0
20 41 2097148 139972    612 266468    4    4 196823     8 14199 17816  9 83  1  8  0
10  2 2097148 140232    612 267228    0    0 196909     0 14722 17185 10 82  1  7  0
10  1 2097148 140264    604 267016    0    0 197025     0 14014 17028  9 78  2 11  0
 2  9 2097148 140164    604 267672    0    0 204378     4 13412 16496  8 81  1 10  0
11  3 2097148 141028    600 266020    0    0 187723    16 14350 18103  9 85  1  6  0
 8  7 2097148 140984    600 266724    8    8 195229     8 14781 17085  8 88  0  3  0
 8  1 2097148 140620    600 267648    0    0 181713     0 13762 16355  8 86  1  5  0
11  2 2097148 140008    600 268000    4    4 190924     4 15126 17306  9 85  1  5  0
12  7 2097148 140220    608 267748    0    0 251704     4 16932 16982  9 84  1  5  0
10  4 2097148 139920    600 267824    4    4 205917    16 15427 16264  9 85  1  5  0
 7  5 2097148 139288    600 267120    0    0 207042     0 15625 18103  9 85  0  6  0
 7  4 2097148 141496    600 267080    0    0 184137     0 14503 16667  9 86  1  4  0
 6  4 2097148 140724    528 266516    0    0 176891     0 13899 16299  9 85  0  6  0
 4  8 2097148 140132    528 266552    0    0 186094     4 14395 17101  9 85  1  5  0
 7  5 2097148 140944    540 266600    0    0 186682    12 13991 16532  8 86  0  5  0
10  1 2097148 140068    536 267324    0    0 194730     4 14073 16933  8 86  0  5  0
 8  7 2097148 139880    524 266884    0    0 179273     0 13895 17238  9 84  0  6  0
 8  5 2097148 140008    524 267776    0    0 187055     0 14551 17874 10 85  0  5  0
procs -----------memory---------- ---swap-- -----io---- -system-- ------cpu-----
 r  b   swpd   free   buff  cache   si   so    bi    bo   in   cs us sy id wa st
 6  6 2097148 140044    532 267456    4    4 193197    20 14037 16288  9 83  1  7  0
 7  6 2097148 140652    616 266368    4    4 186382     4 14192 16462 10 84  0  6  0
 6  9 2097148 140012    540 267272    0    0 207581     0 15606 18958  9 86  1  4  0
11  3 2097148 140912    544 267876    0    0 190401     8 14348 16865  9 85  0  6  0
 9  2 2097148 141056    544 266412    0    0 188352     4 13933 16465 10 84  1  6  0
105  3 2097148 140804    548 264724    0    0 191853     4 14927 16941  9 84  1  6  0
70 34 2097148 141040    552 266444    0    0 202148    36 15141 15722  9 87  1  4  0
 7  5 2097148 140736    552 266460    4    4 212300     8 14105 16759  9 87  0  3  0
 7  5 2097148 141092    552 266528    0    0 182620     4 14149 17184  9 85  0  6  0
21  2 2097148 140784    552 267252    0    0 188542     4 14060 17042  9 85  1  5  0
11  0 2097148 139976    652 266808   24   28 210678   176 15557 15110  9 87  0  3  0
 9  6 2097148 140696    644 265916    0    0 194695     0 15366 16926  9 87  0  3  0
37  2 2097148 140468    780 266552    0    0 201513    44 14466 16905 10 88  0  2  0
 7  7 2097148 142088    760 265960    0    0 201505     0 14714 15882  9 89  0  2  0
 7  5 2097148 140932    336 267540    0    0 195366     4 14592 15360 10 88  0  2  0
13  4 2097148 142180    336 266824    0    0 202844     4 15841 15878 10 88  0  2  0
10  9 2097148 140664    336 266532    4    4 195219     8 14348 14887  8 90  0  2  0
 7 12 2097148 140196    512 268092    4    4 188323     4 14070 14220  8 90  0  2  0
32  0 2097148 140568    512 267732    0    0 191010    12 16683 16037  9 90  0  1  0
48  7 2097148 139852    512 265392    0    0 171336     4 13804 14628  9 88  0  2  0
11  3 2097148 139204    592 268668    0    0 177411     4 14170 13949  9 89  0  2  0
procs -----------memory---------- ---swap-- -----io---- -system-- ------cpu-----
 r  b   swpd   free   buff  cache   si   so    bi    bo   in   cs us sy id wa st
12  7 2097148 140112    660 267672    0    4 185209     4 15218 14873  9 89  0  2  0
12  3 2097148 141180    596 265360    0    0 180302     0 15260 15851  9 88  0  2  0
 8  7 2097148 140136    604 267152    0    0 170516    16 15254 13875 10 88  0  2  0
27 153 2097148 140540    620 266812    0    0 171644     4 14200 15072  8 89  0  2  0
193  5 2097148 140320    616 266268    0    0 161195     0 14058 14584  9 89  0  2  0
51  9 2097148 140372    616 266464    0    0 194327     4 14959 14012 10 89  0  1  0
16  6 2097148 139916    612 267300    0    0 201792     4 14748 13902  9 88  0  2  0
 5 10 2097148 140312    624 267544    0    0 174029     4 14175 15104 10 87  0  3  0
73  3 2097148 140792    616 267304    0    0 185278    12 14867 13817  9 89  0  2  0
 8  3 2097148 140212    612 265972    0    0 188188     0 14650 13896  9 88  0  3  0
27  5 2097148 140092    612 266144    0    0 180975     0 14409 13595  8 91  0  1  0
 7  8 2097148 140028    628 266876    0    0 168695     4 14117 14225 10 88  0  1  0
10  5 2097148 141660    620 265824    0    0 176353     0 14587 13343  9 88  0  2  0
 8  9 2097148 139760    576 266960    0    0 169143    16 13593 14046  9 90  0  1  0
11  4 2097148 139884    572 266200    0    0 193268     4 14938 13784  9 89  0  2  0
 8 49 2097148 141328    580 266152    8    8 177920     8 13966 15490  9 88  0  2  0
14  8 2097148 140252    580 266452    4    4 222350     8 15889 14093 10 88  0  2  0
 9  1 2097148 141996    636 264924    0    0 196023     0 15376 14718 11 87  0  2  0
10  1 2097148 140656    636 265776    0    0 204444    20 17998 20757 10 85  1  3  0
 6  7 2097148 140212    604 267204    0    0 204375     4 15810 15410 11 85  1  3  0
17  5 2097148 140332    600 265952    0    0 186920     4 14908 14997 10 86  0  3  0
procs -----------memory---------- ---swap-- -----io---- -system-- ------cpu-----
 r  b   swpd   free   buff  cache   si   so    bi    bo   in   cs us sy id wa st
10  4 2097148 140152    600 266172    0    0 187320     4 15188 14554  9 89  0  2  0
37  5 2097148 140128    600 266960    0    0 193331     0 15741 14866 13 86  0  1  0
12  9 2097148 140608    572 266356    4    4 194169     8 15279 14375 10 88  0  2  0
 7 11 2097148 140040    580 266628    4    4 194557    20 14541 13879 14 84  0  2  0
 6 16 2097148 140004    580 266956    0    0 201722     4 15302 15020 11 87  0  2  0
15 10 2097148 139920    576 266972    0    0 200882     8 15152 14310 10 88  0  2  0
 7  6 2097148 139840    548 266532    0    0 196501     4 14581 14402 10 87  0  3  0
 7 12 2097148 140416    540 267648    0    0 212120     4 15720 14635  9 89  0  2  0
26  7 2097148 140852    604 266132    0    0 230275    32 16180 14471  9 89  0  2  0
14 11 2097148 140828    688 265776    0    0 218705     4 15778 14339  9 90  0  1  0
47 10 2097148 139564    668 266860    0    0 213650     4 15340 14358 10 89  0  1  0
21  5 2097148 139860    668 267100    0    0 223811     4 16790 15203  9 90  0  1  0
15 17 2097148 139984    668 266076    8    8 226675    24 16663 15948 10 88  0  1  0
13  2 2097148 140064    600 266132    0    0 210413     4 15425 14040  9 89  0  1  0
13  7 2097148 139700    592 267816    0    0 223796     4 15794 13873  9 89  0  1  0
 7 11 2097148 140108    580 266044    0    0 200807     0 15860 15266  9 89  0  2  0
13  7 2097148 141408    588 265576    0    0 202244     4 15370 14943  9 89  0  2  0
17  4 2097148 140588    576 266144    0    0 202492     4 14892 13435 11 88  0  1  0
24  5 2097148 139872    468 267060    0    0 196460    16 14901 14687 11 87  0  2  0
 7  6 2097148 141220    464 265388    0    0 179933     4 14446 14089 16 83  0  1  0
38  6 2097148 139716    464 266100    0    0 177171     0 14171 13569 12 86  0  1  0
procs -----------memory---------- ---swap-- -----io---- -system-- ------cpu-----
 r  b   swpd   free   buff  cache   si   so    bi    bo   in   cs us sy id wa st
 7  6 2097148 140632    456 265704    0    0 193315     4 15021 15047  9 89  0  2  0
10 10 2097148 140872    452 265996    0    0 202965     4 15110 15016 10 88  0  2  0
11  9 2097148 140308    456 265648    0    0 193034    12 14821 14275 13 86  0  1  0
16  8 2097148 139952    456 266928    0    0 181129     4 14200 13892 19 80  0  1  0
20  8 2097148 140148    532 266152    0    0 178194     4 13990 13937 19 80  0  1  0
18  4 2097148 140668    528 266556    0    0 188556     0 14539 14158 19 79  0  2  0
17  6 2097148 140108    588 265892    0    0 203105     4 14797 14518 18 81  0  1  0
14  8 2097148 141188    580 265504    0    0 220843    16 15989 13961 17 82  0  1  0
10  6 2097148 139880    580 267120    0    0 199564     4 14910 13653 18 81  0  1  0
30  3 2097148 140812    580 266100    0    0 207271     4 15414 14337 11 87  0  1  0
16  6 2097148 139860    572 266576    0    0 216552     4 15570 13654  9 90  0  1  0
15 10 2097148 140320    700 266540    4    4 225038   172 15854 14815 10 88  0  2  0
11  8 2097148 141564    616 265420    4    4 229430   228 16911 14621 10 89  0  2  0
 9  3 2097148 140044    612 265708    0    0 200119     4 14905 14888 10 88  0  2  0
 8 11 2097148 140160    608 266764    0    0 196647     4 14997 14600 10 87  0  2  0
27  3 2097148 140376    636 266324    0    0 202247     4 15500 14590 10 89  0  2  0
 6 13 2097148 139848    728 266752    0    0 176585     4 13088 15587  9 90  0  1  0
36 13 2097148 140104    724 265560    0    0 150742     0 12951 15468 10 88  0  2  0
23  8 2097148 140432    720 265700    0    0 173189    36 14575 14507  9 89  0  2  0
16 11 2097148 139856    672 266296    0    0 191240     4 14223 13861  8 90  0  1  0
10 11 2097148 141236    300 266420    0    0 211764     4 17088 16070  9 90  0  1  0
procs -----------memory---------- ---swap-- -----io---- -system-- ------cpu-----
 r  b   swpd   free   buff  cache   si   so    bi    bo   in   cs us sy id wa st
 9 12 2097148 140316    292 267504    8    8 220708    12 15550 15241  8 90  0  2  0
25  5 2097148 140120    288 266468    4    4 219600     4 15238 14836 10 89  0  1  0
14 14 2097148 140076    404 266416    0    0 240358     0 16377 15419 12 87  0  1  0
28  8 2097148 140496    412 266464    4    4 214479    24 15219 14849 12 86  0  1  0
63  7 2097148 141352    412 267260    0    0 238543     4 16806 15100 10 89  0  1  0
17  3 2097148 141816    528 265328    0    0 226439     4 16055 14656 10 90  0  1  0
16  5 2097148 139800    652 266172    0    0 226911     4 15310 14086 11 88  0  1  0
31  8 2097148 140220    632 265088    0    0 225277     8 15445 14068 11 88  0  1  0
21  2 2097148 139956    612 267480    4    4 233910    12 16536 16015 10 89  0  1  0
21  2 2097148 141392    304 266936    0    0 231163    64 17504 18454 12 87  0  1  0
10  7 2097148 141520    544 265580    4    4 237903     8 18633 19008 14 86  0  0  0
12  9 2097148 140832    608 266900    0    0 254656     8 19371 20689  9 89  0  1  0
 5  8 2097148 140212    724 265748    8    8 249371    12 19335 19243 11 88  0  1  0
 9  6 2097148 139436    740 266056    4    4 271848     8 20454 22410 10 88  0  2  0
150  1 2097148 141024    664 265796    0    0 209314    24 18064 20018 13 86  0  1  0
 7  4 2097148 139864    720 267272    0    0 198055     8 17192 20550 11 87  0  2  0
11  7 2097148 140072    760 265584    0    0 175667     4 16865 20807  9 90  0  1  0
11  1 2097148 140164    756 266932    0    0 190066     4 16379 19973 10 89  0  1  0
 7 12 2097148 140124    704 265356    8    8 193880    12 17115 20387  9 89  0  1  0
49  3 2097148 139124    652 266576    0    0 214533    28 17541 19600 11 88  0  1  0
 9  8 2097148 140132    672 266324    8    8 187461    12 16532 20150  9 89  0  1  0
procs -----------memory---------- ---swap-- -----io---- -system-- ------cpu-----
 r  b   swpd   free   buff  cache   si   so    bi    bo   in   cs us sy id wa st
 9  6 2097148 139960    808 266792    0    0 219426     4 17229 19156 10 89  0  1  0
14  6 2097148 141244    724 266496    8    8 186498     8 16072 18896 11 88  0  1  0
21  3 2097148 140528    720 266144    0    0 212369     4 16575 19818 11 89  0  1  0
12  1 2097148 141624    692 265212    0    0 201189    24 17013 20419 10 90  0  1  0
11  4 2097148 140824    696 266144    0    0 202729     4 16214 18443 14 84  0  1  0
19  4 2097148 139396    676 266308    0    0 196779     0 15850 17279 10 87  1  2  0
14  5 2097148 142180    672 264260    0    0 242726     8 16201 16392 12 86  0  2  0
13  4 2097148 139540    664 265632    0    0 245106     4 15741 15057 12 87  0  1  0
14  6 2097148 140520    604 265648    0    0 258392    20 15768 15602 10 89  0  1  0
13  7 2097148 140556    596 265544    0    0 241684     0 15549 15569 13 86  0  1  0
15  3 2097148 140320    592 265460    4    4 242504    12 15481 16003 10 88  0  2  0
11  6 2097148 140952    604 265800    0    0 234049     0 15756 16891 13 86  0  1  0
15 10 2097148 141264    636 265492    0    0 249142     4 15834 15674 10 89  0  2  0
11  5 2097148 139900    620 264408    0    0 270245    28 16887 16818 10 88  0  2  0
13  4 2097148 140372    616 265740   16   16 210542    20 14460 14880 17 82  0  1  0
14  4 2097148 140308    616 265836    0    0 196146     8 14173 14896 17 82  0  1  0
47  5 2097148 140540    576 266896    4    4 197983     8 14667 14681 18 81  0  1  0
13  9 2097148 139868    576 266260    0    0 197443     4 14169 14400 18 80  0  1  0
11 11 2097148 139652    576 265620    0    0 196854    28 14397 14550 19 81  0  1  0
10 10 2097148 140752    572 266012    0    0 178509     4 13723 14344 17 82  0  1  0
24  5 2097148 141164    620 265896    0    0 161537     0 13427 14646 17 82  0  1  0
procs -----------memory---------- ---swap-- -----io---- -system-- ------cpu-----
 r  b   swpd   free   buff  cache   si   so    bi    bo   in   cs us sy id wa st
11  5 2097148 140208    612 266616    0    0 171092     0 13581 14319 17 81  0  1  0
11 10 2097148 140092    664 266148    0    0 167171   148 13388 13903 16 84  0  0  0
17  7 2097148 140112    668 264540    0    0 222328     4 15477 14387 11 88  0  1  0
 8 12 2097148 142136    684 264824    0    0 199657     4 14682 13999 17 82  0  1  0
36  1 2097148 140248    724 266144    4    4 223504     8 15249 14587 11 88  0  1  0
64 40 2097148 140488    696 265592   44   40 221534   216 15466 14673 15 85  0  0  0
21  8 2097148 140028    704 266020    8    8 261147   220 15665 16176 11 89  0  0  0
23  7 2097148 140248    692 266976    0    0 277990     0 19669 18841  9 90  0  1  0
15  7 2097148 139880    664 265828   64   48 285640   156 17717 15864 10 89  0  1  0
12 10 2097148 140260    652 265344    0    0 276568     4 17120 15247 10 89  0  1  0
18  3 2097148 141692    636 265040    0    0 244462   124 15893 15938 13 85  0  1  0
12  6 2097148 139776    588 265944    0    0 225120     4 14912 14887 12 87  0  1  0
18  5 2097148 141504    572 265648   40   40 210323   104 14412 15212 11 88  0  1  0
 7  8 2097148 139824    568 266520    0    0 191323     4 14293 15742 13 86  0  1  0
15  7 2097148 140080    568 264964    0    0 190492   128 14068 15026 13 86  0  1  0
30 15 2097148 140040    568 267168    0    4 215164     4 14571 15203 12 87  0  1  0
 9 11 2097148 139496    564 266960    0    0 212027     4 14612 15028 16 83  0  1  0
10  7 2097148 140372    552 265724    0    0 204326    40 16004 17514 14 84  0  1  0
16  7 2097148 139964    576 265664    0    0 182254     0 13984 14057 12 87  0  1  0
70  8 2097148 140264    564 265264    0    0 174856   132 13284 15175 11 88  0  1  0
 7  9 2097148 141060    564 265760    0    0 227028     4 14990 15246 12 87  0  1  0
procs -----------memory---------- ---swap-- -----io---- -system-- ------cpu-----
 r  b   swpd   free   buff  cache   si   so    bi    bo   in   cs us sy id wa st
27  7 2097148 140864    628 266516    0    0 243264    24 15586 15319 13 86  0  1  0
16 12 2097148 140064    588 266616    0    4 258846   144 16181 15794 13 86  0  1  0
18 11 2097148 141244    588 265228   16    4 270879     4 16604 15795 10 89  0  2  0
10  7 2097148 140572    584 265948    0    0 245440     0 15688 15634  9 89  0  2  0
23  5 2097148 139736    584 266200    0    0 251482     0 15945 16077 10 88  0  1  0
25 10 2097148 140816    588 266592    0    0 240955     4 15246 15276 15 84  0  1  0
32  5 2097148 139724    584 265344    0    0 242257    40 16068 15999  9 90  0  1  0
16  9 2097148 139928    584 266484    0    0 242536     0 15590 15587  9 89  0  1  0
30  2 2097148 140516    580 267060    0    0 244177     0 15950 16234 10 88  0  2  0
 5 14 2097148 142220    552 264260    0    0 256863     4 15839 16031  9 89  0  2  0
30  4 2097148 139956    548 266400   16   12 223748    12 15204 15427 10 88  0  2  0
 9 10 2097148 140020    544 266860    0    0 219307    20 15015 14538 10 88  0  1  0
21  3 2097148 140576    544 266584    0    0 214719     4 15234 15841  8 90  0  1  0
30  4 2097148 139516    560 266352    0    0 227782   116 15494 14856  9 89  0  1  0
13  2 2097148 140388    544 267248    0    0 215817     4 14869 14597 10 88  0  2  0
 8  8 2097148 139880    424 266400    0    0 211940   140 15670 14481  9 90  0  1  0
10 11 2097148 139604    456 266832    0    0 187160     4 14712 15111  9 89  0  1  0
21  3 2097148 140244    504 266460    0    0 180096    48 15008 15482  9 90  0  1  0
11 11 2097148 139948    492 266484    0    0 204451     0 14909 14922 10 89  0  1  0
10  8 2097148 140348    492 266576    0    0 204862   128 14260 14204  9 90  0  1  0
17 10 2097148 140444    716 267568    0    0 271680     4 17646 16045  9 90  0  1  0
procs -----------memory---------- ---swap-- -----io---- -system-- ------cpu-----
 r  b   swpd   free   buff  cache   si   so    bi    bo   in   cs us sy id wa st
13  5 2097148 139616    676 266856    4    4 249758    32 16184 14496  9 90  0  1  0
32  4 2097148 140104    648 266408    0    0 235255   128 15913 14332 10 89  0  0  0
26  8 2097148 140156    648 266472    0    0 247645     4 15495 14119  8 90  0  1  0
17 11 2097148 140076    656 265540    0    0 259007     4 17148 16250 10 89  0  1  0
20 10 2097148 139792    636 265128    0    0 244538     4 16350 14400  9 90  0  1  0
25  9 2097148 140072    600 265108    0    0 242221   144 16414 14672  9 90  0  1  0
34  6 2097148 140576    592 265304    0    0 215052     0 15147 15039  9 89  0  1  0
13  9 2097148 140780    548 265356    0    0 241624   124 15737 14566  8 91  0  1  0
24  9 2097148 140676    548 265996    0    0 226403     0 15444 14609  9 90  0  1  0
 9  9 2097148 139604    540 266344    0    0 228155     4 15412 15479 10 88  0  1  0
10  2 2097148 139424    564 265416    0    0 226985     4 15259 15686  9 89  0  2  0
11  6 2097148 140204    552 266264    4    4 223193    44 14978 14489 10 89  0  1  0
13  5 2097148 139844    528 266100    0    0 228658     0 15506 15019  9 89  0  1  0
10  9 2097148 139952    508 266476    0    0 205097     8 14311 14585  9 91  0  0  0
49  6 2097148 139780    592 267472    0    0 255897     4 17150 16130  9 90  0  1  0
132  1 2097148 140100    572 266716    0    0 204756     0 14855 14284  8 90  0  1  0
17  3 2097148 139272    532 267632    0    0 218952   148 14414 16078  9 89  0  1  0
11  8 2097148 140296    508 267044    0    0 200887     4 14671 14427  9 90  0  1  0
64  4 2097148 140784    560 265424    0    0 218587   132 15339 15233 10 89  0  1  0
 6 12 2097148 139896    544 266324    0    0 230747     4 15522 15379 10 89  0  1  0
21  5 2097148 140576    556 266860    0    0 204477     4 14913 14544  9 89  0  1  0
procs -----------memory---------- ---swap-- -----io---- -system-- ------cpu-----
 r  b   swpd   free   buff  cache   si   so    bi    bo   in   cs us sy id wa st
138  7 2097148 140140    532 266264    0    0 223503   148 15934 15496  9 90  0  1  0
 8 12 2097148 140136    516 266364    0    0 206542     4 14009 15137  9 89  0  1  0
211  0 2097148 139880    628 265872    0    0 226004   124 16798 16571 10 88  0  1  0
 8 12 2097148 139940    616 265852    0    0 172406     4 13301 15072  8 91  0  1  0
73 10 2097148 140336    616 265420    0    0 216784     4 15492 15063 10 89  0  1  0
20  6 2097148 140320    684 266032    0    0 233651    48 15904 14586 10 89  0  1  0
41  4 2097148 140368    680 266152    0    0 205295     0 15048 14842  9 90  0  1  0
20 11 2097148 140576    676 266124    0    0 221152     4 15237 14730  9 89  0  2  0
 9 12 2097148 140212    664 265428    0    0 241903     4 16768 16856  9 90  0  1  0
20  6 2097148 140836    640 265228    0    0 213168     4 15296 14937 10 89  0  1  0
10 10 2097148 140944    700 265488    0    0 220338    16 15527 15253 10 89  0  1  0
17  2 2097148 140516    584 266540    0    0 211238     4 15229 15269  9 90  0  1  0
38  8 2097148 140912    624 265160    0    0 220284     4 15701 15631  9 90  0  1  0
11  1 2097148 140820    600 265180    0    0 211565     4 14578 14327  9 89  0  1  0
25  4 2097148 140624    548 266144    0    0 216675   136 15060 14327 10 88  0  2  0
 9  8 2097148 139528    600 265600    0    0 245639    36 16038 14840 10 89  0  1  0
21  8 2097148 140012    780 266104    0    0 240110     0 15794 14392  9 90  0  1  0
53  3 2097148 139876    632 266536    0    0 242771   136 16076 14701  9 90  0  1  0
48  8 2097148 140132    724 265620    0    0 236308     4 15782 14408 10 89  0  1  0
13  9 2097148 139584    568 265808    0    0 248768     0 16119 14798  9 91  0  1  0
22  4 2097148 140120    584 265516    0    0 243339    44 16318 14681 10 89  0  1  0
procs -----------memory---------- ---swap-- -----io---- -system-- ------cpu-----
 r  b   swpd   free   buff  cache   si   so    bi    bo   in   cs us sy id wa st
20  4 2097148 140512    548 266108    0    0 227497   132 15265 14576 10 88  0  1  0
15 11 2097148 140300    536 265856    0    0 217272     4 15251 14140  8 91  0  1  0
17 32 2097148 139920    532 266092    0    0 201402   132 14743 14906 10 89  0  1  0
11  8 2097148 140372    552 265980    0    0 229446     0 16265 16125 10 89  0  1  0
27  6 2097148 140856    524 264456    0    0 232671   168 15727 14779 10 89  0  1  0
16  3 2097148 139944    512 267652    0    0 188408     0 13932 15124 10 88  0  1  0
 5 14 2097148 139864    488 266496    0    0 239694     4 17678 18265  9 90  0  1  0
15  1 2097148 140932    560 277320  212 5728 233853  5928 16418 17264 11 87  0  1  0
 9  5 2097148 141816    840 267356  284  168 406191  1416 23572 19760 11 85  1  2  0
 8  1 2097148 140548    656 271556   96   64 226793    84 15388 20680 10 81  5  4  0
 9  0 2097148 140988    652 270768    0    0 172717    48 13472 19142  8 83  6  3  0
 8  0 2097148 140304    656 271976    0    0 179550     0 13845 19329 10 81  6  3  0
21  1 2097148 142020    656 270260    0    0 183371     0 13491 19420  8 82  7  3  0
 9  1 2097148 141640    652 269448    0    0 183052     0 13468 19344  9 81  6  4  0
 7  1 2097148 140144    648 270400    0    0 176891     0 13309 18944  9 82  6  3  0
 9  2 2097148 141544    632 272128    0    0 176614    12 13353 19537  9 81  7  3  0
28  0 2097148 143228    628 269588    0    0 168807     8 13157 18912 10 81  6  3  0
 7  1 2097148 139932    624 269376    0    0 197582     8 14306 18344 12 80  4  4  0
12  1 2097148 140308    600 270296    0    0 184431     0 13739 18783  9 82  5  4  0
 8  1 2097148 141328    584 267576    0    0 187121     0 13940 18431  9 82  5  4  0
 8  0 2097148 140116    648 271128    0    0 180503    40 13551 18339  9 83  5  3  0
procs -----------memory---------- ---swap-- -----io---- -system-- ------cpu-----
 r  b   swpd   free   buff  cache   si   so    bi    bo   in   cs us sy id wa st
 8  0 2097148 140328    300 269976    0    0 180332    28 13871 18102  9 82  5  4  0
 7  3 2097148 141732    312 269796    0    0 179175    28 13282 18282 10 82  5  3  0
 6  3 2097148 140032    476 270112    0    0 186814     0 14054 18810 11 81  5  4  0
 8  0 2097148 142192    472 269228    0    0 178818    12 13365 18333  9 82  5  4  0
 6  2 2097148 141284    468 269920    0    0 177681   108 13466 18223  9 82  5  4  0
 7  0 2097148 139756    460 269400    0    0 177357     8 13697 18337  9 83  4  4  0
 7  1 2097148 141244    420 268868    0    0 183117     8 13760 17935  9 83  5  3  0
 6  2 2097148 142284    420 268912    0    0 178662     8 13841 18170 10 82  5  3  0
 7  1 2097148 142800    420 266844    0    0 185264     0 13799 18220  9 83  5  3  0
 7  1 2097148 139808    420 269560    0    0 184039    32 14129 18428  8 84  4  4  0
 9  0 2097148 140296    488 271120    0    0 187748     0 13948 18607 10 82  4  4  0
 7  3 2097148 140556    540 269708    0    0 188596     0 14011 17811 10 83  4  4  0
 4  3 2097148 140068    724 271156    0    0 230435    12 15777 18134  9 84  3  4  0
75  4 2097148 139408    696 271580    0    0 278534     8 18466 17908  9 87  1  3  0
 9  1 2097148 139976    680 270164    4    4 239827   140 16927 16346  9 88  1  2  0
55  0 2097148 141928    636 270532    0    0 235650    12 18108 18156 10 88  1  2  0
 8  4 2097148 140132    624 271304    0    0 218939    12 15472 15383  9 88  1  2  0
 8  0 2097148 140936    976 268268    0    0 212741    12 15661 16202 10 86  1  3  0
50  2 2097148 141492    616 269216    0    0 179512    72 13976 16815 10 85  2  3  0
35  0 2097148 141948    584 267184    0    0 181442    80 13793 16725 12 83  2  2  0
 8  2 2097148 139472    556 270460    0    0 218364    32 15475 17118 11 85  1  3  0
procs -----------memory---------- ---swap-- -----io---- -system-- ------cpu-----
 r  b   swpd   free   buff  cache   si   so    bi    bo   in   cs us sy id wa st
 8  1 2097148 140248    596 269132    0    0 183708     0 13913 17336 10 85  2  2  0
 8  7 2097148 139724    532 271228    0    0 188120    40 13840 16717 10 85  2  3  0
 7  3 2097148 141844    532 267592    0    0 183416     8 13738 17652 10 82  4  4  0
42  0 2097148 139896    516 268676    0    0 174633   152 14240 16853  9 85  3  3  0
36  1 2097148 139768    624 269740    0    0 173222     8 14216 17061  9 84  3  3  0
51  1 2097148 141416    604 267884    0    0 198191     8 15412 17433  9 85  3  3  0
 8  1 2097148 141328    600 268804    0    0 173876    12 13689 16211  9 85  3  3  0
 7  2 2097148 140272    588 267892    0    0 171080   120 13717 16051  9 86  2  3  0
 8  0 2097148 142072    640 267972    0    0 177194     0 13845 16545 13 82  2  2  0
 9  1 2097148 141708    628 267932    0    0 182105    12 13846 17044  9 85  3  3  0
 7  2 2097148 140184    620 269200    0    0 176191     0 14417 17329 13 81  3  2  0
10  0 2097148 140284    620 268968    0    0 174722     0 14271 16842 14 80  3  3  0
 9  0 2097148 141312    604 266804    4    4 168297     4 13922 16293  9 84  3  4  0
 6  1 2097148 140632    592 269380    0    0 171958    32 14110 17682 10 83  4  3  0
 7  1 2097148 140700    592 269112    0    0 173761     0 14017 16779  9 84  4  4  0
17  0 2097148 140192    592 268148    0    0 172318     0 13751 16392  9 85  3  3  0
17  1 2097148 139396    600 268656    0    0 181407     4 14219 18595  9 83  4  3  0
 9  2 2097148 142120    600 266972    0    0 182880     0 14340 17710 10 84  3  3  0
11  0 2097148 141180    600 266864    0    0 173945    20 13585 17520  8 84  4  3  0
 7  1 2097148 140528    596 267792    0    0 178576     0 14230 17450 10 83  3  4  0
11  0 2097148 141716    604 268280    0    0 174124     4 14296 16413 10 83  3  3  0
procs -----------memory---------- ---swap-- -----io---- -system-- ------cpu-----
 r  b   swpd   free   buff  cache   si   so    bi    bo   in   cs us sy id wa st
 6  1 2097148 140572    604 268260    0    0 171156     0 14092 17133 10 83  4  3  0
 6  8 2097148 139932    704 271372    8    8 189676     8 14305 17065  9 84  3  4  0
 7  2 2097148 140740    760 270376    4    4 205879    40 16432 17161  9 87  1  3  0
 6  7 2097148 139948    616 270076    0    0 223433     0 16448 16226 10 86  1  3  0
 7  2 2097148 140600    696 268644    0    0 174078     8 14224 17062 10 84  3  3  0
 8  1 2097148 142304    680 268628    0    0 172531     0 14472 17067  9 85  4  3  0
 6  0 2097148 142180    692 265736    0    0 178260     8 14930 16547  9 85  2  4  0
100  2 2097148 143412    648 265076    0    0 175468    68 14660 17151 10 83  3  3  0
 7  1 2097148 141580    632 267380    0    0 173362    56 13877 16255  9 84  3  3  0
 8  0 2097148 141596    672 266392    0    0 191402     0 14674 17511 10 84  3  3  0
41 129 2097148 139732    648 269748    0    0 243546     8 17006 17976 10 87  1  3  0
 8  5 2097148 139908    632 270624    4    4 235821    12 16488 16422  9 88  0  3  0
31  2 2097148 140864    628 269028    0    0 219241     0 16165 15838  9 87  1  4  0
 9  1 2097148 139352    616 269392    0    0 219559   136 16564 16524  9 87  1  4  0
 6  2 2097148 141648    624 267940    0    0 222887     8 16319 16186  8 88  1  3  0
 5  2 2097148 140004    696 269260    0    0 222321     8 16400 16685  9 87  1  4  0
16  1 2097148 141496    684 268324    0    0 219477     4 16714 16545 13 84  1  3  0
75  1 2097148 140648    672 267120    0    0 176065     0 14291 16873 11 83  3  3  0
 9  1 2097148 141284    660 267728    0    0 172187    28 13893 16627  9 85  3  3  0
 8  0 2097148 140652    620 268932    0    0 182653     0 14363 17521 10 83  4  3  0
 7  2 2097148 141200    616 267588    0    0 189313     8 14639 17280 12 83  2  3  0
procs -----------memory---------- ---swap-- -----io---- -system-- ------cpu-----
 r  b   swpd   free   buff  cache   si   so    bi    bo   in   cs us sy id wa st
 7  0 2097148 142064    612 267420    0    0 174346     8 14090 17307  9 84  4  3  0
67  0 2097148 142304    608 265652    0    0 178923     8 14527 16680  8 85  3  4  0
 6  2 2097148 141316    596 266708    0    0 170753    32 14315 16679  9 86  3  3  0
 6  0 2097148 140696    652 267816    0    0 180825     8 14671 16980 10 83  3  3  0
31  1 2097148 143052    644 266068    0    0 169083     8 14506 16252  9 84  3  3  0
 7  0 2097148 139948    636 268912    0    0 177652     0 14070 16204  9 86  3  3  0
 8  1 2097148 141224    672 269072    0    0 171969    12 14278 16062 10 85  3  3  0
68  2 2097148 140300    668 269552    0    0 171377    96 14274 15627  9 86  2  3  0
42  2 2097148 141452    308 267716    0    0 176563    16 13963 16316  9 86  3  3  0
 8  3 2097148 140400    304 269516    0    0 180971    12 14042 16238  9 87  2  3  0
 6  3 2097148 141504    480 267400    0    0 179974    12 13851 16564 10 85  2  3  0
 7  2 2097148 140184    456 268328    0    0 173896    12 13632 16260 10 85  2  3  0
 7  4 2097148 142904    444 267072    0    0 179420   136 14108 16682  9 86  2  3  0
 8  4 2097148 140612    592 272408    4    4 222277   624 15561 16288  8 87  1  4  0
 6  6 2097148 140208    720 265068    0    0 234751   576 18009 17129 10 86  0  4  0
 8  0 2097148 142712    616 268180    0    0 175396     0 14180 16563 11 81  3  6  0
 8  2 2097148 139628    600 268528    0    0 206024    12 15590 17858 10 84  3  3  0
 6  1 2097148 142516    644 265012    0    0 176243   140 13872 18296  9 82  5  4  0
11  2 2097148 140192    644 267488    0    0 172991     0 13549 17210 10 85  3  2  0
 6  1 2097148 139932    644 266604    0    0 171173     8 13956 16511  9 86  2  3  0
 7  2 2097148 140592    636 266432    0    0 171597     0 13594 16440  8 86  2  3  0
procs -----------memory---------- ---swap-- -----io---- -system-- ------cpu-----
 r  b   swpd   free   buff  cache   si   so    bi    bo   in   cs us sy id wa st
10  2 2097148 141632    628 265500    0    0 169788    44 14164 16415 10 85  2  3  0
24  0 2097148 142368    620 267488    0    0 176277    28 13942 16760 10 84  3  3  0
 7  0 2097148 141292    612 267516    0    0 175139     8 13890 16653  9 84  3  3  0
 7  1 2097148 139708    608 268548    0    0 168553    16 14190 17191 10 83  3  3  0
 6  3 2097148 142804    596 264708    0    0 166146     0 13650 16417 10 83  3  3  0
 5  3 2097148 139240    596 268112    0    0 177204    56 14077 17252 10 84  4  3  0
 8  0 2097148 140700    588 267116    0    0 177354    32 14365 16417  8 85  3  4  0
 7  3 2097148 140176    732 267304    0    0 187965    12 15520 16595  9 87  2  3  0
13  0 2097148 141000    716 269024    0    0 211249    12 15419 16033  9 89  0  2  0
21  0 2097148 140256    676 269084    0    0 198789     4 15326 15505  9 89  0  2  0
11  5 2097148 139796    656 269452    0    0 220651    12 16218 15624 10 88  0  2  0
138 310 2097148 142228    636 267896    4    4 235139   100 16557 15573  8 90  0  2  0
11  4 2097148 140668    672 268688    0    0 231907     4 15374 15779  9 88  0  3  0
 9  6 2097148 140144    664 268312    0    0 214614    12 16018 16254  9 89  0  2  0
25  1 2097148 141420    652 268432    0    0 223683     8 16234 16317  8 89  1  2  0
 8  0 2097148 139864    656 269820    4    4 233588    16 16257 16260 10 88  0  2  0
10  0 2097148 140640    636 268700    0    4 220674    48 15736 16299 10 88  0  2  0
 7  2 2097148 139652    660 266864    0    0 182321    16 14082 16131  9 86  2  2  0
 7  4 2097148 140948    640 268172    4    4 196705    16 14244 15870  9 86  2  3  0
 5  0 2097148 141080    616 267584    0    0 172878    20 13957 16639 10 82  4  4  0
 9  2 2097148 141284    612 269788    0    0 184784     0 14226 17074 10 83  3  4  0
procs -----------memory---------- ---swap-- -----io---- -system-- ------cpu-----
 r  b   swpd   free   buff  cache   si   so    bi    bo   in   cs us sy id wa st
15  0 2097148 140048    624 268284    0    0 180429   136 16608 21532  9 84  4  3  0
 8  9 2097148 140008    612 268216    0    0 179834     0 14306 16326  8 85  3  3  0
 8  1 2097148 140124    608 268076    0    0 169781     8 15623 19862  9 83  4  4  0
31  3 2097148 140692    608 269608    0    0 169668     8 14523 16394 10 83  3  4  0
 8  1 2097148 140140    656 269432    0    0 175933    16 14206 16319  8 85  3  4  0
 5  1 2097148 140884    628 266548    0    0 178732    52 13965 17760 10 82  4  4  0
 9  1 2097148 140944    624 265976    0    0 182738     8 14209 17702  9 84  4  3  0
 7  0 2097148 139828    620 266408    0    0 183657    12 14247 18221  9 84  4  3  0
 6  2 2097148 140824    600 266464    0    0 179642     0 14123 17240  9 84  4  3  0
 8  3 2097148 142216    596 265304    0    0 175808     0 14107 16924  9 84  4  3  0
 8  2 2097148 139976    580 268044    0    0 185123    20 14666 17012  9 85  3  3  0
14  2 2097148 140244    560 267312    0    0 185163    12 13980 16829  9 85  3  3  0
 7  0 2097148 140324    552 266592    0    0 174844     0 13685 16644  8 84  3  4  0
 6  0 2097148 140276    552 267568    0    0 174968     8 14587 16696  9 84  4  3  0
 7  2 2097148 141200    576 265732    0    0 169284    60 14078 16296  9 86  2  3  0
20  3 2097148 139736    556 266384    0    0 180035    40 13688 16498  9 85  2  3  0
 7  1 2097148 141716    560 265584    0    0 189448    28 14231 16940  9 86  2  3  0
 9  0 2097148 140156    556 268172    0    0 180899     8 13638 16828  9 85  2  3  0
 6  1 2097148 140656    552 265936    0    0 175516     0 13981 17076 10 84  3  3  0
 8  0 2097148 140176    548 267332    0    0 175983     8 14350 16891  9 85  3  3  0
 9  0 2097148 141192    640 268588    0    0 174971    40 14301 16977  9 85  3  3  0
procs -----------memory---------- ---swap-- -----io---- -system-- ------cpu-----
 r  b   swpd   free   buff  cache   si   so    bi    bo   in   cs us sy id wa st
38  0 2097148 140368    640 268272    0    0 171266     0 14108 16461  9 84  3  3  0
 7  0 2097148 141328    628 269032    0    0 165403     8 14085 16026  9 85  2  3  0
 7  1 2097148 139824    620 269044    0    0 172348     0 14641 16773 10 85  2  3  0
134  1 2097148 140684    600 269196    0    0 171033     0 14954 16480  8 86  2  3  0
10  2 2097148 141396    592 267156    0    0 171455    40 14164 16223  8 85  3  3  0
 8  0 2097148 140860    684 269708    0    0 209781     4 16583 16840 10 86  1  3  0
 8  2 2097148 140960   1036 268976    0    0 215767     4 15997 15743  9 87  1  3  0
247  1 2097148 141764    668 269692    0    0 226422     0 17151 16751  9 87  1  3  0
10  2 2097148 140336    664 270488    4    4 235864     4 16135 16614  9 87  0  3  0
38  1 2097148 140628    664 268176    0    0 228243    16 16674 16577 10 86  1  4  0
13  3 2097148 139472    696 269464    0    0 234368   180 16529 16855  9 88  0  2  0
109  2 2097148 140088    628 268852    0    0 228107   168 17004 17194  9 87  1  4  0
 7  6 2097148 140492    624 267260    0    0 210618     4 16145 15901  9 88  0  3  0
 7  7 2097148 140060    664 270016    0    0 207030     4 15658 15183  8 88  0  4  0
 6  5 2097148 140532    620 268996    0    0 224448     4 16970 18158  9 87  1  4  0
 9  2 2097148 140752    612 268500    0    0 249117     0 17526 17990  9 87  1  3  0
 7  2 2097148 139888    264 268156    0    0 213613    24 15629 15202  9 88  0  2  0
 7  2 2097148 141944    388 267024    0    0 174328    12 15498 17037 10 86  2  2  0
51  0 2097148 139924    568 267604    0    0 168570    12 14859 16441  9 86  2  3  0
 5  4 2097148 140640    612 268460    0    0 184165     8 14865 16433  9 85  3  4  0
 6  3 2097148 140628    596 267612    0    0 167545    20 14321 16918 10 84  3  4  0
procs -----------memory---------- ---swap-- -----io---- -system-- ------cpu-----
 r  b   swpd   free   buff  cache   si   so    bi    bo   in   cs us sy id wa st
 9  3 2097148 141408    568 265612    0    0 173333   100 14471 17327  9 85  3  3  0
35  4 2097148 141344    568 266620    0    0 171213    12 13981 16248  9 84  3  3  0
 6  2 2097148 140760    540 267608    0    0 186457    12 14440 17516  9 84  4  4  0
 8  0 2097148 140380    540 266980    0    0 177790    12 14281 16644  9 84  3  4  0
 6  1 2097148 139996    536 266856    0    0 176379     0 14241 16925  9 83  4  3  0
 7  3 2097148 143304    556 266088    0    0 171737   120 13914 16888 10 83  3  4  0
115 225 2097148 140720    544 267516    0    0 173081     0 14142 16801  8 86  3  3  0
 7  0 2097148 140648    544 266336    0    0 175710     8 14253 17763 10 83  4  3  0
 9  1 2097148 139236    536 266932    4    4 192923    16 14605 16624  9 84  3  3  0
 7  5 2097148 142192    480 267548    0    0 171753     8 14032 16915 10 83  3  4  0
 8  2 2097148 140848    472 268340    0    0 169421    40 14298 16685 10 82  2  6  0
 7  3 2097148 141004    536 268824    0    0 171010     8 13765 16634  9 84  3  4  0
 6  9 2097148 140708    532 267688    0    0 172301     0 13872 17587  9 84  4  4  0
 5  8 2097148 141068    536 268268    0    0 181179     0 14756 17043 10 84  3  3  0
57  4 2097148 141720    584 268720    0    0 169089     8 14214 16073  8 84  3  5  0
 7  6 2097148 139752    620 269232    0    0 171600   120 13952 15680  8 87  2  2  0
 9  1 2097148 140052    604 268376    0    0 173707    12 14161 15994  9 86  2  3  0
 7  1 2097148 140932    580 267252    0    0 177669    12 14431 15954 10 86  2  3  0
32  0 2097148 140120    568 265592    0    0 183435     0 14497 16315  9 86  2  3  0
 8  6 2097148 140024    660 269600   16   16 267671   864 17644 17609 10 85  1  4  0
11  4 2097148 140096    724 265836    0    0 262913   324 18922 17748  9 86  0  4  0
procs -----------memory---------- ---swap-- -----io---- -system-- ------cpu-----
 r  b   swpd   free   buff  cache   si   so    bi    bo   in   cs us sy id wa st
11  3 2097148 141948   1060 271156    0    0 208487   104 15245 15936  9 87  1  4  0
 7  4 2097148 141372    708 269380    0    0 236194    36 16940 19108 10 83  3  4  0
15  2 2097148 139864    664 270668    0    0 213044    32 15824 18643 10 83  3  4  0
 9  1 2097148 139408    648 270088    0    0 218525     4 16232 15875  9 87  1  4  0
10  1 2097148 142064    708 268004    0    0 235774    76 17578 16865  9 88  0  3  0
 9  2 2097148 140832    680 269044    0    0 231067    64 16609 15813  9 87  1  3  0
12  1 2097148 139744    672 269980    0    0 224452     8 17292 17276  9 87  1  3  0
12  1 2097148 140280    644 269688    0    0 237514     0 17115 16178  8 88  1  3  0
49  4 2097148 139624    700 268756    4    4 210241    12 16172 15788  9 86  0  4  0
 7  4 2097148 141084    688 266516    0    0 173021    12 14059 15582  9 85  3  3  0
 7  0 2097148 141140    676 269248    0    0 169187    24 14855 16158  9 85  3  3  0
 6  3 2097148 141120    676 268280    0    0 173020     8 14519 15993  9 85  2  3  0
 9  0 2097148 141152    644 266704    4    4 180907    12 14533 16246  9 85  2  4  0
 5  2 2097148 140516    640 266688    0    0 188432     0 14921 16874  9 85  2  4  0
 8  1 2097148 140300    636 266872    0    0 173472    12 14396 16394  9 86  2  2  0
25  4 2097148 140724    636 268716    0    0 170171    28 14319 16120  9 86  2  3  0
36  0 2097148 141204    600 267316    0    0 175956     8 13772 15905  9 86  2  3  0
 7  2 2097148 140308    584 266360    0    0 181188    12 13713 16032  9 86  3  2  0
 7  1 2097148 139476    628 268460    0    0 182502     4 14459 16329 10 85  2  3  0
 7  0 2097148 140092    628 268444    0    0 181482    16 14231 16218  9 86  2  3  0
23  3 2097148 140632    644 268444    0    0 178616   120 14046 15764 10 85  2  3  0
procs -----------memory---------- ---swap-- -----io---- -system-- ------cpu-----
 r  b   swpd   free   buff  cache   si   so    bi    bo   in   cs us sy id wa st
85  0 2097148 140376    644 267244    0    0 184532    12 14588 16328 10 85  3  3  0
 7  2 2097148 141056    652 268924    0    0 178800   172 14318 15315  9 87  1  3  0
 9  0 2097148 139756    632 266924    0    0 180009    24 14649 16647  9 88  1  2  0
 7  0 2097148 140316    592 267468    0    0 180102    24 14208 17148  8 85  3  3  0
 7  3 2097148 140292    588 267804    0    0 183113     8 14665 17289 10 84  3  3  0
131  4 2097148 141328    588 268008    0    0 176680     8 14632 16435  9 85  3  3  0
 7  0 2097148 140440    604 267616    0    0 185084   144 14317 17084  9 84  3  4  0
 6  2 2097148 142196    596 266556    0    0 180411     0 14222 17027  9 84  4  3  0
 8  2 2097148 140056    592 268568    0    0 179484     8 14114 17067  9 84  3  3  0
10  4 2097148 140112    588 268704    0    4 208418    16 15532 16486  8 86  2  4  0
16  7 2097148 140888    644 267548    0    0 182770     8 14866 16837 10 84  3  4  0
 7  0 2097148 141796    592 267412    0    0 182229    28 14520 18024  9 84  3  3  0
 7  1 2097148 140380    580 269032    0    0 181192    12 14249 17361  9 84  3  4  0
 8  1 2097148 140592    580 266884    0    0 172501    12 14557 16263  8 86  2  4  0
 6  1 2097148 140996    580 267860    0    0 174464     8 14870 16453  9 85  3  3  0
 6  2 2097148 140224    580 268728    0    0 177527     0 14427 15823  9 86  2  3  0
 7  0 2097148 140028    584 267252    0    0 183906    36 14307 16102 10 85  2  3  0
 8  0 2097148 141056    564 268196    0    0 180859    24 13778 16946  9 84  4  4  0
 8  0 2097148 139300    560 268120    0    0 186335     0 14575 17147  8 85  3  3  0
 9  5 2097148 141524    532 268468    8    8 193013    16 14504 17002  8 86  2  3  0
21  1 2097148 139496    524 268984    0    0 180598    20 14280 16407  9 86  2  3  0
procs -----------memory---------- ---swap-- -----io---- -system-- ------cpu-----
 r  b   swpd   free   buff  cache   si   so    bi    bo   in   cs us sy id wa st
23  4 2097148 139964    572 268300    0    0 217740    76 15935 16199 10 87  1  2  0
 9  2 2097148 139536   1092 269156    0    0 232746    60 16199 15590  8 89  0  2  0
13  5 2097148 140192    624 270132    0    0 232058     0 16450 16086  9 88  0  2  0
 8  4 2097148 140812    624 269892    0    0 216443     8 15792 16772 10 87  0  3  0
12  6 2097148 142296    612 267496    0    0 244688     0 16825 16222 10 88  0  2  0
 9  3 2097148 141176    500 269276    0    0 228338    28 15727 15890 10 88  0  2  0
12  0 2097148 139460    504 270100    0    0 213963   132 15519 15339  9 89  0  2  0
72  2 2097148 141516    492 268520    0    0 219068     0 16016 15710 10 88  0  2  0
 9  5 2097148 140272    492 269080    0    0 211048     8 15568 15079  8 90  0  2  0
12  3 2097148 139408    592 268448    0    0 220181    24 15477 16308  8 89  0  2  0
12  3 2097148 140776    588 269592    0    0 253711     0 17127 16731 10 87  0  2  0
 8  5 2097148 140180    580 269328    0    0 236183   104 16169 16305  9 89  0  2  0
121 316 2097148 139892    576 267836    0    0 225444     0 15695 16811 10 88  0  2  0
 6  4 2097148 139376    556 269344    0    0 187708    12 13909 16808 10 85  2  3  0
10  1 2097148 140208    532 268828    0    0 177132    16 14560 16539 10 84  2  4  0
 8  0 2097148 140344    560 268836    0    0 170625    16 14533 16125  8 86  2  4  0
 7  2 2097148 141096    552 268748    0    0 178229    12 14734 16548 10 84  3  3  0
52  2 2097148 141392    548 266408    0    0 182043    60 14891 17161 10 84  3  3  0
172  1 2097148 139932    544 267580    0    0 187185    12 15064 17671  9 84  4  3  0
 6  2 2097148 141600    544 267180    0    0 167175     0 13526 15931  9 83  3  5  0
 6  1 2097148 141940    544 267988    0    0 176144    12 14272 16809  9 85  3  3  0
procs -----------memory---------- ---swap-- -----io---- -system-- ------cpu-----
 r  b   swpd   free   buff  cache   si   so    bi    bo   in   cs us sy id wa st
 8  1 2097148 140592    552 267712    0    0 164107    24 14401 16701 11 82  3  3  0
 8  1 2097148 144284    544 262864    0    0 171364     0 14197 16646 16 78  3  2  0
20  1 2097148 141820    540 265496    0    0 181042     8 14565 16998  9 84  3  3  0
 7  3 2097148 141092    540 268556    0    0 165739    12 14295 15468 12 82  3  3  0
 7  1 2097148 139960    584 268580    0    0 173248     8 14275 16291  9 85  3  3  0
10  0 2097148 142044    572 266976    0    0 168257     0 13713 15625  9 85  3  3  0
 6  4 2097148 142372    580 266800    0    0 181665    68 14149 17372  9 84  4  3  0
 8  3 2097148 141176    572 269312    0    0 170566     8 14393 16346 13 82  2  3  0
 7  2 2097148 140016    588 268876    0    0 175932     4 14271 16151  9 86  2  3  0
33  1 2097148 140852    620 268612    0    0 171039    12 13688 15735  9 86  1  3  0
 8  0 2097148 141008    604 267844    0    0 164270    20 13532 15771 10 86  2  3  0
 6  2 2097148 141356    596 267476    0    0 176049   120 14079 16726  9 85  3  3  0
 8  6 2097148 140508    604 268880    0    0 172504     0 14119 17184 10 83  3  3  0
 4  8 2097148 140296    588 269644    0    0 182582    20 14458 17367  9 84  3  3  0
151  1 2097148 140272    584 268496    0    0 178191     0 14442 16548  9 84  3  4  0
 8  0 2097148 141932    584 265952    0    0 170997     8 14396 15769  9 85  2  4  0
 8  3 2097148 140112    584 268400    0    0 171723   116 14186 16933 10 84  4  3  0
 6  6 2097148 141272    576 267660    0    0 167808    20 14378 16460  9 85  3  3  0
 6  7 2097148 141904    684 268456    0    0 188515     8 14874 15557  8 87  2  3  0
70 182 2097148 140760    956 267764   20    0 227166    40 16674 17076 10 87  1  3  0
12  1 2097148 139356    680 268112   12    4 253592   168 17127 16236  9 89  0  2  0
procs -----------memory---------- ---swap-- -----io---- -system-- ------cpu-----
 r  b   swpd   free   buff  cache   si   so    bi    bo   in   cs us sy id wa st
10  4 2097148 140932    652 267968    0    0 251147    64 17098 15470  9 89  0  2  0
 6  6 2097148 141360    640 265860    0    0 260692     8 16240 15989  9 87  0  3  0
 9  1 2097148 140204    644 268060    0    0 261984     8 16192 16674  9 88  0  2  0
 6  9 2097148 140268    676 267408    0    0 284279   156 16431 16860  9 88  0  2  0
12  3 2097148 139756    680 268560    0    0 298390   632 18363 16201  9 89  0  2  0
25  3 2097148 139920    676 266336    0    0 303596   544 18273 16368 10 89  0  2  0
12  6 2097148 139876    672 264832    0    0 324261    96 19688 15705 10 88  0  1  0
12  2 2097148 140112    708 264064    0    0 253017     0 16563 15551  9 89  0  1  0
23  4 2097148 140200    696 262272    0    0 296027     4 18194 15575 10 88  0  2  0
45  4 2097148 140088    708 270040    0    0 313805    84 18545 16902 10 87  0  2  0
35  2 2097148 140760    700 268996    0    0 290567     4 18891 16961 10 87  0  2  0
25  3 2097148 140444    736 268164    0    0 319008     8 18757 17435 10 87  1  2  0
 9  6 2097148 141708    724 267056    0    0 333295     8 18646 17601 10 87  0  2  0
11  4 2097148 141056    664 267064    0    0 321823     8 18533 17684  9 88  0  2  0
 8  5 2097148 141120    648 265504    0    0 303666    24 18018 16429 10 88  0  2  0
21  3 2097148 141704    588 266900    0    0 293645     4 17902 17039 10 88  0  2  0
13  2 2097148 139976    584 267236    0    0 254454     8 16073 14881  8 89  0  3  0
36  3 2097148 141104    584 266572    0    0 270407     4 17362 16652  8 89  0  2  0
 4 11 2097148 140452    956 266176    0    0 246458     0 15535 16099  9 88  0  2  0
15  7 2097148 141480    572 265684    0    0 297423    32 17100 15951  9 88  0  3  0
 9  6 2097148 139496    564 267360    0    0 295902     8 17406 16190 10 87  0  2  0
procs -----------memory---------- ---swap-- -----io---- -system-- ------cpu-----
 r  b   swpd   free   buff  cache   si   so    bi    bo   in   cs us sy id wa st
86  8 2097148 140324    564 267644    0    0 255438     4 16252 16928 10 88  0  2  0
 6  9 2097148 139676    824 267800    0    0 261169     8 16019 15870  9 87  0  3  0
 8  7 2097148 140008    560 268068    0    0 237459     4 15891 15353 10 85  0  4  0
28  3 2097148 140224    708 267388    0    0 240506     8 15736 15913 10 86  1  4  0
38  5 2097148 139940    692 267384    0    0 243921    24 15832 15823  9 87  0  4  0
 9  4 2097148 140652    708 267132    0    0 247602     8 15222 15327 11 86  1  3  0
12  2 2097148 140224    644 267256    0    0 237889     0 15499 15576 13 83  1  3  0
45  3 2097148 139960    640 267428    0    0 252021     8 16252 16843  9 88  0  3  0
 8  5 2097148 140216    636 265740    0    0 252402     8 15476 16596  9 88  0  3  0
