procs -----------memory---------- ---swap-- -----io---- -system-- ------cpu-----
 r  b   swpd   free   buff  cache   si   so    bi    bo   in   cs us sy id wa st
 1  0  95688 10676764  54968 1154700    4   34   400    92  364   18  7  3 90  0  0
 1  0  95688 10539272  56044 1227432   12    0 22704   136 8447 22440 10  5 85  0  0
14  0  95688 10539272  56044 1227592    0    0     0     0 1187 1670  3  1 96  0  0
 0  0  95688 10543368  56044 1218776    0    0     0     0 1149 1611  3  0 97  0  0
 0  0  95688 10542864  56044 1218776    0    0     0     0 1143 1610  3  0 97  0  0
 0  0  95688 10542864  56044 1218776    0    0     0     0 1185 1667  3  0 97  0  0
 0  0  95688 10520560  56148 1227964    0    0    40 16056 2126 3499  6  1 93  0  0
 0  0  95688 10519328  56148 1228168    0    0     0     0 1508 2312  3  1 96  0  0
 3  0  95688 10515100  56148 1228016    0    0     0     0 1992 3124  5  1 94  0  0
 1  0  95688 10512104  56148 1228248    0    0     0     0 2220 3491  6  1 94  0  0
 0  0  95688 10509388  56148 1228252    0    0     0     0 2130 3229  5  1 94  0  0
 0  0  95688 10506140  56156 1228252    0    0     0    20 2074 3350  5  1 94  0  0
 0  0  95688 10500988  56156 1228264    0    0     0    12 2212 3388  6  1 94  0  0
 0  0  95688 10497964  56156 1228272    0    0     0     0 2072 3228  6  0 94  0  0
 0  0  95688 10493680  56156 1228340    0    0     0     0 2497 3862  6  1 94  0  0
 1  0  95688 10491160  56156 1228344    0    0     0     0 1745 2621  4  0 95  0  0
 0  0  95688 10488444  56156 1228348    0    0     0     0 2038 3114  5  1 94  0  0
 0  0  95688 10487688  56164 1228356    0    0     0    28 1784 2658  3  1 96  0  0
 0  0  95688 10487184  56164 1228356    0    0     0     0 2099 3192  4  1 96  0  0
 0  0  95688 10486932  56164 1228432    0    0     0     0 2192 3502  5  1 95  0  0
 0  0  95688 10486176  56164 1228436    0    0     0     0 1973 3168  4  1 95  0  0
procs -----------memory---------- ---swap-- -----io---- -system-- ------cpu-----
 r  b   swpd   free   buff  cache   si   so    bi    bo   in   cs us sy id wa st
15  0  95688 10485672  56164 1228376    0    0     0     0 2037 3262  5  0 95  0  0
 0  0  95688 10484916  56172 1228384    0    0     0    12 2099 3318  4  1 95  0  0
 0  0  95688 10484412  56172 1228900    0    0     0     0 1966 3159  5  0 95  0  0
 0  0  95688 10484160  56172 1228912    0    0     0     0 2283 3658  5  1 94  0  0
 0  0  95688 10484676  56172 1228400    0    0     0     0 1652 2485  4  0 96  0  0
 0  0  95688 10483444  56172 1228408    0    0     0     0 2022 3142  4  1 95  0  0
 0  0  95688 10483444  56180 1228408    0    0     0    12 1697 2629  3  1 96  0  0
 0  0  95688 10482688  56180 1228480    0    0     0   152 2069 3227  4  1 96  0  0
 1  0  95688 10482688  56180 1228484    0    0     0     0 2314 3712  5  1 94  0  0
 0  0  95688 10482688  56180 1228428    0    0     0     0 1988 3093  4  1 95  0  0
 0  0  95688 10482688  56180 1228496    0    0     0    84 2082 3236  4  1 95  0  0
 0  0  95688 10482184  56192 1228448    0    0     4   184 2150 3353  4  1 95  0  0
 0  0  95688 10481932  56192 1228456    0    0     0     0 2004 3156  4  1 95  0  0
13  0  95688 10481680  56192 1228460    0    0     0     0 2325 3753  5  1 94  0  0
 0  0  95688 10481176  56256 1228400    0    0     0   356 1689 2691  4  0 96  0  0
 0  0  95688 10481176  56256 1228468    0    0     0     0 1961 3033  4  1 95  0  0
 0  0  95688 10481176  56256 1228472    0    0     0   100 1796 2733  4  0 96  0  0
 4  0  95688 10481176  56256 1228560    0    0     0     0 2057 3167  5  1 95  0  0
 1  0  95688 10481176  56256 1228572    0    0     0     0 2159 3548  5  1 95  0  0
 0  0  95688 10481176  56264 1228428    0    0     0    20 1933 3079  4  1 95  0  0
 0  0  95688 10481176  56264 1228432    0    0     0     0 2035 3241  4  0 95  0  0
procs -----------memory---------- ---swap-- -----io---- -system-- ------cpu-----
 r  b   swpd   free   buff  cache   si   so    bi    bo   in   cs us sy id wa st
 0  0  95688 10480924  56264 1228440    0    0     0     0 2039 3197  5  1 94  0  0
 0  0  95688 10480924  56264 1228448    0    0     0    48 2026 3207  5  1 95  0  0
 0  0  95688 10480928  56264 1228456    0    0     0     0 2253 3574  5  0 95  0  0
 0  0  95688 10480928  56264 1228460    0    0     0     0 1709 2569  4  1 95  0  0
 0  0  95688 10480928  56272 1228532    0    0     0    44 1959 3095  4  1 95  0  0
 0  0  95688 10480928  56272 1228532    0    0     0     0 1767 2658  4  1 95  0  0
 0  0  95688 10480928  56272 1228540    0    0     0    32 2047 3316  4  1 95  0  0
 0  0  95688 10480928  56272 1229056    0    0     0     0 2185 3546  4  1 95  0  0
 0  0  95688 10480676  56272 1228552    0    0     0     0 1965 3114  5  1 94  0  0
 0  0  95688 10480676  56280 1228560    0    0     0    20 1998 3273  4  1 95  0  0
 0  0  95688 10480676  56280 1228564    0    0     0     0 2063 3282  5  0 95  0  0
 0  0  95688 10480676  56280 1228568    0    0     0    40 1909 3048  4  1 95  0  0
 0  0  95688 10480452  56280 1228580    0    0     0     0 2262 3659  5  1 94  0  0
 0  0  95688 10480452  56280 1228580    0    0     0     0 1662 2552  3  1 96  0  0
 0  0  95688 10480452  56288 1228652    0    0     0    20 2012 3166  4  1 95  0  0
 1  0  95688 10480452  56288 1228652    0    0     0     0 1753 2663  4  1 95  0  0
 0  0  95688 10480200  56288 1228596    0    0     0    36 2002 3133  4  0 95  0  0
 1  0  95688 10480200  56288 1228600    0    0     0     0 2287 3587  5  1 94  0  0
 0  0  95688 10480200  56288 1228608    0    0     0     0 1980 3124  5  1 94  0  0
 0  0  95688 10480200  56296 1228612    0    0     0    20 2065 3424  4  0 96  0  0
 0  0  95688 10479948  56296 1228620    0    0     0     0 2013 3254  4  1 95  0  0
procs -----------memory---------- ---swap-- -----io---- -system-- ------cpu-----
 r  b   swpd   free   buff  cache   si   so    bi    bo   in   cs us sy id wa st
 0  0  95688 10479948  56296 1228628    0    0     0     0 1982 3115  4  1 96  0  0
 0  0  95688 10479696  56296 1228636    0    0     0    40 2323 3794  6  0 94  0  0
 0  0  95688 10479696  56296 1228636    0    0     0     0 1711 2607  4  0 96  0  0
 0  0  95688 10479192  56304 1228644    0    0     0    28 1987 3122  4  1 95  0  0
 0  0  95688 10479192  56304 1228648    0    0     0     0 1802 2789  4  0 95  0  0
 0  0  95688 10478940  56304 1228588    0    0     0     0 2002 3169  4  1 95  0  0
 1  0  95688 10478940  56304 1228592    0    0     0    32 2237 3608  5  1 94  0  0
 0  0  95688 10478688  56304 1228600    0    0     0     0 1925 3082  4  1 96  0  0
 1  0  95688 10478688  56312 1228444    0    0     0    20 2028 3244  5  1 95  0  0
 0  0  95688 10478436  56312 1228612    0    0     0     0 2034 3207  5  0 95  0  0
 0  0  95688 10478436  56312 1229144    0    0     0     0 1880 3076  4  0 96  0  0
 0  0  95688 10478436  56312 1229068    0    0     0    44 2230 3613  5  1 94  0  0
 0  0  95688 10474088  56312 1228972    0    0     0     0 1717 2683  3  1 96  0  0
 1  0  95688 10473836  56320 1228716    0    0     0    28 2009 3109  4  1 95  0  0
 0  0  95688 10473584  56320 1228732    0    0     0    28 1744 2611  3  1 95  0  0
 0  0  95688 10473080  56320 1228756    0    0     0     0 2046 3189  5  0 95  0  0
 0  0  95688 10472604  56320 1228680    0    0     0    32 2280 3700  5  1 95  0  0
 0  0  95688 10472352  56320 1228684    0    0     0     0 1965 3092  4  0 96  0  0
 0  0  95688 10472352  56328 1228748    0    0     0    72 2030 3325  5  1 95  0  0
 0  0  95688 10472352  56328 1228760    0    0     0     0 1991 3235  4  1 95  0  0
 0  0  95688 10471848  56328 1228768    0    0     0     0 2042 3271  5  1 94  0  0
procs -----------memory---------- ---swap-- -----io---- -system-- ------cpu-----
 r  b   swpd   free   buff  cache   si   so    bi    bo   in   cs us sy id wa st
 0  0  95688 10471848  56328 1228772    0    0     0    44 2328 3728  5  1 94  0  0
 6  0  95688 10471624  56328 1228776    0    0     0     0 1689 2534  3  1 96  0  0
 0  0  95688 10471624  56336 1228780    0    0     0    20 1967 3156  4  0 96  0  0
 0  0  95688 10471624  56336 1228784    4    0     4     0 1755 2641  4  1 96  0  0
 2  0  95688 10471624  56336 1228796    0    0     0     0 2046 3322  5  1 95  0  0
 0  0  95688 10471624  56336 1228800    0    0     0     0 2241 3607  4  1 95  0  0
 0  0  95688 10471372  56336 1228812    0    0     0    36 1893 3084  4  0 96  0  0
 0  0  95688 10471372  56344 1228808    0    0     0    44 2084 3332  4  1 95  0  0
 0  0  95688 10470868  56344 1228676    0    0     0     0 2016 3211  5  1 95  0  0
 0  0  95688 10470616  56344 1228908    0    0     0     0 1999 3204  4  1 95  0  0
 0  0  95688 10470364  56344 1228916    0    0     0     0 2187 3596  6  0 94  0  0
 0  0  95688 10469860  56344 1228856    0    0     0    40 1780 2686  3  1 96  0  0
 0  0  95688 10465512  56352 1228860    0    0     0    24 2030 3242  4  1 95  0  0
 0  0  95688 10465512  56352 1228864    0    0     0     8 1699 2587  4  1 95  0  0
 0  0  95688 10465512  56352 1228872    0    0     0     0 2092 3293  4  1 95  0  0
 0  0  95688 10465008  56352 1229456    0    0     0     0 2242 3527  4  1 95  0  0
 0  0  95688 10464756  56356 1228892    0    0     4    36 1975 3073  4  1 95  0  0
 0  0  95688 10464756  56356 1228900    0    0     0     0 2078 3256  4  0 95  0  0
 0  0  95688 10464504  56364 1228904    0    0     0    40 2002 3189  5  1 95  0  0
 0  0  95688 10464252  56364 1228976    0    0     0     0 2021 3261  4  1 95  0  0
 0  0  95688 10464252  56364 1228920    0    0     0     0 2249 3599  5  0 95  0  0
procs -----------memory---------- ---swap-- -----io---- -system-- ------cpu-----
 r  b   swpd   free   buff  cache   si   so    bi    bo   in   cs us sy id wa st
 1  0  95688 10464252  56364 1228924    0    0     0     0 1741 2635  4  0 95  0  0
 0  0  95688 10464252  56364 1228928    0    0     0    40 1864 3002  5  1 95  0  0
 0  0  95688 10464252  56372 1228928    0    0     0    40 1782 2648  4  0 96  0  0
 0  0  95688 10464000  56372 1228932    0    0     0     0 2009 3126  5  0 95  0  0
 0  0  95688 10464000  56372 1228944    0    0     0     0 2217 3541  5  1 95  0  0
 1  0  95688 10463748  56372 1228948    0    0     0     0 1916 2969  4  1 95  0  0
 0  0  95688 10463496  56372 1229020    0    0     0    36 2178 3391  5  1 94  0  0
 0  0  95688 10463244  56380 1229024    0    0     0    20 2076 3361  5  1 95  0  0
 0  0  95688 10462992  56380 1228968    0    0     0     0 1947 3087  5  0 95  0  0
 0  0  95688 10462992  56380 1229036    0    0     0     0 2286 3622  5  1 94  0  0
 0  0  95688 10462488  56380 1229040    0    0     0     0 1736 2627  4  1 95  0  0
 0  0  95688 10462488  56380 1228980    0    0     0    36 1969 3078  4  1 95  0  0
 0  0  95688 10461732  56388 1228976    0    0     0    20 1752 2693  4  1 95  0  0
 1  0  95688 10461732  56388 1229008    0    0     0     0 1984 3130  4  1 95  0  0
 0  0  95688 10461480  56388 1228936    0    0     0     0 2171 3492  4  1 95  0  0
 0  0  95688 10461480  56388 1228940    0    0     0     0 1953 3097  4  1 95  0  0
 0  0  95688 10461480  56388 1229012    0    0     0    36 2093 3311  5  1 95  0  0
 0  0  95688 10461480  56396 1229008    0    0     0    20 2060 3335  4  1 95  0  0
 0  0  95688 10461228  56396 1229536    0    0     0     0 1998 3106  5  1 95  0  0
 0  0  95688 10460976  56396 1229280    0    0     0     0 2263 3524  5  0 95  0  0
 0  0  95688 10460724  56396 1229032    0    0     0     0 1712 2632  4  1 96  0  0
procs -----------memory---------- ---swap-- -----io---- -system-- ------cpu-----
 r  b   swpd   free   buff  cache   si   so    bi    bo   in   cs us sy id wa st
 1  0  95688 10460724  56396 1229040    0    0     0    40 1924 2995  4  1 95  0  0
 0  0  95688 10460724  56396 1228976    0    0     0     0 1801 2729  4  1 95  0  0
 0  0  95688 10460220  56404 1228984    0    0     0    32 2064 3258  4  1 95  0  0
 1  0  95688 10460220  56404 1228996    0    0     0     0 2142 3492  4  1 95  0  0
 0  0  95688 10455872  56404 1229064    0    0     0     0 1922 3001  5  1 95  0  0
 0  0  95688 10455872  56404 1229068    0    0     0    32 2070 3277  5  1 95  0  0
 0  0  95688 10455368  56404 1229080    0    0     0     0 2035 3187  4  1 95  0  0
 0  0  95688 10454864  56412 1229088    0    0     0    20 1954 3097  4  0 96  0  0
 0  0  95688 10454612  56412 1229096    0    0     0     0 2137 3488  5  0 95  0  0
 0  0  95688 10454360  56412 1229100    4    0     4     0 1715 2591  4  1 96  0  0
 1  0  95688 10454360  56412 1229116    0    0     0    44 1862 2910  4  1 95  0  0
 0  0  95688 10454360  56412 1229120    0    0     0     0 1684 2540  4  0 96  0  0
 0  0  95688 10454360  56420 1229120    0    0     0    56 2034 3189  4  1 95  0  0
 0  0  95688 10454360  56420 1229196    0    0     0     0 2284 3546  5  1 94  0  0
 0  0  95688 10454360  56420 1229136    0    0     0     0 1933 3027  4  0 95  0  0
 0  0  95688 10454360  56420 1229140    0    0     0    12 2003 3218  5  1 95  0  0
 0  0  95688 10454360  56420 1229152    0    0     0    36 2046 3299  5  0 95  0  0
 1  0  95688 10454360  56428 1229156    0    0     0    28 2019 3163  4  1 95  0  0
 0  0  95688 10453856  56428 1229160    0    0     0     0 2161 3474  5  1 95  0  0
 0  0  95688 10453604  56428 1229164    0    0     0     0 1648 2633  3  1 96  0  0
 1  0  95688 10449004  56428 1229172    0    0     0     0 2015 3136  5  1 95  0  0
procs -----------memory---------- ---swap-- -----io---- -system-- ------cpu-----
 r  b   swpd   free   buff  cache   si   so    bi    bo   in   cs us sy id wa st
 0  0  95688 10449004  56428 1229176    0    0     0    36 1813 2691  3  1 97  0  0
 0  0  95688 10448248  56436 1229752    0    0     0    28 2037 3294  4  1 95  0  0
 0  0  95688 10447996  56436 1229760    0    0     0     0 2164 3447  5  0 95  0  0
 0  0  95688 10447996  56436 1229192    0    0     0     0 1912 2976  4  1 95  0  0
 0  0  95688 10447996  56436 1229196    0    0     0     0 2131 3363  4  1 95  0  0
 0  0  95688 10447744  56436 1229208    0    0     0    40 2058 3231  5  1 94  0  0
 1  0  95688 10447744  56444 1229204    0    0     0    28 1997 3177  4  1 95  0  0
11  0  95688 10447744  56444 1229220    0    0     0     0 2113 3345  4  1 95  0  0
 1  0  95688 10447744  56444 1229224    0    0     0     0 1740 2686  3  1 96  0  0
 0  0  95688 10447744  56444 1229228    0    0     0     0 1954 3129  4  1 96  0  0
 0  0  95688 10446988  56444 1229228    0    0     0    32 1712 2590  4  1 96  0  0
 3  0  95688 10446988  56452 1229244    0    0     0    20 2010 3140  4  1 95  0  0
 1  0  95688 10446988  56452 1229240    0    0     0     0 2262 3545  4  1 95  0  0
 0  0  95688 10446988  56452 1229248    0    0     0     0 1917 2920  4  1 95  0  0
 0  0  95688 10446736  56452 1229256    0    0     0     0 2022 3320  5  0 95  0  0
 0  0  95688 10446736  56452 1229260    0    0     0    40 2021 3248  5  1 94  0  0
 0  0  95688 10446736  56460 1229260    0    0     0    20 1987 3170  5  1 95  0  0
 0  0  95688 10446736  56460 1229272    0    0     0     8 2164 3429  4  1 95  0  0
 1  0  95688 10446736  56460 1229280    0    0     0     0 1647 2489  3  1 96  0  0
 0  0  95688 10446736  56460 1229284    0    0     0     0 1920 2910  5  0 95  0  0
 0  0  95688 10446736  56460 1229348    0    0     0     0 1748 2566  4  1 96  0  0
procs -----------memory---------- ---swap-- -----io---- -system-- ------cpu-----
 r  b   swpd   free   buff  cache   si   so    bi    bo   in   cs us sy id wa st
 0  1  95688 10446736  56460 1229292    0    0     0    52 2089 3321  5  1 95  0  0
 0  0  95688 10446736  56468 1229296    0    0     0     4 2150 3495  4  1 95  0  0
 1  0  95688 10446736  56468 1229304    0    0     0     0 1883 2962  4  1 95  0  0
 0  0  95688 10446736  56468 1229308    0    0     0     0 2013 3144  4  1 96  0  0
 1  0  95688 10446736  56468 1229324    0    0     0     0 2020 3192  4  1 95  0  0
 0  0  95688 10446736  56468 1229324    0    0     0     0 1988 3210  4  1 95  0  0
 0  0  95688 10446736  56476 1229176    0    0     0    20 2189 3520  5  1 95  0  0
 3  0  95688 10446736  56476 1229336    0    0     0     0 1738 2634  3  1 96  0  0
 0  0  95688 10446736  56476 1229344    0    0     0     0 1875 2918  5  1 95  0  0
 0  0  95688 10446736  56476 1229408    0    0     0     0 1624 2489  3  2 96  0  0
 0  0  95688 10446736  56476 1229416    0    0     0     0 2050 3261  5  1 95  0  0
 6  0  95688 10446736  56484 1229364    0    0     0    12 2149 3420  5  1 94  0  0
 1  0  95688 10446736  56484 1229368    0    0     0     0 1906 3064  4  1 95  0  0
 1  0  95688 10446736  56484 1229372    0    0     0     0 2025 3189  4  1 95  0  0
 1  0  95688 10446736  56484 1229448    0    0     0     0 2026 3197  4  1 95  0  0
 1  0  95688 10446736  56484 1229448    0    0     0     0 2031 3270  4  1 95  0  0
 1  0  95688 10446736  56492 1229396    0    0     0    12 2227 3506  5  1 94  0  0
 1  0  95688 10446736  56492 1229396    0    0     0     0 1686 2576  4  1 95  0  0
 0  0  95688 10446736  56492 1229400    0    0     0     0 1898 2974  5  1 95  0  0
 0  0  95688 10446736  56492 1229408    0    0     0     0 1665 2547  4  1 96  0  0
 0  0  95688 10446736  56492 1229408    0    0     0     0 2008 3136  4  0 95  0  0
procs -----------memory---------- ---swap-- -----io---- -system-- ------cpu-----
 r  b   swpd   free   buff  cache   si   so    bi    bo   in   cs us sy id wa st
 0  0  95688 10446736  56500 1229424    0    0     0    12 2137 3475  4  1 95  0  0
 8  0  95688 10446736  56500 1229428    0    0     0     0 1951 3053  4  1 95  0  0
 0  0  95688 10446736  56500 1229432    0    0     0     0 1977 3078  5  1 95  0  0
 1  0  95688 10446736  56500 1229444    0    0     0     0 1980 3198  4  0 96  0  0
 0  0  95688 10446736  56500 1229444    0    0     0     0 2016 3231  4  0 95  0  0
 0  0  95688 10446736  56508 1229452    0    0     0    12 2207 3513  5  1 94  0  0
 0  0  95688 10446484  56508 1229520    0    0     0     0 1844 2753  6  0 94  0  0
 0  0  95688 10446484  56508 1229524    0    0     0     0 1865 2826  4  0 96  0  0
 0  0  95688 10446484  56508 1229468    0    0     0     0 1703 2576  4  0 96  0  0
 0  0  95688 10446484  56508 1229748    0    0     0   176 2088 3333  4  1 95  0  0
 0  0  95688 10446484  56520 1229996    0    0     0    40 2243 3602  4  1 95  0  0
 1  0  95688 10446484  56520 1229488    0    0     0     0 1976 3106  4  1 95  0  0
 0  0  95688 10446484  56520 1229276    0    0     0     0 1947 3107  4  1 95  0  0
 0  0  95688 10446484  56520 1229284    0    0     0     0 2038 3205  5  0 95  0  0
 1  0  95688 10446484  56520 1229460    0    0     0     0 2039 3286  4  1 94  0  0
 2  0  95688 10446484  56528 1229528    0    0     0    96 2199 3433  5  0 95  0  0
 1  0  95688 10446232  56528 1229532    0    0     0     0 1684 2545  4  0 95  0  0
 1  0  95688 10446232  56528 1229536    0    0     0     0 1851 2930  4  1 96  0  0
 0  0  95688 10446232  56528 1229540    0    0     0     0 1688 2541  3  1 96  0  0
 1  0  95688 10446232  56528 1229548    0    0     0     0 2090 3356  5  1 94  0  0
 1  0  95688 10446232  56528 1229552    0    0     0     0 2164 3551  4  1 95  0  0
procs -----------memory---------- ---swap-- -----io---- -system-- ------cpu-----
 r  b   swpd   free   buff  cache   si   so    bi    bo   in   cs us sy id wa st
 0  0  95688 10445980  56536 1229560    0    0     0    60 2006 3175  3  1 96  0  0
 0  0  95688 10445980  56536 1229564    0    0     0     0 2087 3225  5  1 94  0  0
 0  0  95688 10445980  56536 1229412    0    0     0     0 2001 3078  5  0 95  0  0
 0  0  95688 10445728  56536 1229576    0    0     0     0 2018 3261  4  1 95  0  0
 0  0  95688 10445476  56536 1229648    0    0     0     0 2218 3479  5  1 95  0  0
 0  0  95688 10445476  56544 1229588    0    0     0    12 1868 2771  4  1 95  0  0
 2  0  95688 10445476  56544 1229660    0    0     0     0 1945 3043  5  1 95  0  0
 0  0  95688 10445476  56544 1229660    0    0     0     0 1703 2535  4  0 96  0  0
 0  0  95688 10445476  56544 1229608    0    0     0     0 2018 3151  4  1 95  0  0
 3  0  95688 10445476  56544 1229612    0    0     0     0 2212 3614  5  1 95  0  0
 0  0  95688 10445476  56552 1229620    0    0     0    16 1943 2949  5  1 95  0  0
 1  0  95688 10445476  56552 1229628    0    0     0     0 1968 3135  4  0 95  0  0
 0  0  95688 10445476  56552 1229704    0    0     0     0 1993 3181  4  1 96  0  0
 0  0  95688 10445476  56552 1230224    0    0     0     0 2075 3280  5  1 95  0  0
 1  0  95688 10445224  56552 1230228    0    0     0     0 2131 3333  5  1 94  0  0
 0  0  95688 10445224  56560 1229648    0    0     0    12 1719 2645  3  0 96  0  0
 0  0  95688 10445224  56560 1229660    0    0     0     0 1826 2908  5  0 95  0  0
 1  0  95688 10445224  56560 1229664    0    0     0     0 1606 2356  3  1 96  0  0
 0  0  95688 10445224  56560 1229672    0    0     0     0 2064 3233  5  1 95  0  0
 1  0  95688 10445224  56560 1229676    0    0     0   176 2130 3480  4  1 95  0  0
 0  0  95688 10445224  56572 1229692    0    0     0    32 1826 2843  4  1 96  0  0
procs -----------memory---------- ---swap-- -----io---- -system-- ------cpu-----
 r  b   swpd   free   buff  cache   si   so    bi    bo   in   cs us sy id wa st
 1  0  95688 10445224  56572 1229692    0    0     0     0 1935 2990  4  1 95  0  0
 0  0  95688 10445224  56572 1229700    0    0     0     0 2031 3218  5  1 95  0  0
 0  0  95688 10444972  56572 1229768    0    0     0     0 2079 3258  5  1 95  0  0
 0  0  95688 10444972  56572 1229712    0    0     0     0 2169 3363  5  1 94  0  0
 0  0  95688 10444972  56580 1229720    0    0     0    28 1858 2862  4  1 95  0  0
 0  0  95688 10444972  56580 1229724    0    0     0     0 1902 3030  4  0 96  0  0
 0  0  95688 10444972  56580 1229724    0    0     0     0 1651 2463  3  1 97  0  0
 0  0  95688 10444720  56580 1229752    0    0     0     0 2132 3379  4  1 95  0  0
 1  0  95688 10444720  56580 1229764    0    0     0     8 2257 3654  5  1 94  0  0
 1  0  95688 10444720  56588 1229680    0    0     0    24 1947 2992  4  1 95  0  0
 1  0  95688 10444720  56588 1229752    0    0     0     0 1990 3126  4  0 95  0  0
 0  0  95688 10444720  56588 1229764    0    0     0     0 2052 3174  5  0 94  0  0
 0  0  95688 10444720  56604 1229768    0    0     0    88 2165 3548  5  1 95  0  0
 1  0  95688 10444720  56604 1229772    0    0     0     0 2220 3430  5  1 94  0  0
 1  0  95688 10444720  56604 1229776    0    0     0     0 1693 2621  4  1 96  0  0
 1  0  95688 10444720  56604 1229780    0    0     0     0 2026 3137  4  1 96  0  0
 0  0  95688 10444720  56604 1229720    0    0     0     0 1766 2604  3  1 96  0  0
 0  0  95688 10444720  56612 1230240    0    0     0   188 2149 3429  5  0 95  0  0
 0  0  95688 10444720  56612 1230308    0    0     0     0 2269 3655  5  1 94  0  0
 1  0  95688 10444720  56612 1229804    0    0     0     0 1952 2973  3  1 96  0  0
 1  0  95688 10444468  56612 1229812    0    0     0     0 2057 3204  4  1 95  0  0
procs -----------memory---------- ---swap-- -----io---- -system-- ------cpu-----
 r  b   swpd   free   buff  cache   si   so    bi    bo   in   cs us sy id wa st
 0  0  95688 10444216  56612 1229820    0    0     0     0 2030 3183  4  1 95  0  0
 1  0  95688 10444216  56620 1229820    0    0     0    20 2035 3304  4  1 95  0  0
 0  0  95688 10444216  56620 1229828    0    0     0     0 2077 3271  4  0 95  0  0
 0  0  95688 10444216  56620 1229832    0    0     0     0 1695 2526  4  1 95  0  0
 0  0  95688 10444216  56620 1229836    0    0     0     0 1964 3133  5  1 95  0  0
 0  0  95688 10443964  56620 1229844    0    0     0     0 1626 2286  4  0 96  0  0
 0  0  95688 10443964  56628 1229844    0    0     0    12 2055 3131  4  1 95  0  0
 0  0  95688 10443964  56628 1229920    0    0     0     0 2232 3455  5  1 94  0  0
 0  0  95688 10443712  56628 1229780    0    0     0   180 1919 2976  4  0 95  0  0
 0  0  95688 10443460  56628 1229944    0    0     0     0 2018 3140  5  0 95  0  0
 0  0  95688 10443460  56628 1229888    0    0     0     0 1987 3117  4  1 95  0  0
12  0  95688 10443208  56640 1229892    0    0     0    36 2063 3293  4  1 95  0  0
 0  0  95688 10443208  56640 1229900    0    0     0     0 2133 3326  5  1 94  0  0
 0  0  95688 10443208  56640 1229900    0    0     0    12 1746 2518  4  0 96  0  0
 0  0  95688 10442704  56640 1229904    0    0     0    76 1960 3058  5  1 95  0  0
 0  0  95688 10442704  56640 1229908    0    0     0     0 1642 2280  3  0 96  0  0
 0  0  95688 10442704  56648 1229920    0    0     0    28 2086 3241  5  1 94  0  0
 0  0  95688 10442452  56648 1229988    0    0     0     0 2231 3585  5  0 94  0  0
 1  0  95688 10442452  56648 1230000    0    0     0     8 1916 3046  4  1 95  0  0
 0  0  95688 10442452  56648 1229940    0    0     0     0 2020 3194  4  1 95  0  0
 0  0  95688 10442200  56648 1229944    0    0     0     0 1991 3112  4  1 95  0  0
procs -----------memory---------- ---swap-- -----io---- -system-- ------cpu-----
 r  b   swpd   free   buff  cache   si   so    bi    bo   in   cs us sy id wa st
 0  0  95688 10442200  56656 1230468    0    0     0    24 2053 3341  5  1 95  0  0
 2  0  95688 10442200  56656 1230468    0    0     0     0 2100 3266  4  1 95  0  0
 0  0  95688 10442200  56656 1229956    0    0     0     0 1685 2489  4  1 96  0  0
 0  0  95688 10442200  56656 1229804    0    0     0     0 1839 2938  4  1 95  0  0
 0  0  95688 10442200  56656 1229968    0    0     0     0 1650 2365  3  1 96  0  0
 0  0  95688 10442200  56664 1230000    0    0     0    12 2114 3245  4  1 95  0  0
 0  0  95688 10442200  56664 1229984    0    0     0     0 2286 3610  5  1 94  0  0
 0  0  95688 10442200  56664 1229992    0    0     0     0 1801 2840  4  0 96  0  0
 0  0  95688 10442200  56664 1230000    0    0     0     0 1941 2977  4  1 95  0  0
 0  0  95688 10441948  56664 1230004    0    0     0     0 1988 3067  4  1 95  0  0
 1  0  95688 10441696  56664 1230012    0    0     0     0 2099 3304  5  0 95  0  0
 1  0  95688 10441696  56672 1230020    0    0     0    12 2193 3388  4  1 95  0  0
 0  0  95688 10441696  56672 1230020    0    0     0     0 1669 2402  4  1 96  0  0
 1  0  95688 10441696  56672 1230024    0    0     0     0 1916 2933  4  0 96  0  0
 0  0  95688 10441696  56672 1230028    0    0     0     0 1601 2288  3  0 96  0  0
 0  0  95688 10441696  56672 1230096    0    0     0     0 2103 3323  5  1 94  0  0
 0  0  95688 10441696  56680 1230104    0    0     0    12 2170 3482  4  1 95  0  0
 1  0  95688 10441696  56680 1230048    0    0     0     0 1935 2975  4  1 95  0  0
 2  0  95688 10441696  56680 1230052    0    0     0   176 1981 3048  4  0 96  0  0
 0  0  95688 10441696  56680 1230064    0    0     0     0 1934 3139  4  1 96  0  0
 0  0  95688 10441696  56680 1230068    0    0     0     0 2015 3236  5  1 94  0  0
procs -----------memory---------- ---swap-- -----io---- -system-- ------cpu-----
 r  b   swpd   free   buff  cache   si   so    bi    bo   in   cs us sy id wa st
 1  0  95688 10441696  56692 1230076    0    0     0    32 2158 3360  4  1 95  0  0
 1  0  95688 10441696  56692 1230076    0    0     0     0 1706 2474  4  1 96  0  0
 0  0  95688 10441696  56692 1230084    0    0     0     0 1847 2834  4  1 95  0  0
 0  0  95688 10441696  56708 1230132    0    0     0    88 1629 2420  3  0 96  0  0
 0  0  95688 10441696  56708 1230152    0    0     0     0 2016 3206  5  1 95  0  0
 0  0  95688 10441696  56708 1230612    0    0     0    72 2291 3607  5  1 95  0  0
 1  0  95688 10441444  56708 1230324    0    0     0     0 1894 2981  4  1 96  0  0
 0  0  95688 10441444  56716 1230112    4    0     4    24 2088 3160  5  0 95  0  0
 0  0  95688 10441444  56716 1230116    0    0     0     0 1944 3012  5  1 94  0  0
 1  0  95688 10441444  56716 1230124    0    0     0     0 2114 3332  5  0 95  0  0
 1  0  95688 10441444  56716 1230128    0    0     0     0 2193 3407  5  1 94  0  0
 0  0  95688 10441192  56716 1230136    0    0     0     0 1681 2435  4  1 96  0  0
 0  0  95688 10440940  56724 1230136    0    0     0    12 1878 2903  5  0 95  0  0
 0  0  95688 10440940  56724 1230144    0    0     0     0 1664 2397  4  0 96  0  0
 0  0  95688 10440940  56724 1230144    0    0     0     0 2046 3056  5  1 94  0  0
 0  0  95688 10440688  56724 1230152    0    0     0     0 2221 3537  5  1 95  0  0
 1  0  95688 10440688  56724 1230160    0    0     0     0 1888 3010  3  1 96  0  0
 0  0  95688 10440688  56732 1230172    0    0     0    12 1926 2976  4  1 96  0  0
 0  0  95688 10440688  56732 1230176    0    0     0     0 1945 3054  4  1 95  0  0
 0  0  95688 10440688  56732 1230192    0    0     0     0 2076 3326  5  1 95  0  0
 0  0  95688 10440688  56732 1230204    0    0     0     0 2132 3245  4  1 95  0  0
procs -----------memory---------- ---swap-- -----io---- -system-- ------cpu-----
 r  b   swpd   free   buff  cache   si   so    bi    bo   in   cs us sy id wa st
 0  0  95688 10440688  56732 1230204    0    0     0     0 1724 2566  4  1 96  0  0
 0  0  95688 10440688  56740 1230264    0    0     0    16 1974 2983  5  0 95  0  0
 0  0  95688 10440688  56740 1230280    0    0     0     8 1659 2426  4  0 96  0  0
 0  0  95688 10440688  56740 1230304    0    0     0     0 2178 3350  5  1 94  0  0
 0  0  95688 10440688  56740 1230160    0    0     0     0 2166 3535  5  0 95  0  0
 0  0  95688 10440688  56740 1230168    0    0     0     0 1949 3012  4  1 96  0  0
 0  0  95688 10440688  56752 1230160    0    0     0   220 1897 3056  4  0 96  0  0
 0  0  95688 10440688  56752 1230192    0    0     0     0 1952 3111  4  1 95  0  0
 1  0  95688 10440688  56752 1230716    0    0     0     0 2090 3289  4  0 96  0  0
 0  0  95688 10440688  56752 1230460    0    0     0     0 2261 3459  5  1 94  0  0
 0  0  95688 10440688  56752 1230272    0    0     0     0 1666 2439  3  1 96  0  0
 0  0  95688 10440688  56760 1230268    0    0     0    16 1923 3009  4  1 95  0  0
 0  0  95688 10440436  56760 1230284    0    0     0     0 1663 2441  4  0 96  0  0
 0  0  95688 10440436  56760 1230284    0    0     0    12 2108 3188  5  0 95  0  0
 0  0  95688 10440436  56760 1230296    0    0     0     0 2230 3663  4  1 95  0  0
 1  0  95688 10440436  56760 1230300    0    0     0     0 1948 3108  3  1 96  0  0
 0  0  95688 10440436  56760 1230304    0    0     0    32 1863 2926  5  0 95  0  0
 0  0  95688 10440436  56768 1230376    0    0     0    28 2032 3160  4  1 95  0  0
 1  0  95688 10440184  56768 1230384    0    0     0     0 2120 3394  4  1 95  0  0
 0  0  95688 10440184  56768 1230388    0    0     0     0 2102 3322  4  1 95  0  0
 0  0  95688 10440184  56768 1230332    0    0     0     0 1677 2469  4  0 96  0  0
procs -----------memory---------- ---swap-- -----io---- -system-- ------cpu-----
 r  b   swpd   free   buff  cache   si   so    bi    bo   in   cs us sy id wa st
 0  1  95688 10440184  56772 1230332    0    0     0     8 1917 2887  3  1 96  0  0
 0  0  95688 10440184  56776 1230340    0    0     0   104 1621 2382  3  1 96  0  0
 0  0  95688 10440184  56776 1230340    0    0     0     0 1990 3088  4  1 95  0  0
 0  0  95688 10440184  56776 1230352    0    0     0     0 2260 3640  5  0 95  0  0
 0  0  95688 10440184  56776 1230360    0    0     0     0 1938 3017  3  1 96  0  0
 4  0  95688 10440184  56776 1230360    0    0     0     0 1961 3128  4  1 95  0  0
 0  0  95688 10440184  56788 1230368    0    0     0    80 1970 2986  4  1 95  0  0
 0  0  95688 10440184  56788 1230464    0    0     0     0 2069 3236  4  1 95  0  0
 0  0  95688 10440184  56788 1230464    0    0     0     0 2265 3448  5  1 95  0  0
 0  0  95688 10440184  56788 1230404    0    0     0     0 1643 2388  3  1 96  0  0
 0  0  95688 10440184  56788 1230408    0    0     0     0 1941 2956  4  0 96  0  0
 0  0  95688 10440184  56800 1230416    0    0     0    72 1671 2391  4  0 95  0  0
 0  0  95688 10440184  56800 1230416    0    0     0    16 2070 3199  5  1 95  0  0
 0  0  95688 10440184  56800 1231000    0    0     0     0 2225 3479  5  1 95  0  0
 0  0  95688 10440184  56800 1230748    0    0     0     0 1810 2821  3  1 96  0  0
 0  0  95688 10440184  56800 1230440    0    0     0     0 1926 3022  5  0 95  0  0
 0  0  95688 10440184  56812 1230508    0    0     0    76 2018 3061  4  1 95  0  0
 0  0  95688 10440184  56812 1230520    0    0     0     0 2113 3401  5  1 95  0  0
 0  0  95688 10440184  56812 1230520    0    0     0     0 2134 3309  5  0 95  0  0
 0  0  95688 10440184  56812 1230460    0    0     0     0 1603 2359  3  1 96  0  0
 0  0  95688 10440184  56812 1230464    0    0     0     0 1839 2907  4  1 96  0  0
procs -----------memory---------- ---swap-- -----io---- -system-- ------cpu-----
 r  b   swpd   free   buff  cache   si   so    bi    bo   in   cs us sy id wa st
 1  0  95688 10440184  56828 1230452    0    0     0    68 1713 2515  3  0 96  0  0
 0  0  95688 10439932  56828 1230496    0    0     0     0 2005 2979  4  1 95  0  0
 0  0  95688 10439932  56828 1230508    0    0     0     0 2261 3635  5  1 95  0  0
 1  0  95688 10439932  56828 1230428    0    0     0     0 1965 3093  4  1 95  0  0
 1  0  95688 10439932  56828 1230500    0    0     0     0 1953 2998  5  1 95  0  0
 0  0  95688 10439932  56840 1230508    0    0     0    96 2009 3101  5  0 95  0  0
 0  0  95688 10439932  56840 1230520    0    0     0     0 2131 3378  4  1 95  0  0
 0  0  95688 10439932  56840 1230520    0    0     0     0 2213 3385  4  1 95  0  0
 0  0  95688 10439932  56840 1230528    0    0     0     0 1709 2437  3  0 96  0  0
 0  0  95688 10439932  56840 1230528    0    0     0     0 1873 2875  4  1 95  0  0
 0  0  95688 10439932  56852 1230520    0    0     0    80 1662 2396  3  1 97  0  0
 0  0  95688 10439932  56852 1230476    0    0     0     0 2131 3207  5  1 95  0  0
 0  0  95688 10439932  56852 1230480    0    0     0     0 2216 3566  5  1 95  0  0
 1  0  95688 10439932  56852 1230492    0    0     0     0 1931 3071  4  1 95  0  0
 0  0  95688 10439932  56852 1230556    0    0     0     0 1931 3030  4  1 96  0  0
 0  0  95688 10439680  56868 1230560    0    0     4    72 2035 3043  4  0 95  0  0
 0  0  95688 10439680  56868 1230576    0    0     0     0 2084 3227  5  0 95  0  0
 0  0  95688 10439680  56868 1230584    0    0     0     0 2213 3414  4  1 95  0  0
 1  0  95688 10439680  56868 1230592    0    0     0     0 1697 2468  4  0 96  0  0
 1  0  95688 10439428  56868 1230596    0    0     0     0 1941 2960  5  0 95  0  0
 1  0  95688 10439428  56876 1230588    0    0     0    40 1612 2368  3  0 97  0  0
procs -----------memory---------- ---swap-- -----io---- -system-- ------cpu-----
 r  b   swpd   free   buff  cache   si   so    bi    bo   in   cs us sy id wa st
 0  0  95688 10439428  56876 1230604    0    0     0    32 2028 3051  4  1 95  0  0
 0  0  95688 10439428  56876 1230612    0    0     0     0 2298 3625  5  1 94  0  0
 1  0  95688 10439428  56876 1230684    0    0     0     0 2016 3159  5  1 95  0  0
 3  0  95688 10439428  56876 1230688    0    0     0     0 1899 2853  4  0 96  0  0
 0  0  95688 10439428  56876 1230636    0    0     0     0 1902 2997  4  1 95  0  0
 0  0  95688 10439428  56884 1230636    0    0     0    64 2198 3483  5  0 95  0  0
 0  0  95688 10439176  56884 1230660    0    0     0     0 2238 3459  5  0 94  0  0
 0  0  95688 10439176  56884 1230660    0    0     0     0 1713 2432  4  1 95  0  0
 0  0  95688 10439176  56884 1230668    0    0     0     0 1915 3061  5  1 95  0  0
 0  0  95688 10439176  56884 1230668    0    0     0     0 1699 2409  3  0 97  0  0
 0  0  95688 10439176  56892 1230840    0    0     0    60 2198 3186  4  1 95  0  0
 0  0  95688 10439176  56892 1230684    0    0     0    12 2329 3685  5  1 95  0  0
 0  0  95688 10439176  56892 1230760    0    0     0     0 1997 3059  5  0 95  0  0
 0  0  95688 10439176  56892 1230760    0    0     0     0 2065 3029  4  1 96  0  0
 0  0  95688 10439176  56892 1230708    0    0     0     0 2008 3022  4  1 95  0  0
 0  0  95688 10439176  56900 1230716    0    0     0    80 2123 3336  4  0 95  0  0
 0  0  95688 10439176  56900 1230720    0    0     0     0 2225 3368  5  1 94  0  0
 1  0  95688 10439176  56900 1230720    0    0     0     0 1654 2412  4  1 96  0  0
 0  0  95688 10439176  56900 1230724    0    0     0     0 1997 2990  4  1 95  0  0
 1  0  95688 10439176  56900 1230728    0    0     0     0 1731 2573  3  1 96  0  0
 0  0  95688 10439176  56908 1231264    0    0     0   116 2055 3186  4  1 95  0  0
procs -----------memory---------- ---swap-- -----io---- -system-- ------cpu-----
 r  b   swpd   free   buff  cache   si   so    bi    bo   in   cs us sy id wa st
 0  0  95688 10439176  56908 1231276    0    0     0     0 2192 3460  4  1 95  0  0
 0  0  95688 10438924  56908 1230816    0    0     0     0 2066 3096  4  1 95  0  0
 1  0  95688 10438924  56908 1230756    0    0     0     0 1879 2837  4  0 96  0  0
 0  0  95688 10438924  56908 1230928    0    0     0     0 1940 2960  4  1 95  0  0
 0  0  95688 10438672  56916 1230764    0    0     0    68 2073 3292  5  1 95  0  0
 0  0  95688 10438168  56916 1230780    0    0     0     0 2214 3350  5  0 95  0  0
 0  0  95688 10438168  56916 1230784    0    0     0     0 1727 2489  4  0 96  0  0
 0  0  95688 10438168  56916 1230944    0    0     0     0 1934 2778  5  0 95  0  0
 0  0  95688 10438168  56916 1230788    0    0     0     0 1606 2360  4  0 96  0  0
 0  0  95688 10438168  56924 1230864    0    0     0    68 2074 3148  3  1 96  0  0
 0  0  95688 10438168  56924 1230808    0    0     0     0 2223 3588  5  0 95  0  0
 0  0  95688 10437916  56924 1230812    0    0     0     0 2007 3117  4  1 95  0  0
 0  0  95688 10437916  56924 1230816    0    0     0     0 1951 3000  4  0 96  0  0
 0  0  95688 10437916  56924 1230828    0    0     0     0 1974 2993  4  0 96  0  0
 0  0  95688 10437916  56932 1230820    0    0     0    24 2075 3378  4  1 95  0  0
 0  0  95688 10437692  56932 1230840    0    0     0    44 2178 3314  5  1 94  0  0
 0  0  95688 10437692  56932 1230844    0    0     0     0 1748 2546  4  0 96  0  0
 0  0  95688 10437692  56932 1230852    0    0     0     0 1903 2805  5  1 95  0  0
 0  0  95688 10437692  56932 1230852    0    0     0     0 1612 2248  3  1 96  0  0
 0  0  95688 10437692  56940 1230916    0    0     0    24 2009 3066  5  1 95  0  0
 0  0  95688 10437692  56940 1230864    0    0     0    32 2248 3539  5  1 94  0  0
procs -----------memory---------- ---swap-- -----io---- -system-- ------cpu-----
 r  b   swpd   free   buff  cache   si   so    bi    bo   in   cs us sy id wa st
 0  0  95688 10437692  56940 1230872    0    0     0     0 2040 3193  4  1 95  0  0
 0  0  95688 10437692  56940 1230876    0    0     0     0 1930 2961  4  0 96  0  0
 0  0  95688 10437692  56940 1230884    0    0     0     0 1934 3020  5  1 95  0  0
 0  0  95688 10437188  56940 1231416    0    0     0     0 2102 3219  4  1 95  0  0
 0  0  95688 10437188  56948 1231416    0    0     0    68 2235 3448  5  1 95  0  0
 1  0  95688 10436936  56948 1231160    0    0     0     0 1766 2538  3  1 96  0  0
 0  0  95688 10436936  56948 1230912    0    0     0     0 1886 2800  4  0 95  0  0
 0  0  95688 10436936  56948 1230916    0    0     0     8 1601 2314  4  0 96  0  0
 0  0  95688 10436936  56948 1230920    0    0     0     0 2052 3108  5  0 95  0  0
 0  0  95688 10436936  56956 1230932    0    0     0    72 2222 3504  5  0 94  0  0
 0  0  95688 10436936  56956 1230936    0    0     0     0 2049 3133  4  1 95  0  0
 0  0  95688 10436936  56956 1230944    0    0     0     0 1875 2840  4  0 96  0  0
 0  0  95688 10436936  56956 1230952    0    0     0     0 1978 2998  4  1 95  0  0
 0  0  95688 10436936  56956 1230952    0    0     0     0 2032 3285  4  0 95  0  0
 0  0  95688 10436936  56964 1230868    0    0     0    96 2179 3286  5  1 95  0  0
 0  0  95688 10436936  56964 1231028    0    0     0     0 1755 2588  4  1 96  0  0
 0  0  95688 10436936  56964 1231036    4    0     4     0 1897 2762  4  1 95  0  0
 0  0  95688 10436936  56964 1231036    0    0     0     0 1730 2504  3  1 96  0  0
 0  0  95688 10436936  56964 1231000    0    0     0     0 2035 3135  5  1 95  0  0
 0  0  95688 10436936  56972 1230924    0    0     0    56 2250 3658  5  1 95  0  0
 1  0  95688 10436684  56972 1230928    0    0     0     0 2041 3120  5  1 94  0  0
procs -----------memory---------- ---swap-- -----io---- -system-- ------cpu-----
 r  b   swpd   free   buff  cache   si   so    bi    bo   in   cs us sy id wa st
 0  0  95688 10436684  56972 1230776    0    0     0     0 1920 2822  4  1 95  0  0
 0  0  95688 10436684  56972 1230944    0    0     0     0 1941 2935  4  1 95  0  0
 0  0  95688 10436432  56972 1230952    0    0     0     0 2058 3290  5  1 94  0  0
11  0  95688 10436432  56980 1230944    0    0     0    64 2180 3352  5  1 94  0  0
 0  0  95688 10436432  56980 1231020    0    0     0     0 1726 2559  3  1 96  0  0
 0  0  95688 10436432  56980 1231032    0    0     0     0 1843 2778  4  0 96  0  0
 0  0  95688 10436432  56980 1231032    0    0     0     0 1689 2364  3  1 96  0  0
 0  0  95688 10436432  56980 1231308    0    0     0     0 2104 3092  5  0 95  0  0
 2  0  95688 10436180  56988 1231560    0    0     0    64 2217 3583  5  1 95  0  0
 1  0  95688 10436180  56988 1231320    0    0     0     0 2031 3142  4  1 95  0  0
 0  0  95688 10436180  56988 1231132    4    0     4     0 1890 2777  4  1 96  0  0
 0  0  95688 10436180  56988 1231144    0    0     0     0 1969 3018  4  0 95  0  0
 0  0  95688 10436180  56988 1231080    0    0     0    12 2100 3365  5  1 95  0  0
 0  0  95688 10435928  56996 1231148    0    0     0    52 2179 3354  5  1 95  0  0
 0  0  95688 10435928  56996 1231160    0    0     0    40 1818 2502  4  0 95  0  0
 0  0  95688 10435928  56996 1231100    0    0     0     0 1891 2818  4  0 95  0  0
 0  0  95688 10435928  56996 1231104    0    0     0     0 1717 2429  4  1 96  0  0
 6  0  95688 10435928  56996 1231112    0    0     0     0 1903 2979  4  1 95  0  0
 0  0  95688 10435928  57004 1231108    0    0     0    24 2215 3580  5  0 95  0  0
 0  0  95688 10435676  57004 1230968    0    0     0    36 2010 3043  5  1 95  0  0
 0  0  95688 10435676  57004 1230968    0    0     0     0 1930 2910  4  0 95  0  0
procs -----------memory---------- ---swap-- -----io---- -system-- ------cpu-----
 r  b   swpd   free   buff  cache   si   so    bi    bo   in   cs us sy id wa st
 0  0  95688 10435172  57004 1231136    0    0     0     0 1863 2916  4  1 95  0  0
 0  0  95688 10435172  57004 1231140    0    0     0     0 2047 3284  5  1 95  0  0
 0  0  95688 10435172  57004 1231056    0    0     0     0 2164 3361  5  1 95  0  0
 1  0  95688 10435172  57012 1231216    0    0     0   108 1791 2611  4  1 96  0  0
 0  0  95688 10435172  57012 1231156    0    0     0     0 1849 2753  4  1 96  0  0
 1  0  95688 10435172  57012 1231160    0    0     0     0 1680 2382  3  0 96  0  0
 0  0  95688 10434668  57012 1231244    0    0     0     0 2055 3000  5  1 95  0  0
 1  0  95688 10434668  57012 1231188    0    0     0     0 2264 3680  5  1 94  0  0
12  0  95688 10434416  57020 1231192    0    0     0    60 2002 3098  5  1 95  0  0
 0  0  95688 10434416  57020 1231192    0    0     0     0 1889 2840  4  0 96  0  0
 0  0  95688 10434164  57020 1231212    0    0     0     0 1941 2931  4  1 95  0  0
 0  0  95688 10433660  57020 1231788    0    0     0     0 2102 3338  5  1 95  0  0
 0  0  95688 10433660  57020 1231736    0    0     0     0 2129 3267  5  0 95  0  0
 0  0  95688 10433660  57028 1231216    0    0     0    24 1840 2601  4  0 95  0  0
 0  0  95688 10433660  57028 1231232    0    0     0    36 1851 2704  5  0 95  0  0
 0  0  95688 10433660  57028 1231252    0    0     0     0 1711 2471  4  0 96  0  0
 0  0  95688 10433660  57028 1231256    0    0     0     0 2010 3007  4  1 95  0  0
 0  0  95688 10433660  57028 1231180    0    0     0     0 2245 3576  5  1 95  0  0
 0  0  95688 10433660  57036 1231180    0    0     0    24 2029 3117  4  1 96  0  0
 0  0  95688 10433660  57036 1231192    0    0     0    36 1911 2913  4  0 96  0  0
 0  0  95688 10433408  57036 1231268    0    0     0     0 1933 2937  4  0 95  0  0
procs -----------memory---------- ---swap-- -----io---- -system-- ------cpu-----
 r  b   swpd   free   buff  cache   si   so    bi    bo   in   cs us sy id wa st
 1  0  95688 10433408  57036 1231268    0    0     0     0 2094 3259  4  1 95  0  0
 1  0  95688 10433408  57036 1231344    0    0     0     0 2132 3164  4  1 95  0  0
 0  0  95688 10433408  57044 1231336    0    0     0    24 1721 2525  4  0 96  0  0
 0  0  95688 10433408  57044 1231288    0    0     0    40 1846 2670  4  1 95  0  0
 0  0  95688 10433408  57044 1231288    0    0     0     0 1604 2232  4  0 96  0  0
 0  0  95688 10433408  57044 1231228    0    0     0     0 2027 3104  4  1 95  0  0
 0  0  95688 10433408  57044 1231236    0    0     0     0 2270 3577  5  0 95  0  0
 0  0  95688 10433408  57044 1231244    0    0     0     0 2009 3092  4  0 95  0  0
 0  0  95688 10433408  57052 1231316    0    0     0    64 1889 2764  3  0 96  0  0
 0  0  95688 10433408  57052 1231324    0    0     0     0 2046 3101  5  1 95  0  0
 0  0  95688 10433408  57052 1231332    0    0     0     0 2034 3234  5  1 95  0  0
 0  0  95688 10433408  57052 1231340    0    0     0     0 2059 3117  5  1 94  0  0
 1  0  95688 10433408  57052 1231340    0    0     0     0 1839 2564  5  1 94  0  0
 0  0  95688 10433408  57060 1231348    0    0     0    36 1877 2734  4  1 95  0  0
 0  0  95688 10433408  57060 1231348    0    0     0    36 1622 2323  4  0 96  0  0
 0  0  95688 10433408  57060 1231616    0    0     0     0 2044 3030  5  0 95  0  0
 0  0  95688 10433408  57060 1231872    0    0     0     0 2248 3512  4  1 95  0  0
 1  0  95688 10433156  57060 1231688    0    0     0     0 2088 3187  4  1 95  0  0
 0  0  95688 10432904  57068 1231440    0    0     0    36 1935 2835  4  1 95  0  0
 0  0  95688 10432904  57068 1231612    0    0     0    40 1928 2915  4  1 95  0  0
 0  0  95688 10432652  57068 1231396    0    0     0     0 2078 3318  4  1 95  0  0
procs -----------memory---------- ---swap-- -----io---- -system-- ------cpu-----
 r  b   swpd   free   buff  cache   si   so    bi    bo   in   cs us sy id wa st
 0  0  95688 10432652  57068 1231400    0    0     0     0 2213 3434  4  1 95  0  0
 0  0  95688 10432400  57068 1231404    0    0     0     0 1765 2616  4  1 95  0  0
 0  0  95688 10432148  57076 1231424    0    0     0    24 1877 2805  4  1 95  0  0
 0  0  95688 10432148  57076 1231424    0    0     0    32 1579 2269  4  1 95  0  0
 0  0  95688 10432148  57076 1231592    0    0     0     0 2047 3044  5  1 94  0  0
 2  0  95688 10431644  57076 1231452    0    0     0     0 2231 3579  5  1 94  0  0
 0  0  95688 10431392  57076 1231520    0    0     0     0 2068 3202  4  0 96  0  0
 0  0  95688 10431392  57084 1231292    0    0     0    28 1824 2708  4  0 96  0  0
 0  0  95688 10431140  57084 1231476    0    0     0    40 2030 3080  5  1 95  0  0
 0  0  95688 10430888  57084 1231480    0    0     0     0 2045 3331  4  1 95  0  0
 0  0  95688 10430888  57084 1231484    0    0     0     0 2089 3317  5  1 95  0  0
 0  0  95688 10430888  57084 1231492    0    0     0    12 1734 2495  4  0 96  0  0
 0  0  95688 10430888  57092 1231580    0    0     0    40 1790 2641  3  1 96  0  0
 0  0  95688 10430888  57092 1231568    0    0     0    36 1679 2354  3  1 96  0  0
 0  0  95688 10430888  57092 1231568    0    0     0     0 1859 2796  4  1 95  0  0
 1  0  95688 10430888  57092 1231576    0    0     0     0 2154 3391  5  0 95  0  0
 0  0  95688 10430888  57092 1231568    0    0     0     0 1980 3028  4  1 95  0  0
 0  0  95688 10430888  57100 1231560    0    0     0    24 1825 2791  4  1 96  0  0
 0  0  95688 10430888  57100 1231576    0    0     0     0 1863 2841  4  1 96  0  0
 0  0  95688 10430888  57100 1231584    0    0     0    40 1972 3018  5  1 95  0  0
 0  0  95688 10430888  57100 1231588    0    0     0     0 2149 3243  4  0 96  0  0
procs -----------memory---------- ---swap-- -----io---- -system-- ------cpu-----
 r  b   swpd   free   buff  cache   si   so    bi    bo   in   cs us sy id wa st
 0  0  95688 10430888  57100 1231592    0    0     0     0 1735 2414  3  1 96  0  0
 0  0  95688 10430888  57108 1232108    0    0     0    24 1746 2595  4  0 96  0  0
 0  0  95688 10430636  57108 1232112    0    0     0     0 1608 2274  3  0 97  0  0
 0  0  95688 10430636  57108 1231608    0    0     0    32 1951 2859  5  1 95  0  0
 0  0  95688 10430636  57108 1231612    0    0     0     0 2143 3493  4  1 94  0  0
 0  0  95688 10430636  57108 1231624    0    0     0     0 1862 2825  4  0 96  0  0
 0  0  95688 10430636  57116 1231616    0    0     0    24 1757 2561  4  1 96  0  0
 0  0  95688 10430384  57116 1231644    0    0     0    28 1826 2701  4  1 95  0  0
 0  0  95688 10430384  57116 1231644    0    0     0    40 1999 3134  4  1 95  0  0
 6  0  95688 10430132  57116 1231716    0    0     0     0 2019 3130  5  1 95  0  0
 0  0  95688 10430132  57116 1231728    0    0     0     0 1622 2350  4  1 96  0  0
 0  0  95688 10430132  57116 1231728    0    0     0     0 1775 2556  4  0 95  0  0
 0  0  95688 10430132  57124 1231672    0    0     0    36 1670 2399  3  1 96  0  0
 0  0  95688 10430132  57124 1231672    0    0     0    40 1835 2713  4  1 95  0  0
 1  0  95688 10430132  57124 1231684    0    0     0     0 2128 3374  5  1 94  0  0
 0  0  95688 10430132  57124 1231692    0    0     0     0 1882 2828  4  1 95  0  0
 0  0  95688 10430132  57124 1231700    0    0     0     0 1832 2680  4  1 95  0  0
 1  0  95688 10430132  57132 1231708    0    0     0    44 1826 2786  4  1 95  0  0
 0  0  95688 10430132  57156 1231712    0    0     0   148 2113 3331  5  1 95  0  0
 0  0  95688 10430132  57156 1231780    0    0     0     0 2088 3233  4  1 95  0  0
 0  0  95688 10430132  57156 1231784    0    0     0     0 1715 2521  3  1 96  0  0
procs -----------memory---------- ---swap-- -----io---- -system-- ------cpu-----
 r  b   swpd   free   buff  cache   si   so    bi    bo   in   cs us sy id wa st
 0  0  95688 10430132  57156 1231728    0    0     0     0 1755 2618  3  1 96  0  0
 0  0  95688 10430132  57156 1231668    0    0     0     0 1626 2290  3  0 96  0  0
 0  0  95688 10430132  57164 1231668    0    0     0   220 1892 2916  4  1 95  0  0
 0  0  95688 10430132  57164 1231744    0    0     0     0 2236 3513  5  1 94  0  0
 0  0  95688 10429880  57164 1231748    0    0     0     0 1897 2870  4  1 95  0  0
 0  0  95688 10429880  57164 1231752    0    0     0     0 1786 2632  4  1 95  0  0
 0  0  95688 10429880  57164 1231760    0    0     0     0 1859 2825  4  1 96  0  0
 2  0  95688 10429880  57172 1231768    0    0     0    24 2001 3146  5  1 94  0  0
 0  0  95688 10429880  57172 1231772    0    0     0    44 2044 3167  4  1 95  0  0
 0  0  95688 10429880  57172 1231776    0    0     0     0 1710 2522  4  0 96  0  0
 1  0  95688 10429880  57172 1231784    0    0     0     0 1772 2593  4  0 95  0  0
 1  0  95688 10429880  57172 1231784    0    0     0     0 1668 2400  4  0 96  0  0
 0  0  95688 10429880  57180 1231800    0    0     0    24 1868 2822  4  0 96  0  0
 0  0  95688 10429880  57180 1231820    0    0     0    32 2205 3508  5  1 94  0  0
 0  0  95688 10429880  57180 1231748    0    0     0     0 1773 2742  4  1 95  0  0
 0  0  95688 10429880  57180 1231748    0    0     0     0 1808 2623  4  1 95  0  0
 1  0  95688 10429880  57180 1231824    0    0     0     0 1868 2844  4  1 96  0  0
 0  0  95688 10429880  57188 1231820    0    0     0    24 2056 3309  5  1 95  0  0
 0  0  95688 10429880  57188 1232344    0    0     0    44 2130 3221  4  1 95  0  0
 0  0  95688 10429628  57188 1232348    0    0     0     0 1694 2377  4  1 95  0  0
 0  0  95688 10429628  57188 1231844    0    0     0     0 1693 2404  4  0 95  0  0
procs -----------memory---------- ---swap-- -----io---- -system-- ------cpu-----
 r  b   swpd   free   buff  cache   si   so    bi    bo   in   cs us sy id wa st
 0  0  95688 10429628  57188 1231848    0    0     0    72 1595 2255  3  1 97  0  0
 0  0  95688 10429628  57196 1231840    0    0     0    24 1899 2817  4  1 95  0  0
 1  0  95688 10431868  57196 1231924    0    0     0    32 2209 3439  5  1 95  0  0
 0  0  95688 10431868  57196 1231772    0    0     0     0 1828 2812  4  0 95  0  0
 0  0  95688 10431868  57196 1231772    0    0     0     0 1695 2478  4  0 96  0  0
 0  0  95688 10431616  57196 1231904    0    0     0     0 1807 2786  4  1 96  0  0
 0  0  95688 10431616  57204 1231904    0    0     0    28 2048 3155  4  1 95  0  0
 0  0  95688 10431616  57204 1231756    0    0     0     0 2065 3193  5  1 95  0  0
 0  0  95688 10431616  57204 1231920    0    0     0    40 1699 2394  4  0 95  0  0
 0  0  95688 10431392  57204 1231932    0    0     0     0 1731 2547  4  0 95  0  0
 0  0  95688 10431392  57204 1231932    0    0     0    12 1623 2334  3  1 96  0  0
 0  0  95688 10431392  57212 1231928    0    0     0    40 1899 2802  4  0 96  0  0
 1  0  95688 10431392  57212 1232012    0    0     0     0 2248 3554  4  1 95  0  0
 0  0  95688 10431392  57212 1232020    0    0     0    40 1849 2830  4  1 96  0  0
 0  0  95688 10431392  57212 1231960    0    0     0     0 1774 2667  3  1 96  0  0
 0  0  95688 10431140  57212 1231968    0    0     0     0 1827 2755  4  0 95  0  0
 0  0  95688 10431140  57212 1231960    0    0     0     0 2038 3246  5  0 95  0  0
 0  0  95688 10431140  57220 1231976    0    0     0    52 2102 3102  5  1 94  0  0
16  0  95688 10431140  57220 1231976    0    0     0    40 1697 2361  4  1 95  0  0
 0  0  95688 10431140  57220 1231980    0    0     0     0 1760 2573  5  0 95  0  0
 0  0  95688 10431140  57220 1231988    0    0     0     0 1608 2330  4  0 96  0  0
procs -----------memory---------- ---swap-- -----io---- -system-- ------cpu-----
 r  b   swpd   free   buff  cache   si   so    bi    bo   in   cs us sy id wa st
 0  0  95688 10431140  57220 1231988    0    0     0     0 1888 2702  4  1 96  0  0
 1  0  95688 10430888  57228 1232000    0    0     0    24 2191 3425  5  1 94  0  0
 0  0  95688 10430888  57228 1232008    0    0     0     0 1906 2834  4  0 96  0  0
 0  0  95688 10430888  57228 1232008    0    0     0     0 1772 2642  4  1 95  0  0
 0  0  95688 10430636  57228 1232016    0    0     0     0 1795 2642  4  0 95  0  0
 0  0  95688 10430384  57228 1232084    0    0     0     0 2107 3255  5  1 94  0  0
 0  0  95688 10430384  57236 1231876    0    0     0    12 2146 3245  5  1 95  0  0
 2  0  95688 10430384  57236 1232100    0    0     0     0 1697 2461  4  0 96  0  0
 0  0  95688 10430384  57236 1232108    0    0     0     0 1688 2386  4  0 96  0  0
 1  0  95688 10430384  57252 1232072    0    0     0    88 1710 2467  4  1 95  0  0
 0  0  95688 10430384  57252 1232068    0    0     0     0 1869 2713  4  0 95  0  0
 0  0  95688 10430132  57252 1232080    0    0     0    72 2196 3480  4  1 95  0  0
 0  0  95688 10430132  57252 1232000    0    0     0     0 1858 2752  4  0 96  0  0
 0  0  95688 10430132  57252 1231844    4    0     4     0 1846 2675  3  1 96  0  0
 0  0  95688 10430132  57260 1232008    0    0     0    12 1829 2754  4  1 95  0  0
 0  0  95688 10430132  57260 1232020    0    0     0     0 2036 3259  5  1 94  0  0
 0  0  95688 10430132  57260 1232028    0    0     0     0 2027 3148  5  0 95  0  0
 0  0  95688 10429628  57260 1232288    0    0     0     0 1748 2496  4  0 95  0  0
 0  0  95688 10429628  57260 1232612    0    0     0     0 1734 2622  4  1 96  0  0
 0  0  95688 10429628  57268 1232100    0    0     0    12 1617 2275  4  0 96  0  0
 0  0  95688 10429628  57268 1232108    0    0     0     0 1941 3034  3  0 96  0  0
procs -----------memory---------- ---swap-- -----io---- -system-- ------cpu-----
 r  b   swpd   free   buff  cache   si   so    bi    bo   in   cs us sy id wa st
 0  0  95688 10429628  57268 1232112    0    0     0     0 2214 3498  5  1 94  0  0
