procs -----------memory---------- ---swap-- -----io---- -system-- ------cpu-----
 r  b   swpd   free   buff  cache   si   so    bi    bo   in   cs us sy id wa st
 1  0      0 377964864      0 7982980    0    0     0     0    0    0  0  0 100  0  0
27  0      0 377915904      0 7982980    0    0     0     0 379753 313745  8  3 90  0  0
 1  0      0 377922400      0 7982984    0    0     0     0 508671 342256 10  3 87  0  0
 1  0      0 377919392      0 7982988    0    0     0     0 539981 342704 10  3 87  0  0
 1  0      0 377876672      0 7982988    0    0     0     0 511616 481232 10  6 84  0  0
63  0      0 377884128      0 7982988    0    0     0     0 499395 491283 10  6 84  0  0
81  0      0 377877216      0 7982988    0    0     0     0 547522 494295 10  6 84  0  0
63  0      0 377883200      0 7982988    0    0     0     0 513100 499673 11  6 83  0  0
 1  0      0 377879424      0 7982988    0    0     0     0 544800 516354 11  6 83  0  0
 1  0      0 377881984      0 7982988    0    0     0     0 513329 509285 11  6 82  0  0
53  0      0 377879744      0 7982988    0    0     0     0 570280 516285 11  6 83  0  0
61  0      0 377880096      0 7982988    0    0     0     0 539681 520940 11  6 82  0  0
60  0      0 377879456      0 7982988    0    0     0     0 525851 521217 12  6 82  0  0
27  0      0 377873792      0 7982988    0    0     0     0 561875 520709 11  6 83  0  0
69  0      0 377873792      0 7982992    0    0     0     0 529388 530153 12  6 82  0  0
50  0      0 377874752      0 7982992    0    0     0     0 575225 531609 12  7 82  0  0
 3  0      0 377869408      0 7982992    0    0     0     0 565213 556248 12  7 82  0  0
 1  0      0 377868512      0 7982992    0    0     0     0 585725 551196 12  7 82  0  0
91  0      0 377867648      0 7982992    0    0     0     0 570939 549449 12  7 82  0  0
61  0      0 377863616      0 7982992    0    0     0     0 560066 555006 11  6 82  0  0
52  0      0 377862080      0 7982992    0    0     0     0 572675 553135 12  7 81  0  0
procs -----------memory---------- ---swap-- -----io---- -system-- ------cpu-----
 r  b   swpd   free   buff  cache   si   so    bi    bo   in   cs us sy id wa st
 1  0      0 377865888      0 7982992    0    0     0     0 558529 562940 12  6 82  0  0
49  0      0 377862848      0 7982992    0    0     0     0 549519 567120 12  7 81  0  0
21  0      0 377860160      0 7982992    0    0     0     0 569904 557936 12  7 81  0  0
70  0      0 377861504      0 7982992    0    0     0     0 538870 538429 12  6 82  0  0
59  0      0 377864544      0 7982992    0    0     0     0 579757 549161 12  6 82  0  0
82  0      0 377860672      0 7982992    0    0     0     0 538901 553242 12  7 82  0  0
 4  0      0 377861536      0 7982992    0    0     0     0 588271 559198 12  6 82  0  0
61  0      0 377863616      0 7982992    0    0     0     0 556769 562083 12  6 82  0  0
 4  0      0 377863712      0 7982992    0    0     0     0 557145 547078 12  6 82  0  0
64  0      0 377863872      0 7982992    0    0     0     0 579141 547157 12  6 82  0  0
47  0      0 377863008      0 7982992    0    0     0     0 573769 535930 12  6 82  0  0
52  0      0 377859584      0 7982992    0    0     0     0 549959 545456 12  6 82  0  0
 1  0      0 377836832      0 7982992    0    0     0     0 598920 526474 12  6 82  0  0
 1  0      0 377862240      0 7982992    0    0     0     0 558461 555797 12  6 82  0  0
 2  0      0 377866016      0 7982992    0    0     0     0 580097 539622 12  6 82  0  0
27  0      0 377863328      0 7982992    0    0     0     0 563171 547573 12  6 82  0  0
20  0      0 377864736      0 7982992    0    0     0     0 586768 539227 12  6 82  0  0
 4  0      0 377865440      0 7982992    0    0     0     0 566046 553429 12  6 82  0  0
19  0      0 377864896      0 7982992    0    0     0     0 599673 547151 12  6 82  0  0
73  0      0 377861920      0 7982992    0    0     0     0 556114 548072 12  6 82  0  0
79  0      0 377861888      0 7982992    0    0     0     0 582173 547433 12  6 82  0  0
procs -----------memory---------- ---swap-- -----io---- -system-- ------cpu-----
 r  b   swpd   free   buff  cache   si   so    bi    bo   in   cs us sy id wa st
42  0      0 377860544      0 7982992    0    0     0     0 580907 555292 12  6 81  0  0
 1  0      0 377860480      0 7982996    0    0     0     0 560749 551769 12  6 82  0  0
52  0      0 377863072      0 7982996    0    0     0     0 585368 545509 12  6 82  0  0
51  0      0 377861728      0 7982996    0    0     0     0 556998 527336 12  6 82  0  0
26  0      0 377861440      0 7982996    0    0     0     0 580953 544716 12  6 82  0  0
57  0      0 377860928      0 7982996    0    0     0     0 587378 542945 12  6 82  0  0
 3  0      0 377863072      0 7982996    0    0     0     0 542857 532580 12  6 82  0  0
 1  0      0 377864064      0 7982996    0    0     0     0 557905 532875 12  6 83  0  0
46  0      0 377866624      0 7982996    0    0     0     0 549982 537797 12  7 82  0  0
60  0      0 377863168      0 7982996    0    0     0     0 568455 541893 12  6 82  0  0
23  0      0 377856416      0 7982996    0    0     0     0 569745 546264 12  6 82  0  0
48  0      0 377858144      0 7982996    0    0     0     0 541219 543500 12  6 82  0  0
84  0      0 377860512      0 7982996    0    0     0     0 536849 512192 12  6 83  0  0
 1  0      0 377859264      0 7982996    0    0     0     0 574339 532807 12  6 82  0  0
 1  0      0 377860576      0 7982996    0    0     0     0 596719 547280 12  6 82  0  0
77  0      0 377863200      0 7982996    0    0     0     0 554101 543359 12  6 82  0  0
57  0      0 377863520      0 7982996    0    0     0     0 581477 544052 12  6 82  0  0
 1  0      0 377862976      0 7982996    0    0     0     0 575173 542564 12  6 82  0  0
 0  0      0 377944992      0 7982996    0    0     0     0 531899 501647 11  6 83  0  0
 1  0      0 377946976      0 7982996    0    0     0     0  280  554  0  0 100  0  0
16  0      0 377910976      0 7982996    0    0     0     0 11220 13643  0  0 100  0  0
procs -----------memory---------- ---swap-- -----io---- -system-- ------cpu-----
 r  b   swpd   free   buff  cache   si   so    bi    bo   in   cs us sy id wa st
 1  0      0 377913472      0 7982996    0    0     0     0 426218 367576 10  3 87  0  0
47  0      0 377910656      0 7982996    0    0     0     0 487868 375656 12  3 85  0  0
15  0      0 377908448      0 7982996    0    0     0     0 568486 383162 12  4 85  0  0
35  0      0 377796416      0 7982996    0    0     0     0 678388 584664 13 13 74  0  0
 1  0      0 377803488      0 7982996    0    0     0     0 701996 669559 15 15 70  0  0
18  0      0 377806304      0 7982996    0    0     0     0 1004616 667427 14 15 71  0  0
127  0      0 377807104      0 7982996    0    0     0     0 766269 727824 15 17 68  0  0
 1  0      0 377781728      0 7982996    0    0     0     0 788375 743788 15 17 67  0  0
117  0      0 377783968      0 7982996    0    0     0     0 750272 736464 15 17 68  0  0
29  0      0 377785088      0 7982996    0    0     0     0 755043 729857 15 17 68  0  0
66  0      0 377779744      0 7982996    0    0     0     0 773454 755195 15 17 68  0  0
80  0      0 377778656      0 7982996    0    0     0     0 997534 750206 15 17 67  0  0
 1  0      0 377781248      0 7982996    0    0     0     0 891504 751523 16 17 68  0  0
 1  0      0 377779648      0 7982996    0    0     0     0 862454 771398 16 17 67  0  0
 1  0      0 377783680      0 7982996    0    0     0     0 900291 771249 15 18 67  0  0
95  0      0 377776736      0 7982996    0    0     0     0 890760 763649 16 17 67  0  0
145  0      0 377782400      0 7982996    0    0     0     0 845774 781851 16 18 66  0  0
61  0      0 377778560      0 7982996    0    0     0     0 889428 760907 16 17 67  0  0
108  0      0 377778720      0 7982996    0    0     0     0 855672 761535 16 17 67  0  0
88  0      0 377780672      0 7982996    0    0     0     0 925379 760768 16 17 67  0  0
40  0      0 377783488      0 7982996    0    0     0     0 891380 750884 16 16 68  0  0
procs -----------memory---------- ---swap-- -----io---- -system-- ------cpu-----
 r  b   swpd   free   buff  cache   si   so    bi    bo   in   cs us sy id wa st
107  0      0 377779840      0 7982996    0    0     0     0 821739 775253 16 17 67  0  0
 0  0      0 377780640      0 7983000    0    0     0     0 807642 752985 16 16 69  0  0
111  0      0 377777280      0 7983000    0    0     0     0 961957 759330 16 16 68  0  0
144  0      0 377777472      0 7983000    0    0     0     0 815543 768349 16 17 67  0  0
75  0      0 377779552      0 7983000    0    0     0     0 880466 770073 16 16 67  0  0
 1  0      0 377779360      0 7983000    0    0     0     0 944286 779949 16 16 67  0  0
23  0      0 377774400      0 7983000    0    0     0     0 895756 780931 16 17 67  0  0
115  0      0 377781824      0 7983000    0    0     0     0 878151 790315 16 17 67  0  0
134  0      0 377773920      0 7983000    0    0     0     0 1006848 780615 16 17 67  0  0
17  0      0 377776448      0 7983000    0    0     0     0 900268 777000 16 17 67  0  0
112  0      0 377773184      0 7983000    0    0     0     0 810524 780470 16 17 67  0  0
69  0      0 377781312      0 7983000    0    0     0     0 856735 750871 16 16 68  0  0
 1  0      0 377771264      0 7983000    0    0     0     0 964428 802080 16 18 65  0  0
106  0      0 377773728      0 7983004    0    0     0     0 892733 782334 17 17 67  0  0
 1  0      0 377771936      0 7983004    0    0     0     0 958233 766520 16 16 68  0  0
118  0      0 377774784      0 7983004    0    0     0     0 919727 803688 16 18 66  0  0
35  0      0 377776256      0 7983004    0    0     0     0 864034 787812 16 17 67  0  0
82  0      0 377773248      0 7983004    0    0     0     0 1044588 806471 16 18 66  0  0
 5  0      0 377773536      0 7983004    0    0     0     0 929658 773709 16 17 67  0  0
15  0      0 377777536      0 7983004    0    0     0     0 857167 789424 16 17 67  0  0
74  0      0 377775360      0 7983004    0    0     0     0 847837 773759 16 17 67  0  0
procs -----------memory---------- ---swap-- -----io---- -system-- ------cpu-----
 r  b   swpd   free   buff  cache   si   so    bi    bo   in   cs us sy id wa st
69  0      0 377778016      0 7983004    0    0     0     0 953485 755307 16 16 68  0  0
120  0      0 377771040      0 7983004    0    0     0     0 933700 814027 16 18 66  0  0
109  0      0 377778240      0 7983004    0    0     0     0 821983 755131 16 16 68  0  0
34  0      0 377778880      0 7983004    0    0     0     0 954505 779974 16 17 66  0  0
 1  0      0 377774304      0 7983004    0    0     0     0 947239 780685 16 18 66  0  0
105  0      0 377776256      0 7983004    0    0     0     0 837198 779542 16 17 67  0  0
63  0      0 377772288      0 7983004    0    0     0     0 1012986 781222 16 17 67  0  0
 1  0      0 377779616      0 7983004    0    0     0     0 856013 785282 16 17 67  0  0
119  0      0 377779008      0 7983004    0    0     0     0 818581 778437 16 16 68  0  0
105  0      0 377778752      0 7983004    0    0     0     0 863622 751472 16 16 67  0  0
93  0      0 377776288      0 7983004    0    0     0     0 872473 787128 16 17 67  0  0
117  0      0 377781824      0 7983004    0    0     0     0 935828 774514 16 17 67  0  0
 2  0      0 377774592      0 7983004    0    0     0     0 931799 786833 16 17 67  0  0
46  0      0 377777536      0 7983004    0    0     0     0 938016 794335 16 17 67  0  0
80  0      0 377776832      0 7983004    0    0     0     0 903895 783750 16 18 66  0  0
38  0      0 377777920      0 7983004    0    0     0     0 866668 776820 16 17 67  0  0
36  0      0 377777408      0 7983004    0    0     0     0 955600 792803 16 18 66  0  0
 0  0      0 377944032      0 7983004    0    0     0     0 724784 628776 14 14 73  0  0
 0  0      0 377948320      0 7983004    0    0     0     0   88  234  0  0 100  0  0
66  0      0 377901376      0 7983004    0    0     0     0 50516 52673  2  0 98  0  0
11  0      0 377898400      0 7983004    0    0     0     0 419114 397928 14  4 82  0  0
procs -----------memory---------- ---swap-- -----io---- -system-- ------cpu-----
 r  b   swpd   free   buff  cache   si   so    bi    bo   in   cs us sy id wa st
44  0      0 377891232      0 7983004    0    0     0     0 469873 406937 15  4 81  0  0
 2  0      0 377890400      0 7983008    0    0     0     0 645190 413042 16  5 79  0  0
18  0      0 377676896      0 7983008    0    0     0     0 551019 547136 15 12 73  0  0
172  0      0 377690528      0 7983008    0    0     0     0 661867 717014 16 19 66  0  0
16  0      0 377693184      0 7983008    0    0     0     0 1331590 725114 16 19 65  0  0
154  0      0 377674272      0 7983008    0    0     0     0 770762 763907 17 20 63  0  0
155  0      0 377665664      0 7983008    0    0     0     0 683020 700423 17 16 67  0  0
178  0      0 377664704      0 7983008    0    0     0     0 766445 766396 18 19 64  0  0
155  0      0 377667200      0 7983008    0    0     0     0 677749 747437 17 18 64  0  0
86  0      0 377661600      0 7983008    0    0     0     0 773795 752413 17 19 64  0  0
17  0      0 377660896      0 7983008    0    0     0     0 958508 784239 18 21 61  0  0
49  0      0 377659200      0 7983008    0    0     0     0 813912 776364 18 20 62  0  0
88  0      0 377668000      0 7983008    0    0     0     0 711389 738138 17 18 65  0  0
 6  0      0 377662848      0 7983012    0    0     0     0 748183 743472 17 17 66  0  0
178  0      0 377669760      0 7983012    0    0     0     0 1000857 750885 18 18 64  0  0
14  0      0 377641728      0 7983012    0    0     0     0 786216 726334 17 17 66  0  0
 1  0      0 377644960      0 7983012    0    0     0     0 764258 759680 18 18 64  0  0
 6  0      0 377658496      0 7983012    0    0     0     0 728964 755980 18 18 65  0  0
109  0      0 377664576      0 7983012    0    0     0     0 769896 750526 18 18 65  0  0
179  0      0 377659968      0 7983012    0    0     0     0 1036393 742139 18 17 65  0  0
53  0      0 377660544      0 7983012    0    0     0     0 789748 746655 18 18 65  0  0
procs -----------memory---------- ---swap-- -----io---- -system-- ------cpu-----
 r  b   swpd   free   buff  cache   si   so    bi    bo   in   cs us sy id wa st
167  0      0 377662048      0 7983012    0    0     0     0 1042482 771743 18 19 63  0  0
 7  0      0 377655200      0 7983012    0    0     0     0 887084 761905 18 18 63  0  0
105  0      0 377659520      0 7983012    0    0     0     0 776748 754929 18 18 64  0  0
24  0      0 377664896      0 7983012    0    0     0     0 781828 767692 18 18 64  0  0
90  0      0 377662688      0 7983012    0    0     0     0 1002504 738862 18 18 64  0  0
55  0      0 377666624      0 7983012    0    0     0     0 777551 757503 18 19 63  0  0
 1  0      0 377662720      0 7983012    0    0     0     0 753444 739590 18 18 64  0  0
16  0      0 377665632      0 7983012    0    0     0     0 1093597 782012 18 19 63  0  0
115  0      0 377655936      0 7983012    0    0     0     0 728978 744663 17 18 65  0  0
72  0      0 377646624      0 7983012    0    0     0     0 760942 730305 17 17 66  0  0
 1  0      0 377656352      0 7983012    0    0     0     0 980571 751909 18 17 65  0  0
 1  0      0 377660000      0 7983012    0    0     0     0 760346 743606 18 18 65  0  0
92  0      0 377659264      0 7983012    0    0     0     0 789610 767914 18 18 64  0  0
50  0      0 377662880      0 7983012    0    0     0     0 731832 732251 18 16 66  0  0
 0  0      0 377659264      0 7983012    0    0     0     0 857248 767782 18 20 62  0  0
192  0      0 377664640      0 7983012    0    0     0     0 783927 748113 18 18 64  0  0
108  0      0 377664608      0 7983016    0    0     0     0 813449 750489 18 18 64  0  0
92  0      0 377664640      0 7983016    0    0     0     0 818590 789189 18 19 63  0  0
16  0      0 377663168      0 7983016    0    0     0     0 785446 776973 18 18 64  0  0
 1  0      0 377669888      0 7983016    0    0     0     0 797867 745427 18 19 64  0  0
116  0      0 377664320      0 7983016    0    0     0     0 754744 737976 18 17 65  0  0
procs -----------memory---------- ---swap-- -----io---- -system-- ------cpu-----
 r  b   swpd   free   buff  cache   si   so    bi    bo   in   cs us sy id wa st
37  0      0 377664832      0 7983016    0    0     0     0 754930 728993 18 17 65  0  0
 5  0      0 377666208      0 7983020    0    0     0     0 732625 735421 18 18 64  0  0
109  0      0 377666240      0 7983020    0    0     0     0 818449 773976 18 18 63  0  0
100  0      0 377662816      0 7983020    0    0     0     0 818279 757083 18 18 64  0  0
 6  0      0 377666176      0 7983020    0    0     0     0 823314 738084 18 17 65  0  0
151  0      0 377658720      0 7983020    0    0     0     0 831615 772265 18 19 63  0  0
78  0      0 377659616      0 7983020    0    0     0     0 774400 740150 18 18 65  0  0
128  0      0 377671872      0 7983020    0    0     0     0 829551 754627 18 17 65  0  0
76  0      0 377670240      0 7983020    0    0     0     0 759511 742659 18 18 65  0  0
195  0      0 377662112      0 7983020    0    0     0     0 783883 760722 18 18 64  0  0
15  0      0 377666336      0 7983020    0    0     0     0 777633 755220 17 20 63  0  0
71  0      0 377668640      0 7983020    0    0     0     0 802794 773490 18 19 64  0  0
 1  0      0 377660992      0 7983020    0    0     0     0 758318 765679 18 19 64  0  0
 1  0      0 377666720      0 7983020    0    0     0     0 760076 745400 18 17 65  0  0
81  0      0 377665312      0 7983020    0    0     0     0 783972 736041 18 16 65  0  0
63  0      0 377662880      0 7983020    0    0     0     0 793884 764774 18 17 64  0  0
 0  0      0 377915072      0 7983020    0    0     0     0 653580 571654 13 14 73  0  0
 0  0      0 377915936      0 7983020    0    0     0     0  306  530  0  0 100  0  0
109  0      0 377845984      0 7983020    0    0     0     0 60830 76684  4  1 95  0  0
62  0      0 377841760      0 7983020    0    0     0     0 471875 467263 23  6 71  0  0
87  0      0 377840672      0 7983020    0    0     0     0 784225 516882 25  7 68  0  0
procs -----------memory---------- ---swap-- -----io---- -system-- ------cpu-----
 r  b   swpd   free   buff  cache   si   so    bi    bo   in   cs us sy id wa st
30  0      0 377840064      0 7983020    0    0     0     0 648192 519910 26  6 68  0  0
 5  0      0 377718784      0 7983020    0    0     0     0 629010 555724 25  7 68  0  0
19  0      0 377701472      0 7983020    0    0     0     0 654837 722134 22 16 62  0  0
 2  0      0 377714304      0 7983020    0    0     0     0 747357 716239 23 15 63  0  0
74  0      0 377711360      0 7983020    0    0     0     0 982704 713402 23 15 62  0  0
126  0      0 377707712      0 7983020    0    0     0     0 679335 730232 23 16 61  0  0
43  0      0 377708160      0 7983020    0    0     0     0 716057 734160 22 15 62  0  0
44  0      0 377711808      0 7983020    0    0     0     0 667703 740380 24 15 62  0  0
173  0      0 377713696      0 7983020    0    0     0     0 686506 710997 24 14 62  0  0
46  0      0 377710688      0 7983020    0    0     0     0 874312 731684 23 15 62  0  0
93  0      0 377701664      0 7983020    0    0     0     0 794049 710671 23 16 62  0  0
 1  0      0 377704672      0 7983020    0    0     0     0 705910 740547 23 16 61  0  0
11  0      0 377717504      0 7983020    0    0     0     0 742955 740674 24 15 62  0  0
45  0      0 377709184      0 7983020    0    0     0     0 707807 738811 23 15 61  0  0
51  0      0 377705344      0 7983020    0    0     0     0 998762 729346 23 14 63  0  0
40  0      0 377712960      0 7983020    0    0     0     0 788591 717029 23 15 62  0  0
 1  0      0 377708928      0 7983020    0    0     0     0 697068 706499 23 15 63  0  0
169  0      0 377706976      0 7983020    0    0     0     0 1053563 716298 23 16 62  0  0
 1  0      0 377703104      0 7983020    0    0     0     0 715779 736687 23 15 62  0  0
64  0      0 377708768      0 7983020    0    0     0     0 729420 725634 22 15 63  0  0
 2  0      0 377706240      0 7983020    0    0     0     0 903728 692649 22 15 63  0  0
procs -----------memory---------- ---swap-- -----io---- -system-- ------cpu-----
 r  b   swpd   free   buff  cache   si   so    bi    bo   in   cs us sy id wa st
39  0      0 377704288      0 7983020    0    0     0     0 720376 713004 23 16 62  0  0
151  0      0 377705088      0 7983024    0    0     0     0 714753 718221 22 16 62  0  0
112  0      0 377707840      0 7983024    0    0     0     0 674783 710855 23 15 62  0  0
12  0      0 377704832      0 7983024    0    0     0     0 678486 720992 22 16 62  0  0
109  0      0 377705664      0 7983024    0    0     0     0 846947 692325 23 15 62  0  0
31  0      0 377706368      0 7983024    0    0     0     0 727508 727755 23 16 62  0  0
104  0      0 377706720      0 7983024    0    0     0     0 709509 706190 22 15 63  0  0
183  0      0 377706592      0 7983024    0    0     0     0 841544 697208 22 15 63  0  0
99  0      0 377699360      0 7983024    0    0     0     0 659153 708699 22 15 63  0  0
13  0      0 377703072      0 7983024    0    0     0     0 718962 724601 22 17 62  0  0
102  0      0 377709920      0 7983028    0    0     0     0 794829 723540 22 15 63  0  0
59  0      0 377702976      0 7983028    0    0     0     0 706158 711413 22 15 63  0  0
 1  0      0 377712256      0 7983028    0    0     0     0 739242 736012 23 16 61  0  0
79  0      0 377708928      0 7983028    0    0     0     0 678655 706099 23 15 63  0  0
93  0      0 377706400      0 7983028    0    0     0     0 847324 746165 23 15 62  0  0
86  0      0 377703072      0 7983028    0    0     0     0 703446 715906 23 15 62  0  0
28  0      0 377696480      0 7983028    0    0     0     0 721895 724503 22 16 62  0  0
121  0      0 377707456      0 7983028    0    0     0     0 731145 713541 23 14 63  0  0
110  0      0 377700800      0 7983028    0    0     0     0 709374 714273 23 14 63  0  0
92  0      0 377704768      0 7983028    0    0     0     0 703050 710008 23 15 62  0  0
27  0      0 377706048      0 7983028    0    0     0     0 681011 718467 22 16 62  0  0
procs -----------memory---------- ---swap-- -----io---- -system-- ------cpu-----
 r  b   swpd   free   buff  cache   si   so    bi    bo   in   cs us sy id wa st
188  0      0 377705216      0 7983028    0    0     0     0 694461 717323 23 16 61  0  0
 1  0      0 377705376      0 7983028    0    0     0     0 686213 697220 22 14 63  0  0
11  0      0 377710656      0 7983028    0    0     0     0 725626 725875 23 15 62  0  0
166  0      0 377709920      0 7983028    0    0     0     0 811449 716096 23 15 63  0  0
 1  0      0 377708928      0 7983028    0    0     0     0 690721 710951 22 16 62  0  0
 1  0      0 377703232      0 7983028    0    0     0     0 663272 698622 22 15 63  0  0
20  0      0 377708832      0 7983028    0    0     0     0 692748 710569 22 15 62  0  0
116  0      0 377703776      0 7983028    0    0     0     0 741898 722065 23 15 62  0  0
41  0      0 377707808      0 7983028    0    0     0     0 722581 725949 22 16 62  0  0
130  0      0 377709568      0 7983028    0    0     0     0 669907 715756 23 15 63  0  0
192  0      0 377705248      0 7983028    0    0     0     0 794394 716242 23 16 62  0  0
102  0      0 377703232      0 7983028    0    0     0     0 724574 717995 23 14 63  0  0
77  0      0 377708928      0 7983028    0    0     0     0 671530 725793 22 16 62  0  0
143  0      0 377704768      0 7983028    0    0     0     0 722074 718113 23 15 62  0  0
 4  0      0 377705920      0 7983028    0    0     0     0 811670 709187 22 16 62  0  0
 0  0      0 377925760      0 7983028    0    0     0     0 507140 484731 14 11 75  0  0
 0  0      0 377933024      0 7983028    0    0     0     0  149  271  0  0 100  0  0
52  0      0 377851808      0 7983028    0    0     0     0 85260 107048  6  1 92  0  0
 5  0      0 377854816      0 7983028    0    0     0     0 534174 552266 29  7 64  0  0
121  0      0 377842368      0 7983028    0    0     0     0 867362 604337 33  9 58  0  0
119  0      0 377837248      0 7983028    0    0     0     0 668137 619411 34  8 58  0  0
procs -----------memory---------- ---swap-- -----io---- -system-- ------cpu-----
 r  b   swpd   free   buff  cache   si   so    bi    bo   in   cs us sy id wa st
 1  0      0 377745984      0 7983028    0    0     0     0 697125 638746 32 10 58  0  0
170  0      0 377746112      0 7983032    0    0     0     0 657913 704261 27 16 57  0  0
139  0      0 377751584      0 7983032    0    0     0     0 630308 695257 27 16 57  0  0
49  0      0 377750080      0 7983032    0    0     0     0 1227338 691052 26 16 58  0  0
112  0      0 377748096      0 7983032    0    0     0     0 636598 709159 27 16 57  0  0
113  0      0 377752960      0 7983032    0    0     0     0 650195 696864 26 15 59  0  0
 1  0      0 377756736      0 7983032    0    0     0     0 633235 693594 27 16 57  0  0
113  0      0 377753024      0 7983032    0    0     0     0 645182 713211 27 16 57  0  0
160  0      0 377740832      0 7983032    0    0     0     0 658922 698163 26 16 58  0  0
24  0      0 377745632      0 7983032    0    0     0     0 663578 683663 27 15 58  0  0
 1  0      0 377739040      0 7983032    0    0     0     0 659838 678987 28 15 58  0  0
70  0      0 377734176      0 7983032    0    0     0     0 937447 699882 26 17 57  0  0
 1  0      0 377734432      0 7983032    0    0     0     0 683479 700812 27 17 56  0  0
119  0      0 377737600      0 7983032    0    0     0     0 658405 692866 27 17 56  0  0
32  0      0 377723392      0 7983032    0    0     0     0 1039299 678331 27 15 58  0  0
98  0      0 377728832      0 7983032    0    0     0     0 652666 706596 27 16 58  0  0
 5  0      0 377733856      0 7983032    0    0     0     0 704875 710610 27 17 57  0  0
187  0      0 377736512      0 7983032    0    0     0     0 678769 680879 26 16 58  0  0
168  0      0 377740288      0 7983032    0    0     0     0 876366 703235 27 17 57  0  0
140  0      0 377735616      0 7983032    0    0     0     0 681896 701572 26 17 56  0  0
94  0      0 377727008      0 7983032    0    0     0     0 667780 710883 26 16 58  0  0
procs -----------memory---------- ---swap-- -----io---- -system-- ------cpu-----
 r  b   swpd   free   buff  cache   si   so    bi    bo   in   cs us sy id wa st
206  0      0 377736352      0 7983032    0    0     0     0 653988 675928 26 15 58  0  0
 5  0      0 377734112      0 7983032    0    0     0     0 922647 677254 26 16 58  0  0
71  0      0 377736288      0 7983032    0    0     0     0 655870 707994 27 16 58  0  0
101  0      0 377731744      0 7983032    0    0     0     0 681211 699691 26 16 57  0  0
51  0      0 377734144      0 7983032    0    0     0     0 646462 695352 26 16 58  0  0
151  0      0 377727456      0 7983032    0    0     0     0 688957 695143 27 16 57  0  0
142  0      0 377721504      0 7983032    0    0     0     0 899479 728283 27 17 56  0  0
 2  0      0 377721984      0 7983092    0    0     0     0 653964 702748 27 16 57  0  0
98  0      0 377728864      0 7983040    0    0     0     0 669191 707639 27 16 57  0  0
108  0      0 377737312      0 7983040    0    0     0     0 654930 715385 27 16 57  0  0
15  0      0 377736576      0 7983040    0    0     0     0 795170 699977 27 17 56  0  0
175  0      0 377735680      0 7983040    0    0     0     0 691976 725960 27 17 56  0  0
71  0      0 377733664      0 7983040    0    0     0     0 677964 703126 27 17 56  0  0
121  0      0 377730880      0 7983040    0    0     0     0 675688 700730 27 16 57  0  0
24  0      0 377733280      0 7983040    0    0     0     0 869500 704558 27 16 57  0  0
 1  0      0 377731648      0 7983040    0    0     0     0 721206 721363 27 17 56  0  0
58  0      0 377735936      0 7983040    0    0     0     0 686805 713038 28 16 56  0  0
83  0      0 377736800      0 7983040    0    0     0     0 699552 717196 27 17 56  0  0
78  0      0 377733952      0 7983040    0    0     0     0 708649 710484 28 16 56  0  0
73  0      0 377731200      0 7983040    0    0     0     0 656504 719139 27 17 56  0  0
78  0      0 377731520      0 7983040    0    0     0     0 931339 672580 27 16 57  0  0
procs -----------memory---------- ---swap-- -----io---- -system-- ------cpu-----
 r  b   swpd   free   buff  cache   si   so    bi    bo   in   cs us sy id wa st
51  0      0 377727936      0 7983040    0    0     0     0 767952 684871 28 16 56  0  0
177  0      0 377729984      0 7983044    0    0     0     0 711253 736466 28 18 55  0  0
38  0      0 377715104      0 7983076    0    0     0     0 822582 699118 27 16 57  0  0
102  0      0 377728896      0 7983076    0    0     0     0 708467 691275 27 15 58  0  0
 4  0      0 377721952      0 7983076    0    0     0     0 705842 693417 26 16 58  0  0
 2  0      0 377721408      0 7983076    0    0     0     0 929738 713788 26 17 57  0  0
88  0      0 377722208      0 7983076    0    0     0     0 680409 697773 26 16 58  0  0
127  0      0 377729248      0 7983076    0    0     0     0 689090 716706 28 16 56  0  0
148  0      0 377727904      0 7983076    0    0     0     0 758834 721471 28 16 57  0  0
134  0      0 377730272      0 7983076    0    0     0     0 945881 702399 28 16 56  0  0
177  0      0 377721408      0 7983076    0    0     0     0 704826 690493 26 15 58  0  0
 6  0      0 377731648      0 7983076    0    0     0     0 762038 725141 27 18 55  0  0
136  0      0 377728320      0 7983076    0    0     0     0 782855 687918 27 17 56  0  0
97  0      0 377721216      0 7983076    0    0     0     0 677165 708303 27 17 56  0  0
 0  0      0 377942240      0 7983076    0    0     0     0 405819 407697 15  9 75  0  0
 0  0      0 377947168      0 7983076    0    0     0     0  151  250  0  0 100  0  0
106  0      0 377819520      0 7983076    0    0     0     0 118644 166175 12  3 86  0  0
125  0      0 377827520      0 7983076    0    0     0     0 528120 602199 39 10 52  0  0
81  0      0 377827968      0 7983076    0    0     0     0 827331 621724 41 11 48  0  0
159  0      0 377820160      0 7983076    0    0     0     0 653618 634786 41 11 49  0  0
198  0      0 377695776      0 7983076    0    0     0     0 680267 645175 37 12 51  0  0
procs -----------memory---------- ---swap-- -----io---- -system-- ------cpu-----
 r  b   swpd   free   buff  cache   si   so    bi    bo   in   cs us sy id wa st
 1  0      0 377698112      0 7983076    0    0     0     0 722305 689191 31 18 52  0  0
190  0      0 377687200      0 7983076    0    0     0     0 636230 695483 31 16 53  0  0
48  0      0 377699424      0 7983076    0    0     0     0 612837 705473 32 16 52  0  0
98  0      0 377697632      0 7983076    0    0     0     0 1346805 672877 31 16 53  0  0
122  0      0 377684480      0 7983076    0    0     0     0 652327 703557 31 16 53  0  0
126  0      0 377687200      0 7983076    0    0     0     0 682023 689248 30 16 54  0  0
193  0      0 377694240      0 7983076    0    0     0     0 683530 722106 31 16 52  0  0
201  0      0 377697472      0 7983076    0    0     0     0 592662 682688 31 17 52  0  0
 1  0      0 377686176      0 7983076    0    0     0     0 737646 714956 31 17 52  0  0
 5  0      0 377694464      0 7983076    0    0     0     0 803457 691994 31 15 53  0  0
 3  0      0 377690368      0 7983076    0    0     0     0 646301 660845 32 16 52  0  0
62  0      0 377703808      0 7983076    0    0     0     0 646288 682197 32 15 53  0  0
49  0      0 377695840      0 7983076    0    0     0     0 646689 686717 32 16 52  0  0
60  0      0 377704960      0 7983076    0    0     0     0 866552 675616 31 16 53  0  0
145  0      0 377701024      0 7983076    0    0     0     0 634857 681944 32 15 53  0  0
14  0      0 377695104      0 7983076    0    0     0     0 688171 698060 32 16 52  0  0
 1  0      0 377686784      0 7983076    0    0     0     0 633340 659362 31 17 53  0  0
175  0      0 377688000      0 7983076    0    0     0     0 920422 680668 30 15 54  0  0
 1  0      0 377688800      0 7983076    0    0     0     0 683512 680361 31 16 53  0  0
204  0      0 377692864      0 7983076    0    0     0     0 644982 681891 31 16 53  0  0
114  0      0 377694592      0 7983076    0    0     0     0 662712 697002 31 16 53  0  0
procs -----------memory---------- ---swap-- -----io---- -system-- ------cpu-----
 r  b   swpd   free   buff  cache   si   so    bi    bo   in   cs us sy id wa st
114  0      0 377695776      0 7983076    0    0     0     0 794873 686894 31 17 52  0  0
153  0      0 377696448      0 7983080    0    0     0     0 716129 692879 32 16 53  0  0
53  0      0 377690176      0 7983080    0    0     0     0 660290 673768 31 17 52  0  0
84  0      0 377688192      0 7983080    0    0     0     0 666676 698892 31 16 53  0  0
176  0      0 377694976      0 7983080    0    0     0     0 733370 698043 31 17 52  0  0
76  0      0 377686304      0 7983080    0    0     0     0 861779 716790 32 16 52  0  0
152  0      0 377687840      0 7983080    0    0     0     0 673236 705213 31 17 52  0  0
148  0      0 377687392      0 7983080    0    0     0     0 625809 680046 30 16 53  0  0
137  0      0 377688256      0 7983080    0    0     0     0 705696 683993 32 17 52  0  0
29  0      0 377686560      0 7983080    0    0     0     0 905426 658859 31 16 52  0  0
66  0      0 377677536      0 7983080    0    0     0     0 701520 694969 31 17 52  0  0
101  0      0 377663840      0 7983080    0    0     0     0 672427 666377 31 16 53  0  0
47  0      0 377684480      0 7983080    0    0     0     0 636188 702845 32 17 51  0  0
35  0      0 377683264      0 7983080    0    0     0     0 836253 696551 31 17 52  0  0
89  0      0 377680256      0 7983080    0    0     0     0 694729 690245 31 16 53  0  0
121  0      0 377675008      0 7983080    0    0     0     0 698767 694342 32 16 52  0  0
101  0      0 377682784      0 7983080    0    0     0     0 719814 714578 33 15 52  0  0
78  0      0 377675648      0 7983080    0    0     0     0 868759 699665 32 17 52  0  0
124  0      0 377683648      0 7983080    0    0     0     0 684827 691643 32 17 52  0  0
162  0      0 377683104      0 7983080    0    0     0     0 703859 672976 31 16 52  0  0
139  0      0 377677248      0 7983080    0    0     0     0 627430 682310 31 16 53  0  0
procs -----------memory---------- ---swap-- -----io---- -system-- ------cpu-----
 r  b   swpd   free   buff  cache   si   so    bi    bo   in   cs us sy id wa st
46  0      0 377668608      0 7983080    0    0     0     0 857583 682588 31 16 53  0  0
126  0      0 377661600      0 7983080    0    0     0     0 759929 712339 30 17 53  0  0
168  0      0 377670112      0 7983080    0    0     0     0 693035 675213 31 16 53  0  0
86  0      0 377668128      0 7983080    0    0     0     0 688065 694620 31 16 53  0  0
147  0      0 377673504      0 7983080    0    0     0     0 672823 685411 32 16 52  0  0
134  0      0 377658112      0 7983080    0    0     0     0 723885 683390 30 16 53  0  0
174  0      0 377671424      0 7983080    0    0     0     0 832432 714331 30 16 53  0  0
52  0      0 377663392      0 7983080    0    0     0     0 742834 691310 31 15 53  0  0
123  0      0 377669024      0 7983080    0    0     0     0 682731 679807 32 15 53  0  0
 4  0      0 377662368      0 7983080    0    0     0     0 658105 673948 31 16 53  0  0
104  0      0 377661728      0 7983080    0    0     0     0 837466 686436 32 16 51  0  0
18  0      0 377667968      0 7983080    0    0     0     0 695137 693948 32 15 53  0  0
14  0      0 377652640      0 7983080    0    0     0     0 832422 691357 30 16 54  0  0
 0  0      0 377938688      0 7983080    0    0     0     0 353505 307104 14  7 78  0  0
 0  0      0 377938688      0 7983080    0    0     0     0  121   92  0  0 100  0  0
140  0      0 377810528      0 7983080    0    0     0     0 154835 212282 17  4 80  0  0
 1  0      0 377821152      0 7983080    0    0     0     0 518438 590130 44 11 46  0  0
58  0      0 377823488      0 7983080    0    0     0     0 737787 598682 43 12 46  0  0
167  0      0 377823712      0 7983080    0    0     0     0 569831 594786 46 11 43  0  0
 1  0      0 377704416      0 7983080    0    0     0     0 614092 658640 39 14 47  0  0
175  0      0 377723040      0 7983080    0    0     0     0 641562 670865 36 15 49  0  0
procs -----------memory---------- ---swap-- -----io---- -system-- ------cpu-----
 r  b   swpd   free   buff  cache   si   so    bi    bo   in   cs us sy id wa st
150  0      0 377720320      0 7983080    0    0     0     0 1005723 648180 37 15 48  0  0
28  0      0 377725344      0 7983084    0    0     0     0 636267 664775 38 14 48  0  0
183  0      0 377725760      0 7983084    0    0     0     0 622751 668731 37 16 47  0  0
27  0      0 377726912      0 7983084    0    0     0     0 689308 672951 37 16 47  0  0
167  0      0 377723264      0 7983084    0    0     0     0 626042 648726 37 15 48  0  0
146  0      0 377731072      0 7983084    0    0     0     0 629405 679960 37 15 48  0  0
197  0      0 377737056      0 7983084    0    0     0     0 607911 675538 37 15 48  0  0
100  0      0 377740512      0 7983084    0    0     0     0 787775 647139 38 14 48  0  0
139  0      0 377723232      0 7983084    0    0     0     0 652053 642978 37 16 47  0  0
53  0      0 377725632      0 7983084    0    0     0     0 637246 658665 38 16 47  0  0
61  0      0 377724704      0 7983084    0    0     0     0 656832 661581 38 14 48  0  0
17  0      0 377735776      0 7983084    0    0     0     0 617139 677123 38 15 47  0  0
21  0      0 377723328      0 7983084    0    0     0     0 1025888 662729 37 15 48  0  0
58  0      0 377716352      0 7983084    0    0     0     0 650378 651944 38 16 47  0  0
173  0      0 377724896      0 7983084    0    0     0     0 638714 691083 37 16 47  0  0
120  0      0 377728032      0 7983084    0    0     0     0 623254 674626 36 16 48  0  0
175  0      0 377730336      0 7983084    0    0     0     0 769520 654192 36 16 48  0  0
 1  0      0 377729888      0 7983084    0    0     0     0 636292 678408 37 16 48  0  0
72  0      0 377720064      0 7983084    0    0     0     0 701576 697429 37 16 47  0  0
 1  0      0 377725504      0 7983084    0    0     0     0 664735 662274 37 15 48  0  0
50  0      0 377724704      0 7983084    0    0     0     0 1016532 670937 38 16 46  0  0
procs -----------memory---------- ---swap-- -----io---- -system-- ------cpu-----
 r  b   swpd   free   buff  cache   si   so    bi    bo   in   cs us sy id wa st
123  0      0 377715552      0 7983088    0    0     0     0 1745614 1787054 38 15 47  0  0
31  0      0 377722144      0 7983088    0    0     0     0 677143 668299 38 14 48  0  0
87  0      0 377715552      0 7983088    0    0     0     0 708711 660020 37 15 48  0  0
181  0      0 377726528      0 7983088    0    0     0     0 673576 662215 37 15 48  0  0
131  0      0 377724960      0 7983088    0    0     0     0 817756 649677 36 15 49  0  0
175  0      0 377713472      0 7983088    0    0     0     0 735898 690273 37 16 47  0  0
77  0      0 377726528      0 7983088    0    0     0     0 665990 651944 37 15 47  0  0
193  0      0 377729024      0 7983088    0    0     0     0 809368 656965 37 15 49  0  0
141  0      0 377718976      0 7983088    0    0     0     0 732316 709480 35 15 49  0  0
50  0      0 377717600      0 7983088    0    0     0     0 678788 698048 37 17 46  0  0
132  0      0 377719648      0 7983088    0    0     0     0 752463 655194 37 16 47  0  0
49  0      0 377718944      0 7983088    0    0     0     0 657899 691826 37 17 47  0  0
64  0      0 377719776      0 7983088    0    0     0     0 654151 638567 36 16 48  0  0
160  0      0 377719072      0 7983088    0    0     0     0 685942 678118 38 15 46  0  0
97  0      0 377718688      0 7983088    0    0     0     0 680149 657884 38 15 48  0  0
159  0      0 377714528      0 7983088    0    0     0     0 776086 646379 38 15 47  0  0
202  0      0 377719488      0 7983088    0    0     0     0 670513 656093 38 15 48  0  0
 1  0      0 377724480      0 7983088    0    0     0     0 664018 651126 37 15 48  0  0
154  0      0 377727840      0 7983088    0    0     0     0 658069 682156 37 16 47  0  0
 2  0      0 377721664      0 7983088    0    0     0     0 756008 640859 37 16 47  0  0
176  0      0 377717120      0 7983088    0    0     0     0 665479 648294 37 14 49  0  0
procs -----------memory---------- ---swap-- -----io---- -system-- ------cpu-----
 r  b   swpd   free   buff  cache   si   so    bi    bo   in   cs us sy id wa st
96  0      0 377720160      0 7983088    0    0     0     0 639406 628131 37 15 48  0  0
203  0      0 377719616      0 7983092    0    0     0     0 750332 674941 36 16 48  0  0
177  0      0 377710592      0 7983092    0    0     0     0 744904 699786 36 16 48  0  0
133  0      0 377719008      0 7983092    0    0     0     0 647616 664592 38 16 46  0  0
164  0      0 377726912      0 7983092    0    0     0     0 673728 682338 38 15 47  0  0
192  0      0 377715648      0 7983092    0    0     0     0 799442 663723 36 16 48  0  0
89  0      0 377714432      0 7983092    0    0     0     0 713799 671367 38 15 47  0  0
118  0      0 377724544      0 7983092    0    0     0     0 637652 646435 37 15 48  0  0
156  0      0 377723200      0 7983092    0    0     0     0 681534 632731 37 15 48  0  0
 1  0      0 377718816      0 7983092    0    0     0     0 666938 673334 38 16 46  0  0
 0  0      0 377950240      0 7983092    0    0     0     0 501570 475863 26 10 64  0  0
 0  0      0 377951360      0 7983092    0    0     0     0  251  292  0  0 100  0  0
126  0      0 377718400      0 7983092    0    0     0     0 53456 84147  6  1 93  0  0
 1  0      0 377744256      0 7983092    0    0     0     0 457180 529417 44 10 46  0  0
 1  0      0 377761792      0 7983092    0    0     0     0 758189 543216 45 11 44  0  0
165  0      0 377763008      0 7983092    0    0     0     0 537801 549434 46 11 43  0  0
88  0      0 377720768      0 7983092    0    0     0     0 618258 592175 43 13 44  0  0
 5  0      0 377716704      0 7983092    0    0     0     0 630470 649157 41 15 45  0  0
197  0      0 377707264      0 7983092    0    0     0     0 578265 626047 41 15 44  0  0
52  0      0 377694272      0 7983092    0    0     0     0 1134487 651675 40 16 45  0  0
167  0      0 377673920      0 7983092    0    0     0     0 673171 607350 41 14 45  0  0
procs -----------memory---------- ---swap-- -----io---- -system-- ------cpu-----
 r  b   swpd   free   buff  cache   si   so    bi    bo   in   cs us sy id wa st
78  0      0 377681664      0 7983092    0    0     0     0 637846 618929 41 16 44  0  0
88  0      0 377669664      0 7983092    0    0     0     0 617099 609585 41 14 44  0  0
131  0      0 377680288      0 7983092    0    0     0     0 935559 608817 41 15 44  0  0
31  0      0 377682112      0 7983092    0    0     0     0 645823 650129 39 16 45  0  0
16  0      0 377686592      0 7983092    0    0     0     0 621825 632835 40 16 44  0  0
126  0      0 377681472      0 7983092    0    0     0     0 665649 615377 41 14 45  0  0
94  0      0 377671680      0 7983092    0    0     0     0 650519 625941 41 15 44  0  0
113  0      0 377686752      0 7983092    0    0     0     0 654357 626543 42 14 43  0  0
177  0      0 377688672      0 7983096    0    0     0     0 850631 610581 41 14 45  0  0
143  0      0 377672736      0 7983096    0    0     0     0 664309 620749 40 15 45  0  0
158  0      0 377676192      0 7983096    0    0     0     0 654496 602893 40 14 46  0  0
153  0      0 377670496      0 7983096    0    0     0     0 644249 656769 40 16 44  0  0
 3  0      0 377683712      0 7983096    0    0     0     0 960939 632936 40 15 45  0  0
204  0      0 377674112      0 7983096    0    0     0     0 692540 650167 40 14 45  0  0
168  0      0 377671712      0 7983096    0    0     0     0 646855 630734 40 15 45  0  0
203  0      0 377668320      0 7983096    0    0     0     0 812772 629843 41 15 45  0  0
145  0      0 377667936      0 7983096    0    0     0     0 691420 637447 41 15 45  0  0
64  0      0 377673728      0 7983096    0    0     0     0 631830 632787 41 14 45  0  0
 1  0      0 377676608      0 7983096    0    0     0     0 800397 609366 42 14 44  0  0
140  0      0 377679360      0 7983096    0    0     0     0 693065 662666 41 14 45  0  0
 1  0      0 377679872      0 7983096    0    0     0     0 683733 640581 40 15 44  0  0
procs -----------memory---------- ---swap-- -----io---- -system-- ------cpu-----
 r  b   swpd   free   buff  cache   si   so    bi    bo   in   cs us sy id wa st
168  0      0 377676992      0 7983096    0    0     0     0 777863 631698 40 15 45  0  0
52  0      0 377675488      0 7983100    0    0     0     0 658799 634237 40 15 46  0  0
166  0      0 377677888      0 7983100    0    0     0     0 669643 634333 40 15 45  0  0
181  0      0 377670976      0 7983100    0    0     0     0 677395 615172 40 15 45  0  0
157  0      0 377674656      0 7983100    0    0     0     0 664016 632478 42 14 44  0  0
150  0      0 377679872      0 7983100    0    0     0     0 700421 612323 40 14 45  0  0
195  0      0 377682336      0 7983100    0    0     0     0 801883 635772 40 15 45  0  0
174  0      0 377664192      0 7983100    0    0     0     0 677332 616010 39 15 45  0  0
138  0      0 377671360      0 7983100    0    0     0     0 681169 615718 43 13 44  0  0
77  0      0 377664608      0 7983100    0    0     0     0 941745 652641 40 17 44  0  0
96  0      0 377666016      0 7983100    0    0     0     0 701847 628709 40 15 45  0  0
154  0      0 377669408      0 7983100    0    0     0     0 644121 646605 41 15 44  0  0
101  0      0 377672832      0 7983100    0    0     0     0 759368 627434 40 15 45  0  0
185  0      0 377653792      0 7983100    0    0     0     0 686592 618292 40 14 46  0  0
160  0      0 377673568      0 7983100    0    0     0     0 674339 638177 41 15 44  0  0
188  0      0 377672544      0 7983100    0    0     0     0 632627 613237 41 14 45  0  0
155  0      0 377676768      0 7983100    0    0     0     0 657170 634788 41 14 45  0  0
164  0      0 377674272      0 7983100    0    0     0     0 674185 613290 41 14 45  0  0
29  0      0 377676544      0 7983100    0    0     0     0 728627 623539 42 13 45  0  0
120  0      0 377672384      0 7983100    0    0     0     0 743477 627792 39 15 46  0  0
153  0      0 377672800      0 7983100    0    0     0     0 681745 609111 40 14 46  0  0
procs -----------memory---------- ---swap-- -----io---- -system-- ------cpu-----
 r  b   swpd   free   buff  cache   si   so    bi    bo   in   cs us sy id wa st
201  0      0 377672672      0 7983100    0    0     0     0 651230 641581 40 16 44  0  0
166  0      0 377681088      0 7983100    0    0     0     0 626154 628272 41 15 44  0  0
 1  0      0 377677632      0 7983100    0    0     0     0 776070 634256 38 15 47  0  0
82  0      0 377659648      0 7983100    0    0     0     0 688665 617469 40 16 45  0  0
198  0      0 377667040      0 7983100    0    0     0     0 656969 619904 39 16 45  0  0
150  0      0 377671872      0 7983100    0    0     0     0 647934 634999 39 16 45  0  0
198  0      0 377670368      0 7983100    0    0     0     0 658369 619128 40 15 45  0  0
178  0      0 377675584      0 7983100    0    0     0     0 661605 642793 40 15 45  0  0
19  0      0 377682176      0 7983100    0    0     0     0 637468 667663 40 15 45  0  0
 0  0      0 377934176      0 7983100    0    0     0     0 413493 382811 23  9 68  0  0
 0  0      0 377935424      0 7983100    0    0     0     0  123  102  0  0 100  0  0
160  0      0 377654656      0 7983100    0    0     0     0 99411 138096 12  3 86  0  0
205  0      0 377661056      0 7983132    0    0     0     0 426173 483386 47 11 42  0  0
138  0      0 377661152      0 7983132    0    0     0     0 948903 501603 46 13 41  0  0
191  0      0 377644608      0 7983132    0    0     0     0 506640 491419 47 11 42  0  0
159  0      0 377581120      0 7983132    0    0     0     0 621770 592471 45 14 42  0  0
140  0      0 377576096      0 7983132    0    0     0     0 1055855 587945 45 15 40  0  0
57  0      0 377527616      0 7983132    0    0     0     0 660816 600024 43 15 42  0  0
185  0      0 377548352      0 7983132    0    0     0     0 644203 572287 44 15 40  0  0
 2  0      0 377564480      0 7983132    0    0     0     0 773971 595601 45 14 41  0  0
135  0      0 377572960      0 7983132    0    0     0     0 655881 577715 45 14 42  0  0
procs -----------memory---------- ---swap-- -----io---- -system-- ------cpu-----
 r  b   swpd   free   buff  cache   si   so    bi    bo   in   cs us sy id wa st
182  0      0 377567648      0 7983132    0    0     0     0 889973 576940 45 14 40  0  0
17  0      0 377559040      0 7983136    0    0     0     0 686794 593304 46 15 40  0  0
 1  0      0 377551296      0 7983136    0    0     0     0 723587 573823 44 14 42  0  0
105  0      0 377556288      0 7983136    0    0     0     0 714015 584676 44 16 40  0  0
196  0      0 377549312      0 7983136    0    0     0     0 668318 593167 45 15 40  0  0
130  0      0 377562464      0 7983136    0    0     0     0 623473 610045 44 16 40  0  0
106  0      0 377554336      0 7983136    0    0     0     0 850896 578656 45 16 40  0  0
144  0      0 377549408      0 7983136    0    0     0     0 701424 599071 44 15 41  0  0
147  0      0 377552960      0 7983136    0    0     0     0 781005 536315 45 14 41  0  0
32  0      0 377545088      0 7983136    0    0     0     0 651381 577428 44 15 41  0  0
206  0      0 377551104      0 7983136    0    0     0     0 792658 566759 46 13 41  0  0
 1  0      0 377552448      0 7983136    0    0     0     0 814081 574219 44 16 41  0  0
77  0      0 377545312      0 7983136    0    0     0     0 696365 592367 43 15 41  0  0
170  0      0 377550016      0 7983136    0    0     0     0 808020 556273 44 14 42  0  0
164  0      0 377551520      0 7983136    0    0     0     0 619121 582825 44 15 41  0  0
140  0      0 377550752      0 7983136    0    0     0     0 760498 589012 44 16 41  0  0
 3  0      0 377552704      0 7983136    0    0     0     0 675819 604352 44 15 41  0  0
206  0      0 377556064      0 7983136    0    0     0     0 735563 605005 43 15 41  0  0
158  0      0 377559232      0 7983136    0    0     0     0 665720 599114 44 15 41  0  0
120  0      0 377540768      0 7983136    0    0     0     0 666075 591889 43 17 40  0  0
 3  0      0 377555136      0 7983136    0    0     0     0 727597 604058 45 16 39  0  0
procs -----------memory---------- ---swap-- -----io---- -system-- ------cpu-----
 r  b   swpd   free   buff  cache   si   so    bi    bo   in   cs us sy id wa st
138  0      0 377563072      0 7983136    0    0     0     0 671732 588453 44 14 42  0  0
 1  0      0 377558560      0 7983136    0    0     0     0 742165 581628 43 15 41  0  0
182  0      0 377544448      0 7983136    0    0     0     0 681281 580202 45 15 41  0  0
 5  0      0 377563968      0 7983136    0    0     0     0 736480 577080 46 14 40  0  0
205  0      0 377548160      0 7983136    0    0     0     0 623505 560223 46 16 39  0  0
204  0      0 377552480      0 7983136    0    0     0     0 661603 594907 45 14 41  0  0
194  0      0 377559840      0 7983136    0    0     0     0 622606 592390 44 15 41  0  0
187  0      0 377549632      0 7983136    0    0     0     0 627824 552473 45 14 41  0  0
64  0      0 377562784      0 7983136    0    0     0     0 776123 601390 43 15 41  0  0
 1  0      0 377554720      0 7983136    0    0     0     0 678940 589995 45 14 41  0  0
101  0      0 377556512      0 7983136    0    0     0     0 726589 577478 45 15 40  0  0
184  0      0 377552512      0 7983136    0    0     0     0 639436 565283 44 14 42  0  0
97  0      0 377557056      0 7983136    0    0     0     0 793651 584566 44 15 41  0  0
192  0      0 377555264      0 7983136    0    0     0     0 662101 556191 45 14 40  0  0
38  0      0 377548928      0 7983136    0    0     0     0 711286 572098 45 15 40  0  0
203  0      0 377549568      0 7983136    0    0     0     0 712597 575903 45 14 41  0  0
115  0      0 377549504      0 7983136    0    0     0     0 676094 574360 45 14 41  0  0
 5  0      0 377553120      0 7983136    0    0     0     0 712386 566592 46 14 40  0  0
56  0      0 377557056      0 7983136    0    0     0     0 643781 557806 45 15 40  0  0
203  0      0 377556832      0 7983136    0    0     0     0 690160 555990 45 13 43  0  0
138  0      0 377562080      0 7983136    0    0     0     0 685625 558212 46 14 40  0  0
procs -----------memory---------- ---swap-- -----io---- -system-- ------cpu-----
 r  b   swpd   free   buff  cache   si   so    bi    bo   in   cs us sy id wa st
55  0      0 377564256      0 7983136    0    0     0     0 630003 555749 46 14 40  0  0
52  0      0 377566976      0 7983140    0    0     0     0 620950 567945 45 15 40  0  0
17  0      0 377566944      0 7983140    0    0     0     0 642290 583868 44 14 41  0  0
76  0      0 377565952      0 7983144    0    0     0     0 630467 580592 44 16 41  0  0
 5  0      0 377565760      0 7983144    0    0     0     0 658670 583070 45 14 41  0  0
77  0      0 377543488      0 7983144    0    0     0     0 725559 560452 45 15 41  0  0
199  0      0 377560192      0 7983144    0    0     0     0 688603 577954 46 14 40  0  0
198  0      0 377563904      0 7983144    0    0     0     0 637301 577903 45 14 41  0  0
 0  0      0 377928832      0 7983144    0    0     0     0 318244 263601 19  7 74  0  0
 0  0      0 377930912      0 7983144    0    0     0     0  334  213  0  0 100  0  0
167  0      0 377695104      0 7983144    0    0     0     0 109130 176038 19  4 77  0  0
92  0      0 377687328      0 7983240    0    0     0     0 387083 435448 48 12 40  0  0
174  0      0 377701152      0 7983240    0    0     0     0 510561 429693 49 12 39  0  0
69  0      0 377600096      0 7983240    0    0     0     0 488909 479386 47 13 40  0  0
67  0      0 377612000      0 7983240    0    0     0     0 605250 533804 45 15 40  0  0
61  0      0 377619680      0 7983240    0    0     0     0 569038 505443 47 14 39  0  0
 1  0      0 377622432      0 7983240    0    0     0     0 1048691 530708 46 16 38  0  0
64  0      0 377617152      0 7983240    0    0     0     0 635731 545472 47 14 39  0  0
 6  0      0 377591200      0 7983240    0    0     0     0 719616 539006 48 15 37  0  0
98  0      0 377595808      0 7983240    0    0     0     0 902108 523379 47 14 39  0  0
178  0      0 377595072      0 7983240    0    0     0     0 633176 507468 46 15 39  0  0
procs -----------memory---------- ---swap-- -----io---- -system-- ------cpu-----
 r  b   swpd   free   buff  cache   si   so    bi    bo   in   cs us sy id wa st
199  0      0 377594752      0 7983240    0    0     0     0 874679 537350 47 14 39  0  0
204  0      0 377592480      0 7983240    0    0     0     0 631161 543866 47 13 39  0  0
 1  0      0 377599488      0 7983240    0    0     0     0 813260 530122 46 15 39  0  0
 1  0      0 377588416      0 7983240    0    0     0     0 654773 524070 47 15 37  0  0
146  0      0 377590400      0 7983240    0    0     0     0 749231 523441 45 16 39  0  0
159  0      0 377591552      0 7983240    0    0     0     0 794701 528641 47 14 39  0  0
189  0      0 377591520      0 7983240    0    0     0     0 656325 552066 48 14 38  0  0
167  0      0 377596224      0 7983240    0    0     0     0 779294 512823 47 14 39  0  0
162  0      0 377589984      0 7983240    0    0     0     0 653979 497552 47 14 39  0  0
87  0      0 377588192      0 7983240    0    0     0     0 800125 512856 46 16 38  0  0
164  0      0 377541152      0 7983240    0    0     0     0 680308 524011 46 15 40  0  0
181  0      0 377554912      0 7983240    0    0     0     0 816743 509688 48 15 37  0  0
120  0      0 377567104      0 7983240    0    0     0     0 630631 519096 46 15 38  0  0
148  0      0 377565312      0 7983240    0    0     0     0 677445 498108 47 14 39  0  0
164  0      0 377576352      0 7983240    0    0     0     0 699138 513525 48 14 38  0  0
188  0      0 377569984      0 7983240    0    0     0     0 688676 510610 47 15 38  0  0
23  0      0 377573440      0 7983240    0    0     0     0 838833 538933 46 15 40  0  0
149  0      0 377568768      0 7983240    0    0     0     0 699239 513286 47 14 39  0  0
139  0      0 377578048      0 7983240    0    0     0     0 679378 515823 48 14 38  0  0
73  0      0 377559488      0 7983240    0    0     0     0 790713 514353 48 14 39  0  0
168  0      0 377573760      0 7983240    0    0     0     0 722673 531805 47 14 39  0  0
procs -----------memory---------- ---swap-- -----io---- -system-- ------cpu-----
 r  b   swpd   free   buff  cache   si   so    bi    bo   in   cs us sy id wa st
 1  0      0 377580640      0 7983240    0    0     0     0 825892 553226 45 16 39  0  0
142  0      0 377581536      0 7983240    0    0     0     0 642438 536097 46 15 40  0  0
116  0      0 377571264      0 7983244    0    0     0     0 649582 549433 46 16 38  0  0
 5  0      0 377568896      0 7983244    0    0     0     0 921790 540984 47 14 39  0  0
88  0      0 377568544      0 7983244    0    0     0     0 702370 554294 45 14 40  0  0
127  0      0 377572512      0 7983244    0    0     0     0 789600 518033 46 14 40  0  0
196  0      0 377567072      0 7983244    0    0     0     0 695687 541723 46 16 38  0  0
127  0      0 377572512      0 7983244    0    0     0     0 656071 574174 44 16 39  0  0
98  0      0 377568032      0 7983244    0    0     0     0 921486 545369 47 15 38  0  0
190  0      0 377573568      0 7983244    0    0     0     0 660675 504509 46 14 39  0  0
203  0      0 377572768      0 7983244    0    0     0     0 772401 566936 44 17 39  0  0
80  0      0 377570816      0 7983244    0    0     0     0 660906 549816 44 16 40  0  0
 1  0      0 377576800      0 7983244    0    0     0     0 746082 509646 48 14 38  0  0
203  0      0 377564864      0 7983244    0    0     0     0 725906 503848 47 14 39  0  0
152  0      0 377574144      0 7983244    0    0     0     0 759379 521180 46 15 39  0  0
 5  0      0 377577344      0 7983244    0    0     0     0 611608 551666 45 15 39  0  0
109  0      0 377572512      0 7983244    0    0     0     0 666583 546581 45 16 39  0  0
141  0      0 377578848      0 7983244    0    0     0     0 750251 560509 46 15 39  0  0
168  0      0 377583968      0 7983244    0    0     0     0 660970 540133 46 15 39  0  0
 1  0      0 377577024      0 7983244    0    0     0     0 810917 531732 47 15 38  0  0
192  0      0 377574656      0 7983244    0    0     0     0 660876 549150 46 15 40  0  0
procs -----------memory---------- ---swap-- -----io---- -system-- ------cpu-----
 r  b   swpd   free   buff  cache   si   so    bi    bo   in   cs us sy id wa st
 1  0      0 377563968      0 7983244    0    0     0     0 883169 548849 46 14 39  0  0
206  0      0 377564480      0 7983244    0    0     0     0 709248 546278 46 16 38  0  0
 5  0      0 377569888      0 7983244    0    0     0     0 756017 546489 45 15 40  0  0
152  0      0 377573504      0 7983244    0    0     0     0 671564 539994 46 15 40  0  0
198  0      0 377574720      0 7983244    0    0     0     0 681928 494473 46 14 40  0  0
175  0      0 377576000      0 7983244    0    0     0     0 718604 541540 47 14 39  0  0
135  0      0 377581024      0 7983244    0    0     0     0 650871 526281 48 14 38  0  0
 0  0      0 377912480      0 7983244    0    0     0     0 243345 179658 15  5 80  0  0
 0  0      0 377917824      0 7983244    0    0     0     0  239  253  0  0 100  0  0
202  0      0 377645216      0 7983244    0    0     0     0 178327 219204 27  6 67  0  0
34  0      0 377638016      0 7983372    0    0     0     0 380261 383805 49 13 38  0  0
203  0      0 377650848      0 7983372    0    0     0     0 874781 391684 49 15 36  0  0
10  0      0 377578080      0 7983372    0    0     0     0 490800 449732 49 14 37  0  0
 1  0      0 377579008      0 7983372    0    0     0     0 1030145 479801 49 16 35  0  0
 1  0      0 377569376      0 7983372    0    0     0     0 630835 488494 49 15 36  0  0
205  0      0 377562272      0 7983372    0    0     0     0 585530 473523 49 15 35  0  0
37  0      0 377545856      0 7983372    0    0     0     0 569241 473887 48 15 37  0  0
178  0      0 377543456      0 7983372    0    0     0     0 1032308 480831 50 15 36  0  0
116  0      0 377527200      0 7983372    0    0     0     0 1160806 535170 46 15 39  0  0
203  0      0 377545728      0 7983372    0    0     0     0 637159 480830 49 14 37  0  0
156  0      0 377538848      0 7983372    0    0     0     0 573762 493976 47 15 38  0  0
procs -----------memory---------- ---swap-- -----io---- -system-- ------cpu-----
 r  b   swpd   free   buff  cache   si   so    bi    bo   in   cs us sy id wa st
204  0      0 377543744      0 7983372    0    0     0     0 638579 456680 51 13 36  0  0
 1  0      0 377548800      0 7983372    0    0     0     0 1007013 502289 47 17 36  0  0
144  0      0 377557120      0 7983376    0    0     0     0 630001 482008 50 13 36  0  0
127  0      0 377550528      0 7983376    0    0     0     0 631773 474957 50 14 36  0  0
170  0      0 377565184      0 7983376    0    0     0     0 639186 483317 50 14 36  0  0
119  0      0 377563392      0 7983376    0    0     0     0 628097 486974 47 15 37  0  0
204  0      0 377550848      0 7983376    0    0     0     0 586144 476467 49 15 37  0  0
21  0      0 377547296      0 7983376    0    0     0     0 596719 475671 48 15 37  0  0
 1  0      0 377550400      0 7983376    0    0     0     0 624498 508476 49 14 37  0  0
205  0      0 377541568      0 7983376    0    0     0     0 1087388 478312 49 15 36  0  0
178  0      0 377546336      0 7983376    0    0     0     0 628072 468445 49 15 36  0  0
188  0      0 377538592      0 7983376    0    0     0     0 655712 469532 50 14 36  0  0
68  0      0 377538944      0 7983376    0    0     0     0 818682 480933 50 14 36  0  0
 4  0      0 377550784      0 7983376    0    0     0     0 627909 482287 50 13 36  0  0
211  0      0 377546400      0 7983376    0    0     0     0 827400 486967 49 15 36  0  0
25  0      0 377539584      0 7983376    0    0     0     0 608628 462716 48 15 37  0  0
159  0      0 377541312      0 7983376    0    0     0     0 588896 464660 49 14 37  0  0
198  0      0 377534208      0 7983376    0    0     0     0 764553 483634 48 15 37  0  0
37  0      0 377557824      0 7983376    0    0     0     0 856579 475927 49 13 38  0  0
204  0      0 377549344      0 7983376    0    0     0     0 825983 474518 49 15 35  0  0
39  0      0 377560960      0 7983376    0    0     0     0 723729 480230 50 14 36  0  0
procs -----------memory---------- ---swap-- -----io---- -system-- ------cpu-----
 r  b   swpd   free   buff  cache   si   so    bi    bo   in   cs us sy id wa st
202  0      0 377555808      0 7983376    0    0     0     0 619813 462949 49 14 37  0  0
160  0      0 377558208      0 7983376    0    0     0     0 613182 471895 50 14 36  0  0
203  0      0 377544576      0 7983376    0    0     0     0 771485 490974 49 14 37  0  0
101  0      0 377554464      0 7983376    0    0     0     0 819557 472060 48 14 38  0  0
 1  0      0 377541600      0 7983376    0    0     0     0 649444 487617 49 15 37  0  0
189  0      0 377565216      0 7983376    0    0     0     0 713371 467551 49 14 36  0  0
204  0      0 377559968      0 7983376    0    0     0     0 684567 501402 49 14 37  0  0
196  0      0 377561472      0 7983376    0    0     0     0 623686 472590 49 14 37  0  0
201  0      0 377541952      0 7983376    0    0     0     0 760534 460646 50 13 36  0  0
203  0      0 377559328      0 7983376    0    0     0     0 602904 479935 50 14 37  0  0
170  0      0 377541056      0 7983376    0    0     0     0 651429 466282 50 14 37  0  0
184  0      0 377539360      0 7983376    0    0     0     0 740993 475487 50 14 36  0  0
70  0      0 377556992      0 7983376    0    0     0     0 619334 481419 50 14 36  0  0
188  0      0 377541344      0 7983376    0    0     0     0 661617 502357 47 16 37  0  0
36  0      0 377556992      0 7983376    0    0     0     0 697346 466153 50 14 36  0  0
 2  0      0 377550176      0 7983376    0    0     0     0 734996 482699 49 14 37  0  0
 4  0      0 377554816      0 7983376    0    0     0     0 646243 448159 50 15 36  0  0
38  0      0 377555552      0 7983376    0    0     0     0 698407 487847 49 13 37  0  0
 1  0      0 377551296      0 7983376    0    0     0     0 636395 448903 50 13 37  0  0
194  0      0 377534592      0 7983376    0    0     0     0 667260 504489 48 15 37  0  0
 7  0      0 377550976      0 7983376    0    0     0     0 713796 483420 49 13 37  0  0
procs -----------memory---------- ---swap-- -----io---- -system-- ------cpu-----
 r  b   swpd   free   buff  cache   si   so    bi    bo   in   cs us sy id wa st
13  0      0 377559040      0 7983376    0    0     0     0 664048 475453 50 13 37  0  0
183  0      0 377559616      0 7983376    0    0     0     0 637395 462788 49 13 38  0  0
 1  0      0 377550336      0 7983380    0    0     0     0 665230 468183 49 15 37  0  0
18  0      0 377548992      0 7983380    0    0     0     0 642126 476654 48 15 37  0  0
122  0      0 377554528      0 7983380    0    0     0     0 702591 485271 50 13 37  0  0
110  0      0 377553600      0 7983380    0    0     0     0 690788 465269 49 14 37  0  0
 0  0      0 377916160      0 7983380    0    0     0     0 143589 103636  9  3 87  0  0
 0  0      0 377917024      0 7983380    0    0     0     0  129   92  0  0 100  0  0
196  0      0 377696640      0 7983448    0    0     0     0 191200 274206 30 10 59  0  0
204  0      0 377712608      0 7983544    0    0     0     0 963583 375001 48 16 35  0  0
163  0      0 377683520      0 7983544    0    0     0     0 646193 369714 49 16 35  0  0
109  0      0 377686880      0 7983544    0    0     0     0 616075 380642 47 17 35  0  0
194  0      0 377685280      0 7983544    0    0     0     0 546155 446892 50 15 35  0  0
159  0      0 377692288      0 7983544    0    0     0     0 526865 418462 51 13 35  0  0
 1  0      0 377681920      0 7983544    0    0     0     0 808113 418082 51 14 35  0  0
203  0      0 377632288      0 7983544    0    0     0     0 573510 470064 49 15 36  0  0
79  0      0 377667648      0 7983544    0    0     0     0 635953 442704 52 14 34  0  0
94  0      0 377682176      0 7983544    0    0     0     0 592727 440865 52 14 35  0  0
200  0      0 377662112      0 7983544    0    0     0     0 925296 418694 50 15 35  0  0
79  0      0 377668416      0 7983544    0    0     0     0 599282 474059 48 16 36  0  0
 1  0      0 377658848      0 7983544    0    0     0     0 698317 449167 51 14 34  0  0
procs -----------memory---------- ---swap-- -----io---- -system-- ------cpu-----
 r  b   swpd   free   buff  cache   si   so    bi    bo   in   cs us sy id wa st
205  0      0 377670016      0 7983580    0    0     0     0 600624 424752 49 14 37  0  0
27  0      0 377670144      0 7983580    0    0     0     0 775972 441136 50 15 34  0  0
97  0      0 377680480      0 7983580    0    0     0     0 694593 443258 51 14 35  0  0
141  0      0 377657728      0 7983580    0    0     0     0 614676 432572 50 15 35  0  0
 6  0      0 377680448      0 7983580    0    0     0     0 558381 430147 52 14 34  0  0
128  0      0 377680960      0 7983580    0    0     0     0 561738 439535 50 15 35  0  0
142  0      0 377660032      0 7983580    0    0     0     0 1050399 430744 51 14 35  0  0
206  0      0 377663616      0 7983580    0    0     0     0 527026 439694 51 15 34  0  0
135  0      0 377664576      0 7983580    0    0     0     0 669193 439907 51 15 34  0  0
173  0      0 377667392      0 7983580    0    0     0     0 634339 433318 50 16 34  0  0
179  0      0 377660000      0 7983580    0    0     0     0 598954 442002 50 14 36  0  0
156  0      0 377678592      0 7983580    0    0     0     0 603618 431513 52 14 34  0  0
204  0      0 377671648      0 7983580    0    0     0     0 586837 417285 51 14 35  0  0
194  0      0 377667552      0 7983580    0    0     0     0 561504 425584 51 15 34  0  0
203  0      0 377672800      0 7983580    0    0     0     0 684974 418152 51 16 33  0  0
95  0      0 377662304      0 7983580    0    0     0     0 784966 448028 51 15 35  0  0
116  0      0 377671040      0 7983580    0    0     0     0 564931 422342 50 15 35  0  0
 1  0      0 377684896      0 7983580    0    0     0     0 611966 413838 50 14 35  0  0
144  0      0 377670688      0 7983580    0    0     0     0 596731 433365 51 14 35  0  0
205  0      0 377678720      0 7983580    0    0     0     0 737472 423179 51 15 35  0  0
26  0      0 377663680      0 7983580    0    0     0     0 853941 440548 52 15 33  0  0
procs -----------memory---------- ---swap-- -----io---- -system-- ------cpu-----
 r  b   swpd   free   buff  cache   si   so    bi    bo   in   cs us sy id wa st
196  0      0 377664032      0 7983580    0    0     0     0 611373 424891 50 14 36  0  0
117  0      0 377670848      0 7983580    0    0     0     0 638727 424951 51 15 35  0  0
69  0      0 377671936      0 7983584    0    0     0     0 601985 457312 49 16 35  0  0
204  0      0 377664800      0 7983584    0    0     0     0 612876 420892 51 14 35  0  0
178  0      0 377630720      0 7983584    0    0     0     0 752762 459945 48 18 33  0  0
114  0      0 377668768      0 7983584    0    0     0     0 606516 438264 52 13 35  0  0
189  0      0 377671968      0 7983584    0    0     0     0 589966 421356 53 15 33  0  0
173  0      0 377673824      0 7983584    0    0     0     0 614032 430913 52 14 34  0  0
 1  0      0 377678464      0 7983584    0    0     0     0 566748 404697 51 14 34  0  0
113  0      0 377685184      0 7983584    0    0     0     0 729153 428012 51 14 35  0  0
140  0      0 377685824      0 7983584    0    0     0     0 586852 424334 51 15 35  0  0
208  0      0 377688000      0 7983584    0    0     0     0 558823 418424 49 14 37  0  0
133  0      0 377672768      0 7983588    0    0     0     0 640765 428267 51 14 35  0  0
148  0      0 377688224      0 7983588    0    0     0     0 530575 417760 51 14 35  0  0
53  0      0 377690912      0 7983588    0    0     0     0 787658 438588 52 13 35  0  0
198  0      0 377676960      0 7983588    0    0     0     0 614810 441531 52 14 34  0  0
126  0      0 377675968      0 7983588    0    0     0     0 583219 450055 51 15 34  0  0
39  0      0 377680160      0 7983588    0    0     0     0 663253 448202 52 14 34  0  0
 5  0      0 377690880      0 7983588    0    0     0     0 742362 440921 51 13 35  0  0
206  0      0 377675296      0 7983588    0    0     0     0 540729 425972 49 15 36  0  0
201  0      0 377681408      0 7983588    0    0     0     0 602937 437193 52 13 35  0  0
procs -----------memory---------- ---swap-- -----io---- -system-- ------cpu-----
 r  b   swpd   free   buff  cache   si   so    bi    bo   in   cs us sy id wa st
59  0      0 377668928      0 7983588    0    0     0     0 641645 456415 50 14 36  0  0
187  0      0 377664576      0 7983588    0    0     0     0 668816 440047 50 15 35  0  0
175  0      0 377647040      0 7983588    0    0     0     0 647383 457232 49 15 35  0  0
204  0      0 377630432      0 7983588    0    0     0     0 599953 456433 48 16 37  0  0
206  0      0 377629664      0 7983588    0    0     0     0 652138 430499 53 14 34  0  0
 0  0      0 377870912      0 7983588    0    0     0     0 79292 37603  3  1 96  0  0
 0  0      0 377888704      0 7983588    0    0     0     0  235  382  0  0 100  0  0
