procs -----------memory---------- ---swap-- -----io---- -system-- ------cpu-----
 r  b   swpd   free   buff  cache   si   so    bi    bo   in   cs us sy id wa st
 1  0      0 377946336      0 7983652    0    0     0     0    0    0  0  0 100  0  0
 1  0      0 377903296      0 7983660    0    0     0     0 370935 338889  7  3 90  0  0
 2  0      0 377902176      0 7983660    0    0     0     0 452974 373531  9  4 88  0  0
59  0      0 377876448      0 7983660    0    0     0     0 505453 380697  9  4 87  0  0
 1  0      0 377883616      0 7983660    0    0     0     0 500713 558893 10  6 85  0  0
 1  0      0 377883264      0 7983660    0    0     0     0 495055 567596 11  6 84  0  0
38  0      0 377884096      0 7983660    0    0     0     0 540835 571550 11  6 83  0  0
 1  0      0 377882496      0 7983660    0    0     0     0 522007 579735 11  6 83  0  0
19  0      0 377876256      0 7983660    0    0     0     0 568035 572511 11  6 83  0  0
10  0      0 377874208      0 7983660    0    0     0     0 552534 602131 11  6 83  0  0
 1  0      0 377881088      0 7983660    0    0     0     0 539283 581871 11  6 82  0  0
 1  0      0 377881216      0 7983660    0    0     0     0 542713 576459 11  6 83  0  0
73  0      0 377883808      0 7983660    0    0     0     0 538767 562623 11  6 83  0  0
59  0      0 377885024      0 7983660    0    0     0     0 541130 576023 12  6 83  0  0
 1  0      0 377881408      0 7983660    0    0     0     0 543778 594423 12  6 82  0  0
 2  0      0 377884416      0 7983664    0    0     0     0 572516 586291 11  6 83  0  0
73  0      0 377884480      0 7983664    0    0     0     0 524219 579322 11  6 83  0  0
20  0      0 377883072      0 7983664    0    0     0     0 581301 585220 11  6 83  0  0
 4  0      0 377881280      0 7983664    0    0     0     0 544811 607460 11  6 82  0  0
20  0      0 377875200      0 7983664    0    0     0     0 571952 606169 11  6 82  0  0
58  0      0 377879200      0 7983664    0    0     0     0 543208 603993 11  7 82  0  0
procs -----------memory---------- ---swap-- -----io---- -system-- ------cpu-----
 r  b   swpd   free   buff  cache   si   so    bi    bo   in   cs us sy id wa st
 3  0      0 377877536      0 7983664    0    0     0     0 584509 611883 12  6 82  0  0
47  0      0 377886144      0 7983664    0    0     0     0 542233 609817 11  6 83  0  0
46  0      0 377882048      0 7983664    0    0     0     0 550595 618122 12  7 82  0  0
50  0      0 377884576      0 7983664    0    0     0     0 579247 603794 11  6 83  0  0
70  0      0 377884160      0 7983664    0    0     0     0 548138 606831 11  6 82  0  0
71  0      0 377883968      0 7983664    0    0     0     0 551386 602937 11  6 82  0  0
27  0      0 377886944      0 7983664    0    0     0     0 548407 613980 12  6 82  0  0
56  0      0 377885536      0 7983664    0    0     0     0 538870 610219 11  6 82  0  0
80  0      0 377885408      0 7983664    0    0     0     0 564017 624325 12  6 82  0  0
62  0      0 377886016      0 7983664    0    0     0     0 570094 613680 12  7 82  0  0
14  0      0 377886336      0 7983664    0    0     0     0 581818 617353 12  6 82  0  0
 1  0      0 377890464      0 7983664    0    0     0     0 577710 628041 12  6 82  0  0
59  0      0 377891456      0 7983664    0    0     0     0 577260 622166 12  6 82  0  0
 1  0      0 377893344      0 7983664    0    0     0     0 591305 630147 12  7 81  0  0
 1  0      0 377891648      0 7983664    0    0     0     0 592154 626232 12  6 82  0  0
 1  0      0 377891392      0 7983664    0    0     0     0 558417 626165 12  6 82  0  0
43  0      0 377892320      0 7983664    0    0     0     0 572268 623222 12  6 82  0  0
29  0      0 377890592      0 7983664    0    0     0     0 557983 635492 12  6 82  0  0
39  0      0 377894112      0 7983664    0    0     0     0 578935 627392 12  6 82  0  0
14  0      0 377892288      0 7983664    0    0     0     0 583570 638585 12  7 82  0  0
 1  0      0 377893472      0 7983664    0    0     0     0 582651 608367 12  6 82  0  0
procs -----------memory---------- ---swap-- -----io---- -system-- ------cpu-----
 r  b   swpd   free   buff  cache   si   so    bi    bo   in   cs us sy id wa st
74  0      0 377892480      0 7983664    0    0     0     0 582366 630355 12  6 82  0  0
 1  0      0 377896736      0 7983668    0    0     0     0 586925 615394 12  7 82  0  0
64  0      0 377895968      0 7983668    0    0     0     0 583757 627323 12  6 82  0  0
36  0      0 377894336      0 7983668    0    0     0     0 593922 632166 12  7 81  0  0
43  0      0 377895616      0 7983668    0    0     0     0 578381 615506 12  6 82  0  0
64  0      0 377893088      0 7983668    0    0     0     0 605885 618816 12  6 82  0  0
54  0      0 377892032      0 7983668    0    0     0     0 591488 623002 12  6 82  0  0
58  0      0 377893632      0 7983668    0    0     0     0 560514 625142 12  6 82  0  0
 1  0      0 377893152      0 7983668    0    0     0     0 552560 635555 12  7 81  0  0
 1  0      0 377894400      0 7983668    0    0     0     0 593829 630541 12  6 82  0  0
 1  0      0 377896448      0 7983668    0    0     0     0 589631 638417 12  6 82  0  0
 1  0      0 377895168      0 7983668    0    0     0     0 591382 635694 12  6 82  0  0
 4  0      0 377897280      0 7983668    0    0     0     0 600920 631288 12  7 81  0  0
81  0      0 377902144      0 7983668    0    0     0     0 606061 631649 12  6 81  0  0
 1  0      0 377899104      0 7983668    0    0     0     0 580957 636205 12  7 81  0  0
72  0      0 377898208      0 7983668    0    0     0     0 571473 637849 12  7 81  0  0
38  0      0 377898112      0 7983668    0    0     0     0 606823 632776 12  7 81  0  0
 1  0      0 377895840      0 7983668    0    0     0     0 594829 631996 12  6 82  0  0
 0  0      0 377952576      0 7983668    0    0     0     0 540745 580467 11  6 83  0  0
 0  0      0 377952608      0 7983668    0    0     0     0  170  205  0  0 100  0  0
 6  0      0 377918880      0 7983668    0    0     0     0 10480 16332  0  0 100  0  0
procs -----------memory---------- ---swap-- -----io---- -system-- ------cpu-----
 r  b   swpd   free   buff  cache   si   so    bi    bo   in   cs us sy id wa st
 0  0      0 377912736      0 7983668    0    0     0     0 454937 393141 10  3 87  0  0
 1  0      0 377906944      0 7983668    0    0     0     0 498730 403336 12  3 85  0  0
40  0      0 377901376      0 7983668    0    0     0     0 544412 399564 12  3 85  0  0
 1  0      0 377733568      0 7983668    0    0     0     0 733248 827775 15 17 67  0  0
 1  0      0 377736352      0 7983668    0    0     0     0 800423 956962 18 19 63  0  0
 1  0      0 377737440      0 7983668    0    0     0     0 732504 988644 19 19 62  0  0
147  0      0 377735808      0 7983668    0    0     0     0 727430 980847 20 18 62  0  0
25  0      0 377737728      0 7983668    0    0     0     0 742940 992863 20 18 62  0  0
123  0      0 377730624      0 7983668    0    0     0     0 1163290 974265 19 19 61  0  0
 1  0      0 377730432      0 7983668    0    0     0     0 744985 992146 20 19 61  0  0
32  0      0 377729440      0 7983668    0    0     0     0 776140 991165 19 19 62  0  0
18  0      0 377730592      0 7983668    0    0     0     0 725567 980856 19 18 63  0  0
 1  0      0 377723936      0 7983668    0    0     0     0 984732 992767 18 21 61  0  0
136  0      0 377726400      0 7983668    0    0     0     0 774273 982517 18 21 62  0  0
 1  0      0 377720960      0 7983668    0    0     0     0 786186 982815 18 20 62  0  0
123  0      0 377725376      0 7983668    0    0     0     0 791710 993091 18 20 62  0  0
165  0      0 377724736      0 7983668    0    0     0     0 1101899 979767 18 21 62  0  0
144  0      0 377721888      0 7983668    0    0     0     0 799854 1003150 18 21 61  0  0
99  0      0 377715200      0 7983668    0    0     0     0 857159 1005845 18 21 61  0  0
 1  0      0 377717536      0 7983668    0    0     0     0 897348 1019397 18 21 61  0  0
99  0      0 377725024      0 7983668    0    0     0     0 744357 1024130 18 21 61  0  0
procs -----------memory---------- ---swap-- -----io---- -system-- ------cpu-----
 r  b   swpd   free   buff  cache   si   so    bi    bo   in   cs us sy id wa st
143  0      0 377724576      0 7983668    0    0     0     0 924812 1002762 18 20 61  0  0
34  0      0 377725728      0 7983672    0    0     0     0 851427 997674 18 21 61  0  0
138  0      0 377726624      0 7983672    0    0     0     0 810460 999188 18 20 61  0  0
130  0      0 377726560      0 7983672    0    0     0     0 822426 1001890 18 21 61  0  0
 1  0      0 377727968      0 7983672    0    0     0     0 1059118 974512 18 20 62  0  0
99  0      0 377723392      0 7983672    0    0     0     0 833218 1003902 19 20 62  0  0
 2  0      0 377717344      0 7983672    0    0     0     0 895462 994249 18 21 61  0  0
103  0      0 377720736      0 7983672    0    0     0     0 763311 1004820 18 20 62  0  0
67  0      0 377715328      0 7983672    0    0     0     0 1066375 994971 18 20 62  0  0
140  0      0 377715552      0 7983672    0    0     0     0 846926 1006672 18 21 60  0  0
81  0      0 377718848      0 7983672    0    0     0     0 772126 986729 18 21 62  0  0
68  0      0 377719328      0 7983672    0    0     0     0 987540 970653 18 21 62  0  0
 7  0      0 377722816      0 7983672    0    0     0     0 756433 995773 18 21 61  0  0
27  0      0 377718592      0 7983672    0    0     0     0 884562 997959 18 22 61  0  0
137  0      0 377720832      0 7983672    0    0     0     0 784442 1000351 18 21 62  0  0
22  0      0 377720064      0 7983672    0    0     0     0 826635 1009093 18 21 61  0  0
79  0      0 377720800      0 7983672    0    0     0     0 1011209 998097 18 21 61  0  0
141  0      0 377718464      0 7983672    0    0     0     0 786163 990364 18 21 61  0  0
129  0      0 377718496      0 7983672    0    0     0     0 856269 1002820 18 22 60  0  0
25  0      0 377717312      0 7983672    0    0     0     0 992311 979307 18 21 62  0  0
104  0      0 377714496      0 7983672    0    0     0     0 828571 972866 18 21 62  0  0
procs -----------memory---------- ---swap-- -----io---- -system-- ------cpu-----
 r  b   swpd   free   buff  cache   si   so    bi    bo   in   cs us sy id wa st
111  0      0 377718048      0 7983672    0    0     0     0 815245 1005199 18 22 60  0  0
 1  0      0 377713856      0 7983672    0    0     0     0 935018 994544 18 21 61  0  0
124  0      0 377714976      0 7983672    0    0     0     0 868506 978295 18 21 61  0  0
118  0      0 377722304      0 7983672    0    0     0     0 844119 1009727 18 22 60  0  0
68  0      0 377716768      0 7983672    0    0     0     0 948394 984707 18 21 61  0  0
108  0      0 377719872      0 7983672    0    0     0     0 810137 982456 17 21 61  0  0
117  0      0 377719584      0 7983672    0    0     0     0 806438 990942 18 21 61  0  0
140  0      0 377724480      0 7983672    0    0     0     0 940934 997134 18 21 61  0  0
114  0      0 377722016      0 7983672    0    0     0     0 795696 987659 17 22 61  0  0
45  0      0 377713504      0 7983672    0    0     0     0 872284 989669 17 21 61  0  0
138  0      0 377719168      0 7983672    0    0     0     0 778553 1007257 18 21 61  0  0
124  0      0 377719936      0 7983672    0    0     0     0 864195 1017796 18 22 60  0  0
 1  0      0 377721920      0 7983672    0    0     0     0 800217 1005610 18 22 61  0  0
 1  0      0 377715712      0 7983676    0    0     0     0 804438 1008832 17 22 60  0  0
 1  0      0 377718400      0 7983672    0    0     0     0 883711 990737 17 21 61  0  0
133  0      0 377719552      0 7983672    0    0     0     0 789730 1000271 18 22 61  0  0
 1  0      0 377715168      0 7983672    0    0     0     0 854091 1025983 18 22 60  0  0
 0  0      0 377926912      0 7983672    0    0     0     0 703870 816299 14 18 67  0  0
 0  0      0 377927104      0 7983672    0    0     0     0  355  514  0  0 100  0  0
48  0      0 377861376      0 7983672    0    0     0     0 58873 55555  2  0 98  0  0
68  0      0 377862528      0 7983672    0    0     0     0 462402 436364 14  4 82  0  0
procs -----------memory---------- ---swap-- -----io---- -system-- ------cpu-----
 r  b   swpd   free   buff  cache   si   so    bi    bo   in   cs us sy id wa st
73  0      0 377867712      0 7983704    0    0     0     0 467282 452325 15  4 81  0  0
55  0      0 377872288      0 7983704    0    0     0     0 595752 454602 16  4 80  0  0
158  0      0 377648384      0 7983708    0    0     0     0 526851 567584 16 10 74  0  0
 1  0      0 377645792      0 7983708    0    0     0     0 611663 746109 21 18 61  0  0
29  0      0 377654368      0 7983708    0    0     0     0 1169339 755621 20 17 62  0  0
 1  0      0 377655488      0 7983708    0    0     0     0 667383 791467 22 19 60  0  0
24  0      0 377660480      0 7983708    0    0     0     0 638422 756313 20 17 63  0  0
27  0      0 377658624      0 7983708    0    0     0     0 660971 766596 21 18 61  0  0
125  0      0 377661824      0 7983708    0    0     0     0 870509 771307 21 17 62  0  0
77  0      0 377663744      0 7983712    0    0     0     0 669189 744830 21 17 62  0  0
48  0      0 377663008      0 7983712    0    0     0     0 673897 767395 21 17 61  0  0
96  0      0 377666368      0 7983712    0    0     0     0 862353 767355 21 18 61  0  0
 1  0      0 377658752      0 7983712    0    0     0     0 672677 759118 22 17 61  0  0
165  0      0 377664416      0 7983712    0    0     0     0 860282 794934 21 17 61  0  0
 1  0      0 377660928      0 7983712    0    0     0     0 692562 765868 20 19 61  0  0
192  0      0 377657888      0 7983712    0    0     0     0 633166 763285 21 18 62  0  0
 9  0      0 377652672      0 7983712    0    0     0     0 666253 797359 20 19 61  0  0
30  0      0 377654752      0 7983712    0    0     0     0 681571 751459 20 18 62  0  0
154  0      0 377657280      0 7983712    0    0     0     0 915718 782941 19 19 62  0  0
 1  0      0 377654048      0 7983712    0    0     0     0 663402 756275 21 18 62  0  0
39  0      0 377658528      0 7983712    0    0     0     0 808024 782235 20 19 61  0  0
procs -----------memory---------- ---swap-- -----io---- -system-- ------cpu-----
 r  b   swpd   free   buff  cache   si   so    bi    bo   in   cs us sy id wa st
126  0      0 377664352      0 7983712    0    0     0     0 652262 762058 20 18 62  0  0
130  0      0 377659904      0 7983712    0    0     0     0 660068 768757 20 18 62  0  0
111  0      0 377666464      0 7983712    0    0     0     0 679254 784137 20 19 61  0  0
13  0      0 377667360      0 7983712    0    0     0     0 687280 762441 20 18 62  0  0
 2  0      0 377666368      0 7983712    0    0     0     0 885792 763640 20 18 62  0  0
60  0      0 377662272      0 7983712    0    0     0     0 690192 771473 20 18 61  0  0
14  0      0 377659488      0 7983712    0    0     0     0 660049 768979 20 18 62  0  0
215  0      0 377662784      0 7983712    0    0     0     0 661588 756506 20 17 63  0  0
 1  0      0 377667360      0 7983712    0    0     0     0 806060 749406 20 18 61  0  0
77  0      0 377658720      0 7983712    0    0     0     0 676834 770964 20 17 63  0  0
53  0      0 377667456      0 7983712    0    0     0     0 654864 774181 20 19 61  0  0
97  0      0 377669024      0 7983712    0    0     0     0 677317 779992 20 18 62  0  0
37  0      0 377670752      0 7983712    0    0     0     0 670617 792213 20 19 61  0  0
 1  0      0 377666528      0 7983712    0    0     0     0 796332 771159 20 18 62  0  0
14  0      0 377660928      0 7983712    0    0     0     0 651380 760187 20 18 62  0  0
61  0      0 377656608      0 7983712    0    0     0     0 691151 770451 20 19 61  0  0
92  0      0 377664640      0 7983712    0    0     0     0 648864 755794 20 18 62  0  0
62  0      0 377651296      0 7983712    0    0     0     0 874522 762561 20 17 63  0  0
52  0      0 377663552      0 7983712    0    0     0     0 707580 769658 20 18 62  0  0
67  0      0 377667328      0 7983712    0    0     0     0 774870 758354 20 17 63  0  0
64  0      0 377666016      0 7983712    0    0     0     0 659259 796950 20 19 61  0  0
procs -----------memory---------- ---swap-- -----io---- -system-- ------cpu-----
 r  b   swpd   free   buff  cache   si   so    bi    bo   in   cs us sy id wa st
 2  0      0 377664640      0 7983712    0    0     0     0 682276 761480 20 17 63  0  0
15  0      0 377666592      0 7983716    0    0     0     0 648917 750315 20 17 63  0  0
66  0      0 377665824      0 7983716    0    0     0     0 754710 773513 20 18 62  0  0
57  0      0 377653120      0 7983716    0    0     0     0 709552 763401 20 18 63  0  0
 1  0      0 377658624      0 7983716    0    0     0     0 676971 786428 20 19 62  0  0
193  0      0 377656576      0 7983716    0    0     0     0 699262 749554 20 18 62  0  0
69  0      0 377658368      0 7983716    0    0     0     0 819585 774604 20 19 62  0  0
132  0      0 377659552      0 7983716    0    0     0     0 766572 774437 20 18 62  0  0
173  0      0 377663552      0 7983716    0    0     0     0 716046 781684 20 18 62  0  0
 2  0      0 377660000      0 7983716    0    0     0     0 719962 787841 20 18 62  0  0
11  0      0 377664832      0 7983716    0    0     0     0 767307 773430 20 18 62  0  0
 1  0      0 377663392      0 7983716    0    0     0     0 705919 740967 20 18 62  0  0
186  0      0 377662976      0 7983716    0    0     0     0 745241 755018 21 17 62  0  0
 1  0      0 377659744      0 7983716    0    0     0     0 733859 753325 19 17 63  0  0
128  0      0 377654816      0 7983716    0    0     0     0 699981 745780 20 18 62  0  0
51  0      0 377655008      0 7983716    0    0     0     0 782884 782194 20 19 61  0  0
 0  0      0 377925056      0 7983716    0    0     0     0 517512 560568 15 13 73  0  0
 1  0      0 377927680      0 7983716    0    0     0     0  237  192  0  0 100  0  0
66  0      0 377848384      0 7983716    0    0     0     0 75551 88677  4  1 96  0  0
77  0      0 377852160      0 7983716    0    0     0     0 414447 470954 20  4 75  0  0
 1  0      0 377853440      0 7983716    0    0     0     0 494405 490618 21  5 74  0  0
procs -----------memory---------- ---swap-- -----io---- -system-- ------cpu-----
 r  b   swpd   free   buff  cache   si   so    bi    bo   in   cs us sy id wa st
63  0      0 377852992      0 7983716    0    0     0     0 614344 488759 21  5 74  0  0
88  0      0 377848960      0 7983716    0    0     0     0 487072 489114 21  5 74  0  0
58  0      0 377744480      0 7983716    0    0     0     0 573029 582329 23 12 65  0  0
176  0      0 377720992      0 7983716    0    0     0     0 563619 608070 25 14 60  0  0
16  0      0 377717568      0 7983716    0    0     0     0 983922 626197 25 15 61  0  0
58  0      0 377707296      0 7983716    0    0     0     0 581305 597258 26 14 61  0  0
101  0      0 377706752      0 7983716    0    0     0     0 628703 599774 26 14 61  0  0
38  0      0 377690240      0 7983716    0    0     0     0 659930 596704 25 14 61  0  0
20  0      0 377699968      0 7983716    0    0     0     0 772652 612195 25 14 61  0  0
204  0      0 377700352      0 7983716    0    0     0     0 651516 615681 25 14 61  0  0
51  0      0 377698496      0 7983716    0    0     0     0 639384 579502 25 14 61  0  0
217  0      0 377692320      0 7983716    0    0     0     0 770065 630518 26 14 60  0  0
34  0      0 377686784      0 7983716    0    0     0     0 632360 600384 25 15 61  0  0
58  0      0 377689888      0 7983716    0    0     0     0 649773 598215 25 14 60  0  0
138  0      0 377684608      0 7983716    0    0     0     0 757146 622970 25 14 61  0  0
36  0      0 377681984      0 7983716    0    0     0     0 632236 611837 25 13 61  0  0
184  0      0 377679808      0 7983716    0    0     0     0 644049 592194 25 14 61  0  0
 5  0      0 377683264      0 7983716    0    0     0     0 667324 630100 25 15 60  0  0
12  0      0 377686400      0 7983716    0    0     0     0 802982 597832 25 14 61  0  0
37  0      0 377683008      0 7983716    0    0     0     0 680721 601125 26 15 60  0  0
99  0      0 377684640      0 7983716    0    0     0     0 663142 596840 26 14 61  0  0
procs -----------memory---------- ---swap-- -----io---- -system-- ------cpu-----
 r  b   swpd   free   buff  cache   si   so    bi    bo   in   cs us sy id wa st
83  0      0 377687136      0 7983716    0    0     0     0 634224 578789 26 14 61  0  0
31  0      0 377683296      0 7983720    0    0     0     0 651774 623219 26 14 60  0  0
 6  0      0 377685408      0 7983720    0    0     0     0 636472 632336 25 15 60  0  0
10  0      0 377678976      0 7983720    0    0     0     0 890791 597055 25 14 61  0  0
95  0      0 377684768      0 7983720    0    0     0     0 688043 602462 25 14 61  0  0
26  0      0 377674240      0 7983720    0    0     0     0 666526 596740 25 14 61  0  0
96  0      0 377682016      0 7983720    0    0     0     0 640370 640334 25 15 60  0  0
63  0      0 377684000      0 7983720    0    0     0     0 672338 625771 25 14 61  0  0
18  0      0 377683904      0 7983720    0    0     0     0 878953 610618 26 15 60  0  0
93  0      0 377684512      0 7983720    0    0     0     0 631900 610978 25 15 60  0  0
165  0      0 377680352      0 7983720    0    0     0     0 679074 630311 26 14 60  0  0
85  0      0 377686304      0 7983720    0    0     0     0 677461 637917 25 14 61  0  0
 1  0      0 377686048      0 7983720    0    0     0     0 806945 640017 26 14 60  0  0
 1  0      0 377688928      0 7983720    0    0     0     0 646914 610864 25 14 61  0  0
55  0      0 377687392      0 7983720    0    0     0     0 660779 613660 25 14 61  0  0
218  0      0 377687328      0 7983720    0    0     0     0 658637 636057 26 14 60  0  0
41  0      0 377686400      0 7983720    0    0     0     0 758960 613529 25 14 60  0  0
44  0      0 377684160      0 7983720    0    0     0     0 655460 620961 25 15 60  0  0
120  0      0 377682272      0 7983720    0    0     0     0 675374 593166 26 14 60  0  0
 4  0      0 377684768      0 7983720    0    0     0     0 672003 617029 25 15 60  0  0
55  0      0 377680320      0 7983720    0    0     0     0 748564 591406 25 14 60  0  0
procs -----------memory---------- ---swap-- -----io---- -system-- ------cpu-----
 r  b   swpd   free   buff  cache   si   so    bi    bo   in   cs us sy id wa st
103  0      0 377683200      0 7983720    0    0     0     0 755047 588288 26 14 60  0  0
219  0      0 377683584      0 7983720    0    0     0     0 685581 599608 25 14 60  0  0
158  0      0 377683008      0 7983720    0    0     0     0 654505 592367 25 14 61  0  0
 1  0      0 377684000      0 7983720    0    0     0     0 648302 621532 26 14 60  0  0
75  0      0 377685504      0 7983720    0    0     0     0 680794 612789 26 14 61  0  0
39  0      0 377685696      0 7983720    0    0     0     0 654235 609586 25 14 61  0  0
175  0      0 377685568      0 7983720    0    0     0     0 1019678 650119 25 14 61  0  0
 6  0      0 377680736      0 7983720    0    0     0     0 644927 612720 25 15 60  0  0
31  0      0 377684672      0 7983720    0    0     0     0 644838 612571 25 14 61  0  0
97  0      0 377685536      0 7983720    0    0     0     0 661846 619245 26 14 60  0  0
 8  0      0 377679968      0 7983720    0    0     0     0 892148 623597 25 14 60  0  0
148  0      0 377684032      0 7983720    0    0     0     0 685402 618902 26 14 61  0  0
110  0      0 377683456      0 7983720    0    0     0     0 663446 610271 25 15 60  0  0
15  0      0 377685984      0 7983720    0    0     0     0 852782 623165 25 14 61  0  0
 1  0      0 377682944      0 7983720    0    0     0     0 690749 620663 26 14 60  0  0
 0  0      0 377915552      0 7983720    0    0     0     0 437504 407654 16  9 74  0  0
 0  0      0 377916960      0 7983720    0    0     0     0  277  523  0  0 100  0  0
77  0      0 377612992      0 7983720    0    0     0     0 98515 123971  5  1 93  0  0
121  0      0 377627008      0 7983752    0    0     0     0 537491 512852 25  7 68  0  0
90  0      0 377646784      0 7983752    0    0     0     0 520123 534617 26  6 67  0  0
 1  0      0 377648768      0 7983752    0    0     0     0 805799 522104 26  7 68  0  0
procs -----------memory---------- ---swap-- -----io---- -system-- ------cpu-----
 r  b   swpd   free   buff  cache   si   so    bi    bo   in   cs us sy id wa st
82  0      0 377650560      0 7983752    0    0     0     0 565042 531645 27  6 67  0  0
205  0      0 377600768      0 7983756    0    0     0     0 604617 548842 27 11 62  0  0
13  0      0 377529600      0 7983756    0    0     0     0 1522179 574554 29 15 56  0  0
36  0      0 377529792      0 7983756    0    0     0     0 633846 561421 30 14 56  0  0
121  0      0 377531360      0 7983756    0    0     0     0 590125 562111 29 15 56  0  0
218  0      0 377529216      0 7983756    0    0     0     0 647824 597144 29 15 56  0  0
 1  0      0 377535584      0 7983756    0    0     0     0 819947 598040 30 15 55  0  0
218  0      0 377526272      0 7983756    0    0     0     0 650665 565687 30 15 55  0  0
 1  0      0 377529248      0 7983756    0    0     0     0 864845 581185 29 15 55  0  0
53  0      0 377530464      0 7983756    0    0     0     0 810400 562969 30 14 55  0  0
 1  0      0 377525344      0 7983756    0    0     0     0 707272 557074 30 15 55  0  0
209  0      0 377527296      0 7983756    0    0     0     0 811850 592460 29 15 56  0  0
118  0      0 377530816      0 7983756    0    0     0     0 835799 578111 29 15 56  0  0
49  0      0 377506304      0 7983756    0    0     0     0 706281 607214 29 16 55  0  0
 2  0      0 377493056      0 7983756    0    0     0     0 644636 578793 30 16 54  0  0
 1  0      0 377506752      0 7983756    0    0     0     0 921309 587710 29 15 55  0  0
141  0      0 377505536      0 7983756    0    0     0     0 665252 576112 29 15 55  0  0
112  0      0 377505856      0 7983756    0    0     0     0 868160 569051 30 15 55  0  0
193  0      0 377506144      0 7983756    0    0     0     0 828948 561788 29 15 56  0  0
30  0      0 377498496      0 7983756    0    0     0     0 698652 571524 29 15 56  0  0
62  0      0 377504416      0 7983756    0    0     0     0 823282 564376 28 16 56  0  0
procs -----------memory---------- ---swap-- -----io---- -system-- ------cpu-----
 r  b   swpd   free   buff  cache   si   so    bi    bo   in   cs us sy id wa st
138  0      0 377505408      0 7983756    0    0     0     0 647519 551922 29 14 57  0  0
92  0      0 377511232      0 7983756    0    0     0     0 787250 569735 29 15 55  0  0
74  0      0 377498720      0 7983756    0    0     0     0 670231 556547 29 14 57  0  0
123  0      0 377494880      0 7983756    0    0     0     0 744263 560377 29 15 56  0  0
 1  0      0 377504800      0 7983756    0    0     0     0 793425 561050 29 15 57  0  0
115  0      0 377512224      0 7983756    0    0     0     0 639471 570256 30 14 56  0  0
 1  0      0 377500384      0 7983756    0    0     0     0 777543 606862 29 15 56  0  0
85  0      0 377500640      0 7983756    0    0     0     0 708992 538035 29 16 55  0  0
 5  0      0 377496768      0 7983756    0    0     0     0 706003 553807 29 15 56  0  0
117  0      0 377501024      0 7983756    0    0     0     0 772356 565974 29 15 56  0  0
60  0      0 377495104      0 7983756    0    0     0     0 743983 600735 29 15 57  0  0
129  0      0 377499776      0 7983756    0    0     0     0 707629 590078 29 15 56  0  0
24  0      0 377494016      0 7983756    0    0     0     0 673559 592192 29 15 56  0  0
97  0      0 377500320      0 7983756    0    0     0     0 735499 581325 29 15 56  0  0
 2  0      0 377499328      0 7983756    0    0     0     0 669929 589912 29 15 56  0  0
108  0      0 377503328      0 7983756    0    0     0     0 750842 562733 29 16 56  0  0
40  0      0 377499232      0 7983760    0    0     0     0 672055 588014 30 15 55  0  0
92  0      0 377502624      0 7983760    0    0     0     0 717492 576637 29 15 56  0  0
16  0      0 377503552      0 7983760    0    0     0     0 694284 568207 30 15 56  0  0
19  0      0 377497152      0 7983760    0    0     0     0 765007 580387 29 14 56  0  0
 1  0      0 377501376      0 7983760    0    0     0     0 721409 600166 29 15 56  0  0
procs -----------memory---------- ---swap-- -----io---- -system-- ------cpu-----
 r  b   swpd   free   buff  cache   si   so    bi    bo   in   cs us sy id wa st
 1  0      0 377505312      0 7983760    0    0     0     0 710543 591625 29 16 55  0  0
159  0      0 377511680      0 7983764    0    0     0     0 669939 571344 30 16 54  0  0
134  0      0 377509664      0 7983764    0    0     0     0 713876 571589 29 15 56  0  0
83  0      0 377507168      0 7983764    0    0     0     0 699361 581617 30 15 55  0  0
125  0      0 377501952      0 7983764    0    0     0     0 717253 557009 29 15 56  0  0
167  0      0 377502464      0 7983764    0    0     0     0 671731 606436 30 15 55  0  0
23  0      0 377507136      0 7983764    0    0     0     0 679267 557779 29 15 56  0  0
120  0      0 377513888      0 7983764    0    0     0     0 646430 576223 29 15 56  0  0
 1  0      0 377512896      0 7983764    0    0     0     0 684487 568779 29 14 56  0  0
 1  0      0 377506752      0 7983764    0    0     0     0 698679 553637 30 15 56  0  0
 1  0      0 377511360      0 7983764    0    0     0     0 667872 547088 30 14 56  0  0
 1  0      0 377509600      0 7983764    0    0     0     0 677676 601432 29 15 56  0  0
217  0      0 377515264      0 7983764    0    0     0     0 672766 580595 30 14 55  0  0
80  0      0 377514688      0 7983764    0    0     0     0 692206 580786 30 15 56  0  0
 0  0      0 377924416      0 7983764    0    0     0     0 392351 337924 17  9 74  0  0
 0  0      0 377925408      0 7983764    0    0     0     0  103   89  0  0 100  0  0
84  0      0 377789824      0 7983764    0    0     0     0 108289 142763  8  2 90  0  0
71  0      0 377786048      0 7983764    0    0     0     0 505419 531492 31  7 62  0  0
117  0      0 377791040      0 7983764    0    0     0     0 536784 564401 34  7 59  0  0
 1  0      0 377787904      0 7983764    0    0     0     0 820197 571995 32  8 60  0  0
 2  0      0 377785664      0 7983764    0    0     0     0 594056 595027 35  8 58  0  0
procs -----------memory---------- ---swap-- -----io---- -system-- ------cpu-----
 r  b   swpd   free   buff  cache   si   so    bi    bo   in   cs us sy id wa st
85  0      0 377652224      0 7983764    0    0     0     0 564531 566891 33 15 51  0  0
149  0      0 377654208      0 7983764    0    0     0     0 565288 574509 35 16 49  0  0
158  0      0 377664160      0 7983764    0    0     0     0 581633 571320 35 16 49  0  0
 1  0      0 377661024      0 7983764    0    0     0     0 591209 591942 35 16 49  0  0
209  0      0 377654656      0 7983764    0    0     0     0 1228688 547253 34 17 49  0  0
 1  0      0 377646560      0 7983764    0    0     0     0 586784 575045 33 17 49  0  0
125  0      0 377640320      0 7983764    0    0     0     0 622457 563789 34 16 50  0  0
21  0      0 377651008      0 7983764    0    0     0     0 908612 567513 34 16 50  0  0
158  0      0 377642144      0 7983764    0    0     0     0 631265 570398 34 16 49  0  0
115  0      0 377642912      0 7983764    0    0     0     0 924316 552155 34 16 50  0  0
12  0      0 377642176      0 7983764    0    0     0     0 619206 570100 33 17 50  0  0
63  0      0 377624896      0 7983764    0    0     0     0 640160 613166 34 16 50  0  0
211  0      0 377645376      0 7983764    0    0     0     0 923891 564958 34 17 49  0  0
121  0      0 377640416      0 7983764    0    0     0     0 824399 556259 34 16 50  0  0
 1  0      0 377626144      0 7983764    0    0     0     0 711801 583591 34 17 49  0  0
144  0      0 377646752      0 7983764    0    0     0     0 841122 565079 34 16 49  0  0
 1  0      0 377646560      0 7983764    0    0     0     0 623860 588026 34 16 50  0  0
88  0      0 377641024      0 7983764    0    0     0     0 624990 586951 34 16 50  0  0
 1  0      0 377637888      0 7983764    0    0     0     0 971759 612350 34 16 50  0  0
35  0      0 377645184      0 7983764    0    0     0     0 673075 594665 33 15 51  0  0
141  0      0 377641760      0 7983764    0    0     0     0 778076 581105 34 17 50  0  0
procs -----------memory---------- ---swap-- -----io---- -system-- ------cpu-----
 r  b   swpd   free   buff  cache   si   so    bi    bo   in   cs us sy id wa st
47  0      0 377642912      0 7983764    0    0     0     0 634990 563567 34 16 50  0  0
112  0      0 377636672      0 7983768    0    0     0     0 619374 563367 34 17 49  0  0
 1  0      0 377620800      0 7983768    0    0     0     0 832232 607342 34 17 49  0  0
106  0      0 377633792      0 7983768    0    0     0     0 636523 568486 35 17 49  0  0
165  0      0 377630912      0 7983768    0    0     0     0 928033 587349 34 16 50  0  0
79  0      0 377639616      0 7983768    0    0     0     0 651659 543225 34 17 49  0  0
125  0      0 377642688      0 7983768    0    0     0     0 704161 564078 34 16 50  0  0
190  0      0 377648672      0 7983768    0    0     0     0 734462 603213 35 16 50  0  0
23  0      0 377628672      0 7983768    0    0     0     0 785553 545720 34 17 49  0  0
10  0      0 377635456      0 7983768    0    0     0     0 652173 568271 35 16 49  0  0
56  0      0 377635072      0 7983768    0    0     0     0 679766 554071 34 17 48  0  0
65  0      0 377637760      0 7983768    0    0     0     0 777689 563378 34 17 50  0  0
215  0      0 377639232      0 7983768    0    0     0     0 694833 603598 34 17 49  0  0
 1  0      0 377644480      0 7983768    0    0     0     0 691752 560839 35 17 49  0  0
149  0      0 377626048      0 7983768    0    0     0     0 674509 566562 34 16 49  0  0
157  0      0 377634368      0 7983768    0    0     0     0 616273 565101 35 16 49  0  0
51  0      0 377635936      0 7983768    0    0     0     0 629561 554994 34 16 50  0  0
120  0      0 377645632      0 7983768    0    0     0     0 743783 576354 34 16 50  0  0
117  0      0 377638784      0 7983768    0    0     0     0 685999 585981 35 16 50  0  0
131  0      0 377642848      0 7983768    0    0     0     0 714792 567896 34 17 49  0  0
 1  0      0 377635712      0 7983768    0    0     0     0 642450 571042 33 17 50  0  0
procs -----------memory---------- ---swap-- -----io---- -system-- ------cpu-----
 r  b   swpd   free   buff  cache   si   so    bi    bo   in   cs us sy id wa st
140  0      0 377631424      0 7983768    0    0     0     0 788566 591314 35 16 49  0  0
219  0      0 377643648      0 7983768    0    0     0     0 666666 602162 35 16 49  0  0
24  0      0 377644704      0 7983768    0    0     0     0 706574 561528 34 17 50  0  0
166  0      0 377643936      0 7983768    0    0     0     0 699570 597857 34 16 49  0  0
129  0      0 377638304      0 7983768    0    0     0     0 703695 587431 35 16 50  0  0
184  0      0 377636096      0 7983768    0    0     0     0 785924 578094 35 16 49  0  0
96  0      0 377628352      0 7983768    0    0     0     0 649755 565829 33 17 50  0  0
 1  0      0 377632864      0 7983768    0    0     0     0 607912 537651 34 16 50  0  0
192  0      0 377635712      0 7983768    0    0     0     0 710463 541800 33 17 50  0  0
43  0      0 377648736      0 7983768    0    0     0     0 646929 559030 35 17 48  0  0
114  0      0 377623872      0 7983768    0    0     0     0 718824 586766 34 16 50  0  0
74  0      0 377639968      0 7983768    0    0     0     0 782894 586823 35 15 50  0  0
135  0      0 377625664      0 7983768    0    0     0     0 639861 563215 35 16 50  0  0
 1  0      0 377914432      0 7983768    0    0     0     0 408848 303170 17  8 75  0  0
 0  0      0 377924992      0 7983768    0    0     0     0 1068 1624  0  0 100  0  0
 1  0      0 377757056      0 7983800    0    0     0     0 144320 194024 11  3 87  0  0
87  0      0 377748384      0 7983800    0    0     0     0 536424 548030 34  8 57  0  0
46  0      0 377761600      0 7983800    0    0     0     0 871893 593962 38 10 52  0  0
18  0      0 377756736      0 7983800    0    0     0     0 653202 606558 36 10 54  0  0
 1  0      0 377757344      0 7983800    0    0     0     0 534532 615239 37  9 54  0  0
145  0      0 377662784      0 7983800    0    0     0     0 635958 585988 37 13 50  0  0
procs -----------memory---------- ---swap-- -----io---- -system-- ------cpu-----
 r  b   swpd   free   buff  cache   si   so    bi    bo   in   cs us sy id wa st
158  0      0 377652256      0 7983800    0    0     0     0 548336 524425 37 17 46  0  0
181  0      0 377660864      0 7983804    0    0     0     0 561002 533699 37 15 48  0  0
179  0      0 377648128      0 7983804    0    0     0     0 680294 506885 36 17 47  0  0
190  0      0 377655904      0 7983804    0    0     0     0 1496371 563440 37 16 47  0  0
36  0      0 377652032      0 7983804    0    0     0     0 603520 529279 37 16 47  0  0
169  0      0 377652064      0 7983804    0    0     0     0 610342 525459 37 17 46  0  0
218  0      0 377651392      0 7983804    0    0     0     0 860687 549569 37 16 47  0  0
 3  0      0 377652608      0 7983804    0    0     0     0 629340 553832 36 16 47  0  0
218  0      0 377638240      0 7983804    0    0     0     0 972525 539633 36 17 47  0  0
147  0      0 377649440      0 7983804    0    0     0     0 633811 546016 38 15 47  0  0
72  0      0 377657728      0 7983804    0    0     0     0 778809 515435 37 17 47  0  0
13  0      0 377646784      0 7983804    0    0     0     0 622985 548841 37 16 47  0  0
102  0      0 377635872      0 7983804    0    0     0     0 892484 535187 37 17 46  0  0
212  0      0 377654112      0 7983804    0    0     0     0 593843 518707 37 16 47  0  0
 1  0      0 377623488      0 7983804    0    0     0     0 610173 527956 37 16 47  0  0
14  0      0 377637664      0 7983804    0    0     0     0 604587 519063 36 17 47  0  0
 1  0      0 377647744      0 7983804    0    0     0     0 760848 547433 37 16 47  0  0
170  0      0 377658752      0 7983804    0    0     0     0 754511 530874 37 16 46  0  0
145  0      0 377646720      0 7983804    0    0     0     0 656863 541413 37 16 47  0  0
197  0      0 377653184      0 7983804    0    0     0     0 775835 549038 36 17 46  0  0
22  0      0 377649920      0 7983804    0    0     0     0 635533 538971 37 15 48  0  0
procs -----------memory---------- ---swap-- -----io---- -system-- ------cpu-----
 r  b   swpd   free   buff  cache   si   so    bi    bo   in   cs us sy id wa st
26  0      0 377657184      0 7983804    0    0     0     0 759071 560232 37 17 47  0  0
133  0      0 377657760      0 7983804    0    0     0     0 633251 549786 36 16 48  0  0
 1  0      0 377653952      0 7983804    0    0     0     0 622912 551584 36 17 47  0  0
10  0      0 377655712      0 7983804    0    0     0     0 703262 544031 37 16 47  0  0
 1  0      0 377628448      0 7983804    0    0     0     0 600904 542640 37 16 47  0  0
98  0      0 377640288      0 7983804    0    0     0     0 622659 526378 37 17 46  0  0
119  0      0 377635936      0 7983804    0    0     0     0 633252 530559 37 16 47  0  0
136  0      0 377633600      0 7983804    0    0     0     0 718512 534072 37 17 47  0  0
49  0      0 377629248      0 7983804    0    0     0     0 640041 561222 37 16 47  0  0
152  0      0 377638720      0 7983804    0    0     0     0 577593 501450 36 16 47  0  0
133  0      0 377643584      0 7983804    0    0     0     0 615681 535675 38 15 47  0  0
145  0      0 377643008      0 7983804    0    0     0     0 714063 552516 37 16 47  0  0
138  0      0 377645440      0 7983804    0    0     0     0 660184 536288 37 16 47  0  0
140  0      0 377628288      0 7983804    0    0     0     0 765196 512532 36 16 47  0  0
84  0      0 377629120      0 7983804    0    0     0     0 665168 547952 37 16 47  0  0
 2  0      0 377614336      0 7983804    0    0     0     0 694279 536213 36 16 47  0  0
 1  0      0 377638432      0 7983804    0    0     0     0 681236 535217 36 17 48  0  0
212  0      0 377635072      0 7983804    0    0     0     0 648802 547157 36 16 47  0  0
 1  0      0 377634944      0 7983804    0    0     0     0 606705 538565 37 17 46  0  0
64  0      0 377643968      0 7983804    0    0     0     0 639346 559439 36 16 48  0  0
 1  0      0 377637376      0 7983804    0    0     0     0 691903 536878 37 16 47  0  0
procs -----------memory---------- ---swap-- -----io---- -system-- ------cpu-----
 r  b   swpd   free   buff  cache   si   so    bi    bo   in   cs us sy id wa st
 1  0      0 377641728      0 7983804    0    0     0     0 669776 537033 37 16 47  0  0
217  0      0 377645088      0 7983808    0    0     0     0 686141 554900 37 16 47  0  0
190  0      0 377649152      0 7983808    0    0     0     0 615604 520895 37 16 47  0  0
 1  0      0 377639200      0 7983808    0    0     0     0 663162 573236 37 16 47  0  0
207  0      0 377635072      0 7983808    0    0     0     0 629454 532012 37 16 47  0  0
63  0      0 377630240      0 7983808    0    0     0     0 603061 534008 37 16 47  0  0
 1  0      0 377636832      0 7983808    0    0     0     0 636388 536626 37 16 47  0  0
100  0      0 377641376      0 7983808    0    0     0     0 625962 558218 36 16 48  0  0
72  0      0 377640096      0 7983808    0    0     0     0 571266 524306 37 16 46  0  0
137  0      0 377627072      0 7983808    0    0     0     0 616202 516549 36 16 47  0  0
132  0      0 377638624      0 7983808    0    0     0     0 607453 509992 37 16 47  0  0
145  0      0 377649120      0 7983808    0    0     0     0 638976 542037 37 16 47  0  0
 0  0      0 377936320      0 7983808    0    0     0     0 284725 238332 16  7 76  0  0
 0  0      0 377939904      0 7983808    0    0     0     0  155  344  0  0 100  0  0
97  0      0 377722368      0 7983808    0    0     0     0 171473 229111 15  4 82  0  0
60  0      0 377733248      0 7983904    0    0     0     0 490983 578974 41  9 51  0  0
124  0      0 377738688      0 7983904    0    0     0     0 887704 580205 42 11 47  0  0
146  0      0 377737280      0 7983904    0    0     0     0 501069 596700 43 10 47  0  0
165  0      0 377732064      0 7983904    0    0     0     0 606143 589977 43  9 48  0  0
187  0      0 377596768      0 7983904    0    0     0     0 568282 558756 41 14 45  0  0
175  0      0 377618912      0 7983904    0    0     0     0 592653 536679 41 16 43  0  0
procs -----------memory---------- ---swap-- -----io---- -system-- ------cpu-----
 r  b   swpd   free   buff  cache   si   so    bi    bo   in   cs us sy id wa st
 1  0      0 377602496      0 7983904    0    0     0     0 1284733 505670 40 16 44  0  0
93  0      0 377588256      0 7983904    0    0     0     0 514420 455946 39 16 44  0  0
218  0      0 377593664      0 7983904    0    0     0     0 615096 510618 41 16 43  0  0
92  0      0 377586624      0 7983904    0    0     0     0 881385 495992 41 15 44  0  0
157  0      0 377578784      0 7983904    0    0     0     0 623378 514991 40 16 44  0  0
210  0      0 377581760      0 7983904    0    0     0     0 589611 496657 42 15 43  0  0
 4  0      0 377600896      0 7983904    0    0     0     0 644978 522894 41 15 43  0  0
122  0      0 377598560      0 7983904    0    0     0     0 615880 536098 42 15 43  0  0
166  0      0 377602944      0 7983904    0    0     0     0 603129 500411 42 15 42  0  0
196  0      0 377590528      0 7983904    0    0     0     0 614027 502495 41 15 44  0  0
194  0      0 377607744      0 7983904    0    0     0     0 850734 532800 42 14 44  0  0
123  0      0 377602080      0 7983904    0    0     0     0 852263 522432 41 15 43  0  0
86  0      0 377601088      0 7983904    0    0     0     0 929582 520397 40 16 44  0  0
122  0      0 377590080      0 7983904    0    0     0     0 691741 524079 41 15 44  0  0
217  0      0 377579008      0 7983904    0    0     0     0 664629 540669 42 15 43  0  0
70  0      0 377571168      0 7983904    0    0     0     0 989949 532072 41 15 44  0  0
107  0      0 377596800      0 7983904    0    0     0     0 656662 553104 42 15 44  0  0
 2  0      0 377579328      0 7983904    0    0     0     0 661713 495744 41 16 43  0  0
141  0      0 377587808      0 7983904    0    0     0     0 801618 489519 40 16 43  0  0
 1  0      0 377596992      0 7983904    0    0     0     0 690455 565869 42 14 44  0  0
202  0      0 377596160      0 7983904    0    0     0     0 642839 521630 42 15 43  0  0
procs -----------memory---------- ---swap-- -----io---- -system-- ------cpu-----
 r  b   swpd   free   buff  cache   si   so    bi    bo   in   cs us sy id wa st
125  0      0 377592128      0 7983904    0    0     0     0 914537 525270 40 15 45  0  0
215  0      0 377591008      0 7983908    0    0     0     0 535960 452262 41 17 42  0  0
33  0      0 377591776      0 7983908    0    0     0     0 727087 520213 41 15 44  0  0
214  0      0 377589760      0 7983908    0    0     0     0 627031 504830 40 16 44  0  0
110  0      0 377597056      0 7983908    0    0     0     0 629883 502966 40 16 44  0  0
198  0      0 377592704      0 7983908    0    0     0     0 668015 545305 43 14 44  0  0
216  0      0 377603776      0 7983908    0    0     0     0 768033 530751 41 15 43  0  0
170  0      0 377574752      0 7983908    0    0     0     0 625264 505035 41 16 43  0  0
181  0      0 377591072      0 7983908    0    0     0     0 854727 518358 41 15 44  0  0
 1  0      0 377593984      0 7983908    0    0     0     0 655510 537316 42 14 44  0  0
208  0      0 377590816      0 7983908    0    0     0     0 704582 538253 42 15 44  0  0
90  0      0 377586624      0 7983908    0    0     0     0 669584 530592 42 15 44  0  0
211  0      0 377586944      0 7983908    0    0     0     0 830018 498381 40 17 43  0  0
139  0      0 377582208      0 7983908    0    0     0     0 652227 491177 40 15 44  0  0
184  0      0 377581184      0 7983908    0    0     0     0 679488 489271 41 16 43  0  0
178  0      0 377590528      0 7983908    0    0     0     0 610118 509786 41 15 44  0  0
99  0      0 377581184      0 7983908    0    0     0     0 689528 508822 42 15 43  0  0
116  0      0 377589856      0 7983908    0    0     0     0 739211 548016 42 15 43  0  0
155  0      0 377581728      0 7983908    0    0     0     0 666850 529069 42 15 43  0  0
 5  0      0 377585536      0 7983908    0    0     0     0 680284 516102 41 15 43  0  0
 1  0      0 377584928      0 7983908    0    0     0     0 628723 506116 40 16 44  0  0
procs -----------memory---------- ---swap-- -----io---- -system-- ------cpu-----
 r  b   swpd   free   buff  cache   si   so    bi    bo   in   cs us sy id wa st
134  0      0 377600448      0 7983908    0    0     0     0 615489 517659 41 15 44  0  0
104  0      0 377576544      0 7983908    0    0     0     0 661053 555188 41 16 43  0  0
138  0      0 377585888      0 7983908    0    0     0     0 691448 519286 41 15 44  0  0
 2  0      0 377575968      0 7983908    0    0     0     0 682595 514729 42 16 43  0  0
19  0      0 377577024      0 7983908    0    0     0     0 727029 500146 41 15 44  0  0
61  0      0 377590656      0 7983908    0    0     0     0 630813 530268 40 15 44  0  0
213  0      0 377594272      0 7983912    0    0     0     0 674492 523438 41 15 44  0  0
128  0      0 377591168      0 7983912    0    0     0     0 625911 495936 41 15 44  0  0
 1  0      0 377588992      0 7983912    0    0     0     0 683839 538235 41 15 43  0  0
60  0      0 377566016      0 7983912    0    0     0     0 653184 544127 40 15 45  0  0
138  0      0 377594304      0 7983912    0    0     0     0 726001 541004 42 14 44  0  0
 0  0      0 377928800      0 7983912    0    0     0     0 251357 178200 13  5 82  0  0
 0  0      0 377929056      0 7983912    0    0     0     0  182  277  0  0 100  0  0
149  0      0 377659680      0 7983912    0    0     0     0 177393 267794 20  6 74  0  0
137  0      0 377675296      0 7983912    0    0     0     0 463746 533947 45 10 45  0  0
149  0      0 377673408      0 7983912    0    0     0     0 691392 526911 45 11 44  0  0
101  0      0 377666272      0 7983912    0    0     0     0 501523 540896 45 11 45  0  0
177  0      0 377601920      0 7983912    0    0     0     0 483292 527059 46 10 44  0  0
173  0      0 377590432      0 7983912    0    0     0     0 556534 500278 44 15 41  0  0
134  0      0 377595904      0 7983912    0    0     0     0 895127 484517 45 14 40  0  0
187  0      0 377576416      0 7983912    0    0     0     0 963465 509168 45 14 41  0  0
procs -----------memory---------- ---swap-- -----io---- -system-- ------cpu-----
 r  b   swpd   free   buff  cache   si   so    bi    bo   in   cs us sy id wa st
132  0      0 377558656      0 7983912    0    0     0     0 617928 497009 44 15 41  0  0
 1  0      0 377564000      0 7983916    0    0     0     0 634656 518571 44 16 40  0  0
 1  0      0 377556288      0 7983916    0    0     0     0 857892 483588 44 16 40  0  0
120  0      0 377547840      0 7983916    0    0     0     0 792639 462679 43 16 41  0  0
158  0      0 377529344      0 7983916    0    0     0     0 783723 494432 43 16 41  0  0
138  0      0 377532448      0 7983916    0    0     0     0 649141 515153 44 16 40  0  0
 1  0      0 377544928      0 7983916    0    0     0     0 641279 490286 43 15 41  0  0
75  0      0 377553504      0 7983916    0    0     0     0 908061 491787 44 15 41  0  0
131  0      0 377550720      0 7983916    0    0     0     0 660874 506035 44 14 41  0  0
138  0      0 377526688      0 7983916    0    0     0     0 638363 502792 45 15 40  0  0
147  0      0 377519232      0 7983916    0    0     0     0 1096331 463509 42 17 42  0  0
173  0      0 377514208      0 7983916    0    0     0     0 663576 500618 44 15 42  0  0
154  0      0 377533888      0 7983916    0    0     0     0 754776 490421 42 16 41  0  0
155  0      0 377527456      0 7983916    0    0     0     0 647288 512285 44 15 41  0  0
35  0      0 377533920      0 7983916    0    0     0     0 912962 512552 42 15 42  0  0
220  0      0 377520320      0 7983916    0    0     0     0 926958 507004 43 15 42  0  0
173  0      0 377523744      0 7983916    0    0     0     0 793448 491429 43 17 41  0  0
213  0      0 377540768      0 7983916    0    0     0     0 669572 461479 45 15 41  0  0
186  0      0 377536032      0 7983916    0    0     0     0 617422 470008 44 16 40  0  0
70  0      0 377538656      0 7983916    0    0     0     0 768782 479883 45 15 41  0  0
 1  0      0 377535808      0 7983916    0    0     0     0 629036 501912 45 15 40  0  0
procs -----------memory---------- ---swap-- -----io---- -system-- ------cpu-----
 r  b   swpd   free   buff  cache   si   so    bi    bo   in   cs us sy id wa st
123  0      0 377541600      0 7983916    0    0     0     0 717264 484828 45 14 41  0  0
 1  0      0 377550176      0 7983916    0    0     0     0 648236 515138 44 15 41  0  0
160  0      0 377538016      0 7983916    0    0     0     0 658745 500045 45 15 40  0  0
205  0      0 377531840      0 7983916    0    0     0     0 682743 458021 43 17 41  0  0
105  0      0 377544736      0 7983916    0    0     0     0 841204 515485 45 14 41  0  0
15  0      0 377537664      0 7983916    0    0     0     0 803634 502210 44 17 39  0  0
 1  0      0 377538752      0 7983916    0    0     0     0 653761 470329 44 15 41  0  0
 1  0      0 377526880      0 7983916    0    0     0     0 664810 482656 44 15 41  0  0
192  0      0 377541824      0 7983916    0    0     0     0 737619 535232 44 14 42  0  0
200  0      0 377554368      0 7983916    0    0     0     0 666981 514338 45 15 41  0  0
208  0      0 377531872      0 7983916    0    0     0     0 651048 507530 44 14 41  0  0
117  0      0 377548640      0 7983916    0    0     0     0 765455 520089 43 15 41  0  0
139  0      0 377525152      0 7983916    0    0     0     0 747719 460204 42 17 41  0  0
 2  0      0 377526720      0 7983916    0    0     0     0 630197 480402 45 15 40  0  0
203  0      0 377532032      0 7983916    0    0     0     0 645933 497346 46 14 40  0  0
71  0      0 377541376      0 7983916    0    0     0     0 641930 468064 44 16 40  0  0
177  0      0 377532160      0 7983916    0    0     0     0 662287 489582 44 15 41  0  0
168  0      0 377534848      0 7983916    0    0     0     0 645713 468226 42 17 41  0  0
 1  0      0 377530816      0 7983916    0    0     0     0 651860 482583 44 16 40  0  0
48  0      0 377533600      0 7983916    0    0     0     0 650936 513859 43 16 41  0  0
92  0      0 377543776      0 7983916    0    0     0     0 669871 486975 44 15 41  0  0
procs -----------memory---------- ---swap-- -----io---- -system-- ------cpu-----
 r  b   swpd   free   buff  cache   si   so    bi    bo   in   cs us sy id wa st
 1  0      0 377537536      0 7983916    0    0     0     0 718018 507380 45 14 41  0  0
142  0      0 377541984      0 7983920    0    0     0     0 613489 468321 46 15 39  0  0
80  0      0 377538656      0 7983920    0    0     0     0 629470 472461 43 16 41  0  0
78  0      0 377543904      0 7983920    0    0     0     0 644931 511037 44 15 41  0  0
210  0      0 377531840      0 7983920    0    0     0     0 685278 483087 45 14 40  0  0
149  0      0 377535200      0 7983920    0    0     0     0 688484 524334 46 14 40  0  0
145  0      0 377540832      0 7983920    0    0     0     0 669017 508534 44 15 41  0  0
174  0      0 377534048      0 7983920    0    0     0     0 642034 493419 45 15 41  0  0
200  0      0 377532128      0 7983920    0    0     0     0 670682 483008 45 14 41  0  0
28  0      0 377552384      0 7983920    0    0     0     0 688666 521503 45 14 41  0  0
 0  0      0 377909440      0 7983920    0    0     0     0 116377 91000  8  3 89  0  0
 1  0      0 377912608      0 7983920    0    0     0     0  122  143  0  0 100  0  0
198  0      0 377687680      0 7983920    0    0     0     0 229400 320213 29  7 64  0  0
216  0      0 377668736      0 7983984    0    0     0     0 467470 446084 47 12 42  0  0
36  0      0 377675808      0 7983984    0    0     0     0 684524 468555 47 12 42  0  0
 4  0      0 377673888      0 7983984    0    0     0     0 462288 438232 47 12 42  0  0
129  0      0 377683520      0 7983984    0    0     0     0 433627 458113 48 10 42  0  0
85  0      0 377648256      0 7983984    0    0     0     0 569263 511138 46 15 40  0  0
153  0      0 377621984      0 7983984    0    0     0     0 585088 504126 46 14 40  0  0
218  0      0 377617152      0 7983984    0    0     0     0 522973 436525 43 17 40  0  0
124  0      0 377616800      0 7983984    0    0     0     0 581732 477786 44 15 41  0  0
procs -----------memory---------- ---swap-- -----io---- -system-- ------cpu-----
 r  b   swpd   free   buff  cache   si   so    bi    bo   in   cs us sy id wa st
 1  0      0 377601760      0 7983984    0    0     0     0 1532478 481659 44 16 40  0  0
131  0      0 377610176      0 7983984    0    0     0     0 647580 518838 45 15 40  0  0
162  0      0 377585056      0 7983984    0    0     0     0 632354 457921 44 16 39  0  0
212  0      0 377595328      0 7983984    0    0     0     0 837900 501341 45 16 39  0  0
198  0      0 377565760      0 7983984    0    0     0     0 591550 457854 43 16 41  0  0
177  0      0 377574208      0 7983984    0    0     0     0 1201084 464094 43 18 40  0  0
85  0      0 377577024      0 7983984    0    0     0     0 644634 454255 43 16 40  0  0
141  0      0 377580032      0 7983984    0    0     0     0 898249 470080 44 16 40  0  0
179  0      0 377591296      0 7983984    0    0     0     0 620619 470655 46 15 40  0  0
190  0      0 377591296      0 7983984    0    0     0     0 668931 501571 46 15 39  0  0
203  0      0 377578336      0 7983984    0    0     0     0 1124860 472233 44 16 40  0  0
100  0      0 377576384      0 7983984    0    0     0     0 719266 455634 45 17 39  0  0
219  0      0 377573472      0 7983984    0    0     0     0 634467 465962 45 16 39  0  0
 2  0      0 377578496      0 7983984    0    0     0     0 654664 461850 44 16 39  0  0
86  0      0 377580032      0 7983984    0    0     0     0 841027 478801 45 15 40  0  0
64  0      0 377584768      0 7983984    0    0     0     0 656804 462630 44 17 39  0  0
142  0      0 377586528      0 7983984    0    0     0     0 634920 474794 44 16 40  0  0
191  0      0 377591008      0 7983984    0    0     0     0 780552 496645 46 16 39  0  0
206  0      0 377574720      0 7983984    0    0     0     0 741235 481624 45 15 40  0  0
59  0      0 377584544      0 7983984    0    0     0     0 892100 496039 47 14 39  0  0
113  0      0 377579616      0 7983984    0    0     0     0 635968 446367 44 16 39  0  0
procs -----------memory---------- ---swap-- -----io---- -system-- ------cpu-----
 r  b   swpd   free   buff  cache   si   so    bi    bo   in   cs us sy id wa st
105  0      0 377564960      0 7983984    0    0     0     0 646299 494189 45 15 40  0  0
179  0      0 377578880      0 7983988    0    0     0     0 656750 514537 47 13 40  0  0
204  0      0 377567968      0 7983988    0    0     0     0 995299 488429 44 15 40  0  0
95  0      0 377568032      0 7983988    0    0     0     0 727169 489320 45 15 40  0  0
203  0      0 377576352      0 7983988    0    0     0     0 792112 486322 47 14 39  0  0
 1  0      0 377576480      0 7983988    0    0     0     0 735665 459894 45 15 39  0  0
165  0      0 377580544      0 7983988    0    0     0     0 674759 505113 45 14 40  0  0
115  0      0 377572864      0 7983988    0    0     0     0 735562 494177 45 16 39  0  0
202  0      0 377553056      0 7983988    0    0     0     0 755507 478315 45 14 41  0  0
94  0      0 377567936      0 7983988    0    0     0     0 932641 452761 44 17 39  0  0
136  0      0 377573184      0 7984020    0    0     0     0 633509 503395 44 15 41  0  0
115  0      0 377579072      0 7984020    0    0     0     0 616732 470932 46 15 39  0  0
82  0      0 377568448      0 7984020    0    0     0     0 946014 475686 45 16 39  0  0
216  0      0 377560352      0 7984020    0    0     0     0 728873 473781 45 15 40  0  0
140  0      0 377562656      0 7984020    0    0     0     0 792610 477785 46 15 39  0  0
36  0      0 377564896      0 7984020    0    0     0     0 729941 500826 46 15 39  0  0
82  0      0 377563232      0 7984020    0    0     0     0 625488 463363 44 17 39  0  0
205  0      0 377559872      0 7984020    0    0     0     0 951006 484780 46 14 40  0  0
63  0      0 377554016      0 7984020    0    0     0     0 674761 478969 46 15 40  0  0
136  0      0 377578656      0 7984020    0    0     0     0 744532 464101 48 14 39  0  0
72  0      0 377572032      0 7984020    0    0     0     0 645453 487115 46 14 39  0  0
procs -----------memory---------- ---swap-- -----io---- -system-- ------cpu-----
 r  b   swpd   free   buff  cache   si   so    bi    bo   in   cs us sy id wa st
201  0      0 377558880      0 7984020    0    0     0     0 662880 488459 45 17 38  0  0
196  0      0 377563008      0 7984020    0    0     0     0 903081 453714 46 15 39  0  0
110  0      0 377576832      0 7984020    0    0     0     0 625030 450670 47 15 38  0  0
90  0      0 377574080      0 7984020    0    0     0     0 624316 478937 47 15 39  0  0
202  0      0 377586112      0 7984020    0    0     0     0 795140 479126 44 16 39  0  0
204  0      0 377568128      0 7984020    0    0     0     0 606515 460350 44 16 40  0  0
216  0      0 377552800      0 7984020    0    0     0     0 774755 436060 44 17 39  0  0
11  0      0 377561280      0 7984020    0    0     0     0 694912 490456 45 16 39  0  0
189  0      0 377577280      0 7984020    0    0     0     0 685892 464231 46 15 39  0  0
 0  0      0 377894048      0 7984020    0    0     0     0 74395 47495  3  1 96  0  0
 0  0      0 377894656      0 7984020    0    0     0     0  200  153  0  0 100  0  0
114  0      0 377656320      0 7984052    0    0     0     0 247682 312689 36 11 53  0  0
203  0      0 377648800      0 7984084    0    0     0     0 829155 364521 49 15 37  0  0
75  0      0 377625920      0 7984084    0    0     0     0 825824 375813 46 17 37  0  0
108  0      0 377627200      0 7984084    0    0     0     0 576679 361989 47 15 38  0  0
55  0      0 377631040      0 7984084    0    0     0     0 645525 380791 48 13 39  0  0
171  0      0 377572736      0 7984084    0    0     0     0 654823 427182 47 15 38  0  0
26  0      0 377524960      0 7984084    0    0     0     0 544270 395458 45 17 38  0  0
103  0      0 377537984      0 7984084    0    0     0     0 570380 387585 46 17 37  0  0
11  0      0 377556320      0 7984084    0    0     0     0 597767 476772 47 16 38  0  0
208  0      0 377535328      0 7984084    0    0     0     0 1118853 402229 45 17 38  0  0
procs -----------memory---------- ---swap-- -----io---- -system-- ------cpu-----
 r  b   swpd   free   buff  cache   si   so    bi    bo   in   cs us sy id wa st
166  0      0 377540512      0 7984084    0    0     0     0 835963 450948 45 17 38  0  0
52  0      0 377547104      0 7984084    0    0     0     0 600993 454756 46 15 39  0  0
212  0      0 377518496      0 7984088    0    0     0     0 748370 423290 47 15 38  0  0
186  0      0 377553312      0 7984088    0    0     0     0 633816 470266 46 15 39  0  0
193  0      0 377535808      0 7984088    0    0     0     0 961023 442791 44 18 38  0  0
70  0      0 377525888      0 7984088    0    0     0     0 605312 440055 47 15 38  0  0
217  0      0 377539904      0 7984088    0    0     0     0 973754 439410 47 15 38  0  0
166  0      0 377545440      0 7984088    0    0     0     0 661126 477532 47 15 38  0  0
201  0      0 377534240      0 7984088    0    0     0     0 798922 428374 44 17 38  0  0
86  0      0 377512256      0 7984088    0    0     0     0 750541 485995 46 15 39  0  0
202  0      0 377543360      0 7984088    0    0     0     0 600843 424506 46 17 37  0  0
222  0      0 377541920      0 7984088    0    0     0     0 599667 466451 46 15 39  0  0
62  0      0 377545152      0 7984088    0    0     0     0 553791 417514 46 16 38  0  0
119  0      0 377544544      0 7984088    0    0     0     0 819880 402737 45 17 37  0  0
69  0      0 377514880      0 7984088    0    0     0     0 588468 432194 45 17 38  0  0
22  0      0 377541408      0 7984088    0    0     0     0 580920 423730 45 18 38  0  0
 1  0      0 377537696      0 7984088    0    0     0     0 873105 444045 47 16 37  0  0
173  0      0 377540768      0 7984088    0    0     0     0 577826 419215 45 17 38  0  0
194  0      0 377539840      0 7984088    0    0     0     0 633851 450570 46 17 37  0  0
216  0      0 377544672      0 7984088    0    0     0     0 745713 456199 45 17 37  0  0
74  0      0 377532448      0 7984088    0    0     0     0 583560 415127 44 18 37  0  0
procs -----------memory---------- ---swap-- -----io---- -system-- ------cpu-----
 r  b   swpd   free   buff  cache   si   so    bi    bo   in   cs us sy id wa st
203  0      0 377547840      0 7984088    0    0     0     0 640287 440706 46 16 39  0  0
216  0      0 377545280      0 7984088    0    0     0     0 769937 474485 47 15 38  0  0
214  0      0 377552576      0 7984088    0    0     0     0 672853 486941 46 16 38  0  0
 1  0      0 377560000      0 7984088    0    0     0     0 663552 434747 46 17 37  0  0
205  0      0 377537568      0 7984088    0    0     0     0 645361 435375 47 16 37  0  0
165  0      0 377543168      0 7984088    0    0     0     0 639850 470798 47 16 37  0  0
141  0      0 377541760      0 7984088    0    0     0     0 637186 477940 46 15 38  0  0
44  0      0 377545856      0 7984088    0    0     0     0 659107 465487 46 16 38  0  0
198  0      0 377530688      0 7984088    0    0     0     0 578201 428975 46 16 37  0  0
 1  0      0 377535648      0 7984088    0    0     0     0 568540 425955 46 17 37  0  0
198  0      0 377521024      0 7984088    0    0     0     0 766851 404764 45 16 38  0  0
92  0      0 377529536      0 7984088    0    0     0     0 656666 489778 46 16 38  0  0
217  0      0 377559744      0 7984088    0    0     0     0 618838 468084 47 15 38  0  0
162  0      0 377535296      0 7984088    0    0     0     0 695492 414174 46 17 38  0  0
192  0      0 377529696      0 7984088    0    0     0     0 622327 422643 46 16 37  0  0
 1  0      0 377543936      0 7984088    0    0     0     0 688446 456755 46 16 38  0  0
171  0      0 377520416      0 7984088    0    0     0     0 536799 392572 44 18 37  0  0
18  0      0 377527904      0 7984088    0    0     0     0 631089 437471 46 16 38  0  0
120  0      0 377557184      0 7984088    0    0     0     0 644091 437719 46 16 38  0  0
74  0      0 377541120      0 7984088    0    0     0     0 637459 449256 47 16 37  0  0
25  0      0 377529824      0 7984088    0    0     0     0 690966 448636 45 16 39  0  0
procs -----------memory---------- ---swap-- -----io---- -system-- ------cpu-----
 r  b   swpd   free   buff  cache   si   so    bi    bo   in   cs us sy id wa st
 1  0      0 377551040      0 7984088    0    0     0     0 613939 454868 47 15 37  0  0
40  0      0 377533440      0 7984088    0    0     0     0 543625 385472 45 18 37  0  0
174  0      0 377562688      0 7984092    0    0     0     0 713834 487686 47 16 37  0  0
195  0      0 377525760      0 7984092    0    0     0     0 620995 408820 45 17 38  0  0
32  0      0 377554208      0 7984092    0    0     0     0 610693 458634 46 16 38  0  0
95  0      0 377565888      0 7984092    0    0     0     0 665791 465303 48 14 38  0  0
168  0      0 377522816      0 7984092    0    0     0     0 619611 461593 47 16 37  0  0
 0  0      0 377900480      0 7984092    0    0     0     0 652166 459587 44 14 43  0  0
 0  0      0 377900800      0 7984092    0    0     0     0  246  132  0  0 100  0  0
45  0      0 377872992      0 7984096    0    0     0     0 1053 2455  0  0 100  0  0
194  0      0 377646368      0 7984192    0    0     0     0 268265 302550 47 14 39  0  0
193  0      0 377625984      0 7984192    0    0     0     0 776182 306428 49 18 33  0  0
215  0      0 377626528      0 7984192    0    0     0     0 599649 335351 49 16 35  0  0
214  0      0 377624512      0 7984192    0    0     0     0 417539 333357 48 18 34  0  0
210  0      0 377630528      0 7984192    0    0     0     0 480526 322976 49 18 34  0  0
218  0      0 377606464      0 7984192    0    0     0     0 823255 321078 50 17 33  0  0
218  0      0 377586912      0 7984192    0    0     0     0 548989 386610 50 16 34  0  0
212  0      0 377575712      0 7984192    0    0     0     0 1100025 453223 50 14 35  0  0
216  0      0 377590528      0 7984192    0    0     0     0 801650 383822 50 15 35  0  0
78  0      0 377568544      0 7984192    0    0     0     0 596334 404127 50 16 34  0  0
208  0      0 377550848      0 7984192    0    0     0     0 608702 364900 49 17 34  0  0
procs -----------memory---------- ---swap-- -----io---- -system-- ------cpu-----
 r  b   swpd   free   buff  cache   si   so    bi    bo   in   cs us sy id wa st
64  0      0 377576352      0 7984192    0    0     0     0 780580 420719 50 16 34  0  0
193  0      0 377575968      0 7984192    0    0     0     0 529866 358471 53 14 33  0  0
18  0      0 377569760      0 7984192    0    0     0     0 566558 401523 51 15 34  0  0
216  0      0 377567008      0 7984192    0    0     0     0 633706 423386 52 14 34  0  0
217  0      0 377572704      0 7984192    0    0     0     0 680105 393775 51 15 34  0  0
118  0      0 377575616      0 7984192    0    0     0     0 601908 407584 51 15 34  0  0
150  0      0 377547712      0 7984192    0    0     0     0 534126 362584 48 17 35  0  0
138  0      0 377553984      0 7984196    0    0     0     0 760177 405052 50 16 34  0  0
54  0      0 377555648      0 7984196    0    0     0     0 691381 412381 51 15 34  0  0
97  0      0 377570400      0 7984196    0    0     0     0 615943 436924 52 14 34  0  0
215  0      0 377555264      0 7984196    0    0     0     0 610950 393232 50 15 34  0  0
136  0      0 377557472      0 7984196    0    0     0     0 588377 422864 51 15 34  0  0
97  0      0 377568352      0 7984196    0    0     0     0 885711 429920 50 15 35  0  0
201  0      0 377567936      0 7984196    0    0     0     0 600593 390096 51 15 34  0  0
 1  0      0 377564800      0 7984196    0    0     0     0 694303 377963 49 17 34  0  0
195  0      0 377568032      0 7984196    0    0     0     0 600646 425768 51 15 34  0  0
 1  0      0 377574976      0 7984196    0    0     0     0 547265 390465 49 16 34  0  0
218  0      0 377541664      0 7984196    0    0     0     0 554560 371698 49 16 35  0  0
204  0      0 377538752      0 7984196    0    0     0     0 693278 420802 49 15 36  0  0
219  0      0 377537632      0 7984196    0    0     0     0 765325 405160 48 16 35  0  0
178  0      0 377557504      0 7984196    0    0     0     0 640234 439361 50 15 35  0  0
procs -----------memory---------- ---swap-- -----io---- -system-- ------cpu-----
 r  b   swpd   free   buff  cache   si   so    bi    bo   in   cs us sy id wa st
206  0      0 377533632      0 7984196    0    0     0     0 644229 379368 49 16 35  0  0
164  0      0 377558304      0 7984196    0    0     0     0 573312 418697 50 16 34  0  0
118  0      0 377554336      0 7984200    0    0     0     0 570093 375390 49 17 35  0  0
139  0      0 377566560      0 7984200    0    0     0     0 641434 397034 51 14 36  0  0
 1  0      0 377576160      0 7984200    0    0     0     0 613973 433206 50 15 35  0  0
205  0      0 377550912      0 7984200    0    0     0     0 601355 379625 50 16 34  0  0
19  0      0 377552288      0 7984200    0    0     0     0 715165 383998 48 18 34  0  0
192  0      0 377559616      0 7984200    0    0     0     0 624779 387734 51 14 35  0  0
83  0      0 377545344      0 7984200    0    0     0     0 588887 411381 50 14 36  0  0
46  0      0 377557632      0 7984200    0    0     0     0 696533 394310 48 16 36  0  0
75  0      0 377550816      0 7984200    0    0     0     0 589434 377375 50 15 35  0  0
206  0      0 377584320      0 7984200    0    0     0     0 593935 405109 51 15 35  0  0
99  0      0 377541920      0 7984200    0    0     0     0 645215 417333 51 15 33  0  0
207  0      0 377548000      0 7984200    0    0     0     0 719979 338410 50 16 34  0  0
179  0      0 377551584      0 7984200    0    0     0     0 585988 388087 45 19 36  0  0
128  0      0 377559296      0 7984200    0    0     0     0 574392 401699 50 15 34  0  0
18  0      0 377556768      0 7984200    0    0     0     0 590277 354767 50 16 34  0  0
48  0      0 377559712      0 7984200    0    0     0     0 587011 376254 50 16 34  0  0
183  0      0 377582240      0 7984200    0    0     0     0 639801 434506 51 14 34  0  0
14  0      0 377558048      0 7984200    0    0     0     0 592534 377926 48 18 35  0  0
220  0      0 377549472      0 7984200    0    0     0     0 602502 367515 50 16 34  0  0
procs -----------memory---------- ---swap-- -----io---- -system-- ------cpu-----
 r  b   swpd   free   buff  cache   si   so    bi    bo   in   cs us sy id wa st
158  0      0 377545728      0 7984200    0    0     0     0 670107 387384 50 16 34  0  0
219  0      0 377561568      0 7984200    0    0     0     0 578767 400913 50 16 34  0  0
217  0      0 377559584      0 7984200    0    0     0     0 631315 423644 51 14 34  0  0
196  0      0 377556672      0 7984200    0    0     0     0 630722 421696 50 15 34  0  0
15  0      0 377555392      0 7984200    0    0     0     0 563867 378411 49 17 34  0  0
 1  0      0 377561664      0 7984200    0    0     0     0 588695 383333 50 16 35  0  0
 0  0      0 377910976      0 7984200    0    0     0     0 445479 279366 36 12 52  0  0
 0  0      0 377913888      0 7984200    0    0     0     0  182  239  0  0 100  0  0
