procs -----------memory---------- ---swap-- -----io---- -system-- ------cpu-----
 r  b   swpd   free   buff  cache   si   so    bi    bo   in   cs us sy id wa st
 1  0      0 157720112  19964 4079760    0    0     0     7    0    0 43  1 56  0  0
 3  0      0 157655360  19964 4126040    0    0    88     0 26731 36960  2  1 98  0  0
 2  1      0 157651584  21976 4129524    0    0  1989     0 14014 28898  2  0 97  1  0
 2  0      0 157635840  23880 4137068    0    0  1868    24 13156 27650  2  0 98  0  0
 1  0      0 157624880  26112 4148984    0    0  2234     0 13855 30770  2  0 98  0  0
14  0      0 157609472  29368 4160144    0    0  3225     0 15597 39444  2  1 98  0  0
12  0      0 157589584  32304 4173424    0    0  2955     0 15008 36900  2  0 98  0  0
 8  1      0 157571568  34876 4184044    0    0  2542    56 15086 33778  2  1 98  0  0
12  0      0 157552304  38076 4198892    0    0  3177    48 15825 39879  2  1 98  0  0
11  0      0 157532608  41268 4214012    0    0  3179     0 15534 39381  2  1 98  0  0
10  0      0 157447504  42068 4288176    0    0   802    84 30501 53668  2  1 98  0  0
11  0      0 157395392  42120 4308616    0    0    53     0 18534 28434  2  0 98  0  0
 9  0      0 157351200  42120 4315608    0    0     0     0 12936 16722  2  0 98  0  0
10  0      0 157315712  42120 4354536    0    0     0     0 24618 37269  2  0 97  0  0
10  0      0 157306112  42120 4361952    0    0     0     0 13750 18445  2  0 98  0  0
 9  0      0 157276080  42120 4361952    0    0     0     0 11494 14305  2  0 97  0  0
12  0      0 157237792  42128 4361944    0    0     0    52 11545 14729  2  0 97  0  0
10  0      0 157213712  42128 4376432    0    0     0     0 15376 21256  2  0 97  0  0
11  0      0 157189024  42128 4391840    0    0     0     8 15980 21515  2  0 97  0  0
10  0      0 157161248  42128 4407200    0    0     0     0 15553 20881  2  0 97  0  0
10  0      0 157160256  42128 4407208    0    0     0     0 10986 13731  2  0 97  0  0
procs -----------memory---------- ---swap-- -----io---- -system-- ------cpu-----
 r  b   swpd   free   buff  cache   si   so    bi    bo   in   cs us sy id wa st
10  0      0 157160288  42128 4406928    0    0     0     0 10609 13717  2  0 98  0  0
10  0      0 157139984  42136 4412184    0    0     0    40 12499 15985  2  0 97  0  0
12  0      0 157137504  42136 4412148    0    0     0     0 10593 13448  2  0 98  0  0
13  0      0 157133136  42136 4412900    0    0     0     0 10911 13933  2  0 97  0  0
10  0      0 157076320  42144 4428108    0    0     0    36 17727 23752  2  0 97  0  0
10  0      0 157060784  42144 4443148    0    0     0     0 15968 21868  2  0 97  0  0
 7  0      0 157045232  42144 4458760    0    0     0     0 21481 29122  3  1 96  0  0
 7  0      0 157021968  42144 4458760    0    0     0    12 15920 20852  2  0 97  0  0
11  0      0 157015728  42144 4465200    0    0     0     0 12620 16921  2  0 97  0  0
 8  0      0 157013712  42144 4465200    0    0     0     0 10736 13594  2  0 98  0  0
 9  0      0 157013920  42152 4465336    0    0     0    44 11004 14232  2  0 97  0  0
10  0      0 157011776  42152 4465336    0    0     0     0 10741 13764  2  0 98  0  0
 8  0      0 157003344  42152 4465340    0    0     0     0 11823 14119  2  0 98  0  0
10  0      0 157003344  42152 4465340    0    0     0     0 9943 12354  2  0 98  0  0
 7  0      0 157003344  42152 4465340    0    0     0     0 9879 12515  2  0 98  0  0
 5  0      0 157003344  42152 4465340    0    0     0     0 9965 12598  2  0 98  0  0
11  0      0 157003344  42152 4465340    0    0     0     0 9911 12511  2  0 98  0  0
13  0      0 157003344  42160 4465332    0    0     0    60 9945 12345  2  0 98  0  0
37  0      0 156965056  42160 4465332    0    0     0     0 11470 13054  2  0 98  0  0
49  0      0 156945360  42160 4465684    0    0     0     0 13022 14495  2  0 97  0  0
20  0      0 156900992  42160 4465692    0    0     0     0 12178 14097  2  0 97  0  0
procs -----------memory---------- ---swap-- -----io---- -system-- ------cpu-----
 r  b   swpd   free   buff  cache   si   so    bi    bo   in   cs us sy id wa st
121  0      0 156878464  42160 4465960    0    0     0     0 11321 10889  2  0 97  0  0
20  0      0 156847264  42160 4466304    0    0     0    40 12295 13069  2  1 97  0  0
130  0      0 156810976  42168 4466400    0    0     0    36 14597 18270  2  0 97  0  0
121  0      0 156799728  42168 4466472    0    0     0     0 11234 9322  2  0 97  0  0
13  0      0 156744368  42168 4470468    0    0     0     0 12033 13302  2  0 97  0  0
16  0      0 156729280  42168 4470888    0    0     0     0 12178 14728  2  0 97  0  0
37  0      0 156713488  42168 4470888    0    0     0     0 12714 15194  2  0 98  0  0
33  0      0 156699376  42168 4470932    0    0     0     0 11509 12697  2  0 97  0  0
 6  0      0 156690480  42176 4471004    0    0     0    44 10948 10044  2  1 97  0  0
35  1      0 156678336  42176 4471212    0    0     0     0 13044 12452  2  1 97  0  0
112  1      0 156659424  42176 4471212    0    0     0     0 13115 15671  2  0 97  0  0
126  1      0 156647184  42176 4471328    0    0     0     0 11460 12788  2  0 97  0  0
167  1      0 156630928  42176 4471416    0    0     0     0 11555 14261  2  0 97  0  0
85  1      0 156616880  42176 4471420    0    0     0     0 11504 14253  2  0 97  0  0
29  0      0 156605152  42184 4471412    0    0     0    40 13601 16842  2  0 97  0  0
38  0      0 156595344  42184 4471420    0    0     0     0 12291 13908  2  0 97  0  0
81  0      0 156578288  42184 4471420    0    0     0     0 12031 13442  2  0 98  0  0
35  0      0 156566560  42184 4471440    0    0     0     0 11645 14160  2  0 97  0  0
157  0      0 156536128  42184 4471600    0    0     0     0 11178 11565  2  0 98  0  0
40  0      0 156524880  42184 4471640    0    0     0     0 14302 15589  2  1 97  0  0
31  0      0 156504672  42192 4471672    0    0     0    44 11191 12755  2  0 97  0  0
procs -----------memory---------- ---swap-- -----io---- -system-- ------cpu-----
 r  b   swpd   free   buff  cache   si   so    bi    bo   in   cs us sy id wa st
20  0      0 156473632  42192 4475512    0    0     0     0 11318 11888  2  0 98  0  0
 7  0      0 156437312  42192 4480040    0    0     0     0 11897 12764  2  0 97  0  0
22  0      0 156420896  42192 4479932    0    0     0     0 12804 15207  2  0 97  0  0
57  0      0 156404768  42192 4479956    0    0     0     0 11431 12736  2  0 98  0  0
110  0      0 156367872  42232 4480152    0    0    42     0 11388 12006  2  0 98  0  0
124  0      0 156349280  42232 4484004    0    0     0     0 11467 10939  2  0 97  0  0
24  0      0 156342240  42232 4484276    0    0     0     0 12276 12424  2  0 97  0  0
195  0      0 156323472  42232 4484776    0    0     0     0 10452 9950  2  0 98  0  0
33  0      0 156308304  42232 4484824    0    0     0     0 16482 21139  2  1 97  0  0
51  0      0 156296816  42232 4484836    0    0     0     0 13774 15113  2  0 97  0  0
82  0      0 156286096  42232 4484848    0    0     0    32 12258 13909  2  0 97  0  0
15  0      0 156273680  42232 4484880    0    0     0     0 12066 13174  2  0 97  0  0
11  0      0 156252464  42232 4484896    0    0     0     0 13569 13923  2  0 97  0  0
18  0      0 156227936  42240 4488748    0    0     0    64 12932 12084  2  0 97  0  0
33  0      0 156209840  42240 4488896    0    0     0     0 12018 11299  2  0 98  0  0
36  0      0 156185600  42240 4493216    0    0     0    48 12025 10987  2  0 97  0  0
52  0      0 156167104  42240 4493736    0    0     0     0 12390 11901  2  0 97  0  0
46  0      0 156157824  42240 4493736    0    0     0     0 12057 11687  2  0 97  0  0
44  0      0 156155072  42240 4493736    0    0     0     0 10292 10237  2  0 97  0  0
167  0      0 156142592  42248 4498240    0    0     0    40 12570 11113  2  0 97  0  0
131  0      0 156135520  42248 4498240    0    0     0     0 12050 11415  2  0 97  0  0
procs -----------memory---------- ---swap-- -----io---- -system-- ------cpu-----
 r  b   swpd   free   buff  cache   si   so    bi    bo   in   cs us sy id wa st
17  0      0 156133136  42248 4498240    0    0     0     0 12895 11460  2  0 97  0  0
22  0      0 156124000  42248 4498992    0    0     0     0 11947 11783  2  0 98  0  0
12  0      0 156117536  42248 4500124    0    0     0     0 14472 17779  2  0 97  0  0
 6  0      0 156112272  42248 4500388    0    0     0     0 12179 11359  2  0 98  0  0
163  0      0 156104352  42248 4500532    0    0     0     0 14296 12637  2  0 97  0  0
72  0      0 156100256  42248 4500532    0    0     0     0 12191 11156  2  0 97  0  0
135  0      0 156097520  42248 4500532    0    0     0     0 11409 10812  2  0 97  0  0
10  0      0 156090848  42248 4501436    0    0     0     0 12562 12301  2  0 97  0  0
22  0      0 156086240  42248 4501544    0    0     0     0 11645 11299  2  0 97  0  0
15  0      0 156080752  42248 4501696    0    0     0     4 14043 12342  2  0 97  0  0
13  0      0 156078736  42248 4501696    0    0     0     0 12000 11867  2  0 98  0  0
12  0      0 156063424  42248 4502008    0    0     0     0 11355 12666  2  0 97  0  0
 5  0      0 155984800  42248 4502740    0    0     0     0 12014 11728  2  0 97  0  0
 9  0      0 155980624  42248 4502816    0    0     0     0 11782 11082  2  0 98  0  0
16  0      0 155976448  42256 4502812    0    0     0    40 12197 12022  2  0 98  0  0
65  0      0 155970640  42256 4502812    0    0     0     0 11506 11145  2  0 97  0  0
25  0      0 155967280  42256 4503772    0    0     0     0 12462 12044  2  0 97  0  0
10  0      0 155959168  42256 4504636    0    0     0     0 12933 12875  2  0 97  0  0
67  0      0 155952224  42256 4505932    0    0     0     0 11710 10970  2  0 98  0  0
28  0      0 155950176  42256 4506724    0    0     0    12 13989 12213  3  0 97  0  0
94  0      0 155946096  42256 4507540    0    0     0     0 17493 18658  2  0 97  0  0
procs -----------memory---------- ---swap-- -----io---- -system-- ------cpu-----
 r  b   swpd   free   buff  cache   si   so    bi    bo   in   cs us sy id wa st
 7  0      0 155922032  42264 4525556    0    0     0    44 15812 18569  2  0 97  0  0
46  0      0 155911728  42264 4535948    0    0     0     0 12241 11813  2  0 98  0  0
68  0      0 155910688  42264 4537064    0    0     0     0 12409 10944  2  0 97  0  0
60  0      0 155909776  42272 4538696    0    0     0    52 12475 11408  2  0 97  0  0
284  0      0 155906432  42272 4542156    0    0     0     0 12765 11341  2  0 97  0  0
18  0      0 155905008  42280 4543468    0    0     0    56 12210 11675  2  0 97  0  0
20  0      0 155893984  42280 4554056    0    0     0     0 12892 12281  2  0 97  0  0
13  0      0 155890880  42280 4554484    0    0     0     0 12682 12021  2  0 97  0  0
32  0      0 155891024  42280 4554484    0    0     0    20 12552 12200  2  0 97  0  0
 8  0      0 155882128  42280 4563508    0    0     0     0 11910 12499  2  0 98  0  0
19  0      0 155860864  42280 4584236    0    0     0     0 11182 11764  2  0 98  0  0
126  0      0 155850272  42288 4592360    0    0     0    40 26110 41224  2  1 97  0  0
29  0      0 155850160  42288 4592564    0    0     0     0 12707 11310  2  0 97  0  0
28  0      0 155848064  42288 4595616    0    0     0     0 12648 12092  2  0 98  0  0
13  0      0 155847152  42288 4596040    0    0     0     0 12346 12002  2  0 98  0  0
49  0      0 155846128  42288 4597544    0    0     0     0 12095 11317  2  0 97  0  0
227  0      0 155833328  42296 4609128    0    0     0    44 21636 33169  2  1 97  0  0
24  0      0 155913840  42296 4522656    0    0     0     0 12323 11526  2  0 97  0  0
22  0      0 155932480  42296 4504808    0    0     0     0 12501 12122  2  0 97  0  0
 8  0      0 155932704  42296 4504824    0    0     0     0 11633 13283  2  0 98  0  0
14  0      0 155932704  42296 4504824    0    0     0     0 11543 14918  2  0 98  0  0
procs -----------memory---------- ---swap-- -----io---- -system-- ------cpu-----
 r  b   swpd   free   buff  cache   si   so    bi    bo   in   cs us sy id wa st
19  0      0 155932704  42304 4504820    0    0     0    36 12582 12677  2  0 98  0  0
23  0      0 155933216  42304 4504820    0    0     0     0 11593 10864  2  0 97  0  0
14  0      0 155933216  42304 4504820    0    0     0     0 12733 12267  2  0 97  0  0
123  0      0 155933216  42304 4504820    0    0     0     0 12364 11202  2  0 97  0  0
 3  0      0 155933216  42304 4505572    0    0     0     0 11985 12509  2  0 98  0  0
29  0      0 155932208  42304 4505572    0    0     0     0 11774 13224  2  0 98  0  0
25  0      0 155930080  42304 4505572    0    0     0     0 13176 12583  2  0 97  0  0
19  0      0 155929584  42304 4505572    0    0     0     4 12426 11641  2  0 97  0  0
 7  0      0 155929584  42304 4506324    0    0     0     0 11503 12984  2  0 98  0  0
19  0      0 155929728  42304 4506324    0    0     0     0 11888 14153  2  0 98  0  0
138  0      0 155927968  42304 4506324    0    0     0     0 12092 12058  2  0 98  0  0
29  0      0 155927968  42304 4506324    0    0     0     0 12405 11489  2  0 97  0  0
47  0      0 155928496  42312 4506316    0    0     0    44 12631 12340  2  0 97  0  0
36  0      0 155928560  42312 4506316    0    0     0     0 12486 11790  2  0 97  0  0
10  0      0 155928064  42312 4506316    0    0     0     0 12813 12521  2  0 97  0  0
10  0      0 155928064  42312 4506316    0    0     0     0 11689 13014  2  0 98  0  0
20  0      0 155925920  42312 4507384    0    0     0     0 13733 12026  2  0 97  0  0
11  0      0 155926144  42312 4507536    0    0     0    40 12771 11943  2  0 97  0  0
13  0      0 155926400  42320 4507536    0    0     0    60 11577 13289  2  0 98  0  0
10  0      0 155926496  42320 4507536    0    0     0     0 11396 14151  2  0 98  0  0
34  0      0 155926496  42320 4507536    0    0     0     0 11797 12337  2  0 98  0  0
procs -----------memory---------- ---swap-- -----io---- -system-- ------cpu-----
 r  b   swpd   free   buff  cache   si   so    bi    bo   in   cs us sy id wa st
43  0      0 155927104  42320 4507588    0    0     0     0 19458 19879  3  1 96  0  0
 9  0      0 155926992  42320 4507744    0    0     0    44 13390 13291  2  0 97  0  0
44  0      0 155927024  42320 4507744    0    0     0     0 11971 11227  2  0 97  0  0
 1  0      0 155925984  42320 4507744    0    0     0     0 12299 13099  2  0 98  0  0
72  0      0 155924896  42328 4507736    0    0     0    20 11527 12090  2  0 98  0  0
28  0      0 155922784  42328 4507736    0    0     0     0 12884 12077  2  0 97  0  0
16  0      0 155921136  42328 4507740    0    0     0     0 13973 12488  2  0 97  0  0
10  0      0 155921136  42328 4507740    0    0     0     0 11501 13621  2  0 98  0  0
 9  0      0 155921136  42328 4507740    0    0     0     0 11319 14668  2  0 98  0  0
77  0      0 155921136  42328 4507740    0    0     0     0 12516 13157  2  0 98  0  0
12  0      0 155921136  42328 4507740    0    0     0     0 11751 11279  2  0 97  0  0
16  0      0 155921136  42336 4508484    0    0     0    40 12664 12126  2  0 98  0  0
17  0      0 155920640  42336 4508484    0    0     0     0 12169 11370  2  0 97  0  0
14  0      0 155919968  42336 4509660    0    0     0     0 13152 13279  2  0 98  0  0
18  0      0 155918976  42336 4509872    0    0     0     0 11671 12295  2  0 98  0  0
13  0      0 155917104  42336 4509884    0    0     0     0 12366 11770  2  0 97  0  0
10  0      0 155917232  42336 4509884    0    0     0     0 12187 11810  2  0 98  0  0
 2  0      0 155917856  42336 4509724    0    0     0     0 12248 13398  2  0 98  0  0
11  0      0 155915584  42344 4509716    0    0     0    40 11548 14137  2  0 98  0  0
 9  0      0 155917216  42344 4509716    0    0     0     0 12642 12917  2  0 98  0  0
30  0      0 155917216  42344 4509716    0    0     0     0 12496 11632  2  0 97  0  0
procs -----------memory---------- ---swap-- -----io---- -system-- ------cpu-----
 r  b   swpd   free   buff  cache   si   so    bi    bo   in   cs us sy id wa st
22  0      0 155916704  42344 4509716    0    0     0     0 12636 12260  2  0 97  0  0
67  0      0 155916192  42344 4509716    0    0     0     0 12282 11775  2  0 97  0  0
 0  0      0 155916064  42344 4510576    0    0     0     0 12502 12158  2  0 97  0  0
53  0      0 155915440  42352 4510080    0    0     0    40 12872 12773  2  0 98  0  0
 6  0      0 155912352  42352 4510148    0    0     0     0 12626 11551  2  0 97  0  0
11  0      0 155912496  42352 4510148    0    0     0    40 12399 11920  2  0 98  0  0
 9  0      0 155912496  42352 4510148    0    0     0     0 11208 13130  2  0 98  0  0
 9  0      0 155912496  42352 4510148    0    0     0     0 11490 14461  2  0 98  0  0
49  0      0 155913552  42368 4510460    0    0     0   108 12538 13190  2  0 98  0  0
16  0      0 155913392  42368 4510524    0    0     0     0 13153 11516  2  0 97  0  0
 5  0      0 155890208  42368 4510528    0    0     0    12 12567 12239  2  0 98  0  0
12  0      0 155852864  42368 4510528    0    0     0     0 11911 11430  2  0 98  0  0
20  0      0 155850096  42368 4510528    0    0     0     0 11313 11676  2  0 98  0  0
61  0      0 155845104  42376 4510516    0    0     0    52 12200 11825  2  0 97  0  0
17  0      0 155841744  42376 4510516    0    0     0     0 12474 11189  2  0 97  0  0
209  0      0 155841744  42376 4510516    0    0     0    56 13133 11357  2  0 97  0  0
 3  0      0 155842240  42376 4510516    0    0     0     0 11255 11723  2  0 98  0  0
 4  0      0 155842752  42376 4510516    0    0     0     0 11143 13583  2  0 98  0  0
114  0      0 155864416  42384 4510544    0    0     0    12 12167 12587  2  0 98  0  0
18  0      0 155867440  42384 4511296    0    0     0     0 12528 11591  2  0 97  0  0
22  0      0 155874496  42384 4512048    0    0     0     0 12949 13096  2  0 97  0  0
procs -----------memory---------- ---swap-- -----io---- -system-- ------cpu-----
 r  b   swpd   free   buff  cache   si   so    bi    bo   in   cs us sy id wa st
78  0      0 155890624  42384 4512068    0    0     0     0 12727 12273  2  0 97  0  0
 3  0      0 155898592  42384 4512380    0    0     0     0 12320 11827  2  0 98  0  0
44  0      0 155896784  42384 4512504    0    0     0     0 12532 12668  2  0 98  0  0
29  0      0 155894144  42384 4512560    0    0     0     0 13469 11877  2  0 97  0  0
 6  0      0 155894064  42384 4512572    0    0     0     0 12323 12127  2  0 98  0  0
 5  0      0 155894064  42384 4512572    0    0     0     0 11271 13348  2  0 98  0  0
 7  0      0 156008976  42384 4512572    0    0     0     0 12452 14365  2  0 98  0  0
67  0      0 156009360  42384 4512572    0    0     0     0 12940 12656  2  0 98  0  0
14  0      0 156010704  42392 4512968    0    0     0    48 12294 11756  2  0 97  0  0
43  0      0 156010832  42392 4513148    0    0     0     0 12862 11982  2  0 97  0  0
15  0      0 156010880  42392 4513240    0    0     0     0 12711 11907  2  0 97  0  0
 5  0      0 156009984  42392 4513628    0    0     0     0 12305 12621  2  0 97  0  0
23  0      0 156009360  42392 4513628    0    0     0     0 11093 11896  2  0 98  0  0
13  0      0 156005184  42392 4513624    0    0     0     0 13176 12464  2  0 97  0  0
 4  0      0 156005200  42392 4513624    0    0     0     0 12476 12627  2  0 98  0  0
 1  0      0 156005040  42400 4514140    0    0     0    40 11432 13351  2  0 98  0  0
 9  0      0 156005904  42400 4514032    0    0     0     0 11603 13950  2  0 98  0  0
83  0      0 156005920  42400 4514032    0    0     0     0 11333 11735  2  0 98  0  0
67  0      0 156005488  42400 4514032    0    0     0     0 13019 11754  2  0 97  0  0
24  0      0 156005488  42400 4514032    0    0     0     0 12698 12457  2  0 97  0  0
106  0      0 156004576  42400 4514432    0    0     0     0 12106 11771  2  0 97  0  0
procs -----------memory---------- ---swap-- -----io---- -system-- ------cpu-----
 r  b   swpd   free   buff  cache   si   so    bi    bo   in   cs us sy id wa st
 1  0      0 156003440  42400 4514768    0    0     0     0 12159 12586  2  0 98  0  0
27  0      0 156003408  42400 4514768    0    0     0     0 11330 12306  2  0 98  0  0
26  0      0 156000672  42400 4514768    0    0     0     0 13124 12233  2  0 97  0  0
 8  0      0 155998384  42400 4515384    0    0     0    12 13842 12405  2  0 97  0  0
10  0      0 155998528  42400 4515388    0    0     0     0 11358 13497  2  0 98  0  0
 8  0      0 155998448  42400 4515380    0    0     0     0 11650 14712  2  0 98  0  0
117  0      0 156000016  42400 4515400    0    0     0     0 12324 12279  2  0 98  0  0
14  0      0 155998592  42400 4515572    0    0     0     0 11906 11297  2  0 97  0  0
24  0      0 155998608  42408 4515564    0    0     0    60 12561 12270  2  0 97  0  0
12  0      0 155998608  42408 4515564    0    0     0     0 11957 11513  2  0 97  0  0
11  0      0 155997520  42408 4515564    0    0     0     0 12516 12636  2  0 98  0  0
26  0      0 155996928  42408 4515564    0    0     0     0 12544 12533  2  0 98  0  0
67  0      0 155994720  42408 4515564    0    0     0     0 11871 11008  2  0 97  0  0
64  0      0 155994720  42408 4515564    0    0     0    20 12263 11918  2  0 98  0  0
 0  0      0 155994128  42408 4515564    0    0     0     0 11903 13584  2  0 98  0  0
10  0      0 155994656  42416 4515556    0    0     0    44 11679 15047  2  0 98  0  0
56  0      0 155994464  42416 4515556    0    0     0     0 12793 12131  2  0 98  0  0
17  0      0 155995152  42416 4516664    0    0     0     0 12051 11446  2  0 97  0  0
13  0      0 155994912  42416 4516924    0    0     0     0 12439 11810  2  0 97  0  0
23  0      0 155994208  42416 4516940    0    0     0     0 12444 11622  2  0 97  0  0
 6  0      0 155994208  42416 4516940    0    0     0     0 12148 12747  2  0 97  0  0
procs -----------memory---------- ---swap-- -----io---- -system-- ------cpu-----
 r  b   swpd   free   buff  cache   si   so    bi    bo   in   cs us sy id wa st
66  0      0 155993200  42424 4516932    0    0     0    44 12702 12418  2  0 98  0  0
217  0      0 155991072  42424 4516932    0    0     0     0 12797 11512  2  0 97  0  0
25  0      0 155990528  42424 4516932    0    0     0     0 12100 12086  2  0 98  0  0
 1  0      0 155990528  42424 4517684    0    0     0     0 11464 13499  2  0 98  0  0
21  0      0 155991040  42424 4517684    0    0     0     0 11348 13911  2  0 98  0  0
104  0      0 155990336  42432 4518080    0    0     0    40 12958 12257  2  0 97  0  0
82  0      0 155989888  42432 4518272    0    0     0     0 11900 11285  2  0 97  0  0
15  0      0 155989904  42432 4518272    0    0     0     0 12364 11897  2  0 97  0  0
41  0      0 155989520  42432 4518268    0    0     0     0 12078 11468  2  0 98  0  0
 0  0      0 155988608  42432 4518268    0    0     0     0 12002 12768  2  0 98  0  0
24  0      0 155987888  42440 4518968    0    0     0    44 12974 12777  2  0 98  0  0
37  0      0 155984704  42440 4519148    0    0     0     0 12027 11652  2  0 97  0  0
 4  0      0 155978384  42440 4519228    0    0     0    12 11959 11651  2  0 98  0  0
16  0      0 155977168  42440 4519228    0    0     0     0 12134 12303  2  0 97  0  0
12  0      0 155977168  42440 4519228    0    0     0     0 11757 13297  2  0 98  0  0
14  0      0 155976672  42440 4519436    0    0     0     0 12809 12217  2  0 97  0  0
22  0      0 155975968  42448 4519568    0    0     0    44 12161 11410  2  0 97  0  0
17  0      0 155974864  42448 4519568    0    0     0    48 12815 11672  2  0 97  0  0
 8  0      0 155973184  42448 4519568    0    0     0     0 12102 11476  2  0 97  0  0
 5  0      0 155972704  42448 4519936    0    0     0     0 12110 12542  2  0 98  0  0
86  0      0 155971184  42448 4520304    0    0     0     0 11780 12341  2  0 98  0  0
procs -----------memory---------- ---swap-- -----io---- -system-- ------cpu-----
 r  b   swpd   free   buff  cache   si   so    bi    bo   in   cs us sy id wa st
149  0      0 155968704  42448 4520388    0    0     0     0 12964 11910  2  0 97  0  0
29  0      0 155968096  42448 4520696    0    0     0     8 12216 11907  2  0 98  0  0
 0  0      0 155968128  42448 4520696    0    0     0     0 11020 13342  2  0 98  0  0
22  0      0 155968464  42448 4520644    0    0     0     0 12353 14685  2  0 98  0  0
68  0      0 155967968  42448 4520740    0    0     0     0 12714 12247  2  0 98  0  0
 9  0      0 155967904  42448 4520804    0    0     0     0 12754 11406  2  0 97  0  0
206  0      0 155967616  42456 4520916    0    0     0    44 12487 11556  2  0 97  0  0
11  0      0 155967200  42456 4521240    0    0     0     0 12760 11756  2  0 97  0  0
 7  0      0 155966352  42456 4521556    0    0     0     0 12324 13038  2  0 98  0  0
45  0      0 155967600  42456 4521584    0    0     0     0 12004 12257  2  0 98  0  0
15  0      0 155964352  42456 4521804    0    0     0     0 12385 11633  2  0 98  0  0
 8  0      0 155964352  42456 4521804    0    0     0     0 12409 12511  2  0 98  0  0
 3  0      0 155964000  42456 4521804    0    0     0     0 11344 14233  2  0 98  0  0
82  0      0 155964000  42464 4521796    0    0     0    40 11759 14284  2  0 98  0  0
22  0      0 155964080  42464 4521796    0    0     0     0 12351 12342  2  0 97  0  0
12  0      0 155964240  42464 4522140    0    0     0     0 21612 22517  3  1 96  0  0
17  0      0 155964592  42464 4522180    0    0     0     0 13702 13188  2  0 97  0  0
106  0      0 155963968  42464 4522212    0    0     0     0 12259 11166  2  0 97  0  0
 7  0      0 155963440  42464 4522212    0    0     0     0 11793 12909  2  0 98  0  0
74  0      0 155962912  42464 4522212    0    0     0     0 12075 12094  2  0 97  0  0
28  0      0 155960224  42472 4523144    0    0     0    20 12387 11950  2  0 97  0  0
procs -----------memory---------- ---swap-- -----io---- -system-- ------cpu-----
 r  b   swpd   free   buff  cache   si   so    bi    bo   in   cs us sy id wa st
11  0      0 155958688  42472 4523404    0    0     0     0 14112 13236  2  0 97  0  0
12  0      0 155960016  42472 4523432    0    0     0     0 11261 13739  2  0 98  0  0
80  0      0 155960416  42472 4523236    0    0     0     0 11703 14390  2  0 98  0  0
27  0      0 155960592  42472 4523244    0    0     0     0 12819 12675  2  0 97  0  0
61  0      0 155960592  42472 4523244    0    0     0     0 12119 11323  2  0 97  0  0
50  0      0 155960592  42472 4523244    0    0     0     0 12143 11732  2  0 97  0  0
14  0      0 155960096  42480 4523236    0    0     0    40 12020 11121  2  0 97  0  0
 5  0      0 155959552  42480 4523300    0    0     0     0 12602 13291  2  0 98  0  0
14  0      0 155958000  42480 4523300    0    0     0     0 11965 11545  2  0 97  0  0
10  0      0 155953504  42480 4524052    0    0     0     0 12413 11748  2  0 97  0  0
13  0      0 155953632  42480 4524052    0    0     0     0 12915 12800  2  0 97  0  0
 7  0      0 155953824  42480 4524804    0    0     0     0 11982 14399  2  0 98  0  0
31  0      0 155954368  42480 4524688    0    0     0     0 11597 14228  2  0 98  0  0
18  0      0 155954960  42488 4524764    0    0     0    44 13713 12668  2  0 98  0  0
21  0      0 155955440  42488 4524812    0    0     0     0 12108 11933  2  0 98  0  0
23  0      0 155955200  42488 4525052    0    0     0    24 12069 11148  2  0 97  0  0
59  0      0 155955072  42488 4525172    0    0     0     0 12500 11708  2  0 97  0  0
 6  0      0 155954160  42488 4525568    0    0     0     0 11943 12220  2  0 97  0  0
23  0      0 155953936  42496 4525860    0    0     0    52 12704 12100  2  0 97  0  0
 9  0      0 155951824  42496 4525940    0    0     0     0 13470 12262  2  0 97  0  0
11  0      0 155951600  42496 4526268    0    0     0     0 12432 12679  2  0 98  0  0
procs -----------memory---------- ---swap-- -----io---- -system-- ------cpu-----
 r  b   swpd   free   buff  cache   si   so    bi    bo   in   cs us sy id wa st
11  0      0 155953248  42496 4525800    0    0     0     0 11269 14519  2  0 98  0  0
41  0      0 155953968  42496 4525652    0    0     0     0 11712 14341  2  0 98  0  0
24  0      0 155954880  42504 4525688    0    0     0    40 12862 12763  2  0 98  0  0
14  0      0 155954400  42504 4525852    0    0     0     0 12365 10809  2  0 97  0  0
34  0      0 155954400  42504 4525852    0    0     0    12 13091 12414  2  0 98  0  0
28  0      0 155953328  42504 4525852    0    0     0     0 11630 11537  2  0 97  0  0
 9  0      0 155953328  42504 4525852    0    0     0     0 11953 12961  2  0 98  0  0
45  0      0 155952352  42512 4525844    0    0     0    40 13016 11919  2  0 97  0  0
56  0      0 155950240  42512 4525844    0    0     0     0 12362 11473  2  0 97  0  0
 9  0      0 155950240  42512 4525844    0    0     0     0 12698 12670  2  0 98  0  0
13  0      0 155951280  42512 4526972    0    0     0     0 11122 13265  2  0 98  0  0
26  0      0 155951920  42512 4526944    0    0     0     0 11567 13538  2  0 98  0  0
141  0      0 155951776  42512 4526944    0    0     0     0 11912 11379  2  0 98  0  0
19  0      0 155951776  42520 4526936    0    0     0    36 12402 11832  2  0 97  0  0
72  0      0 155951776  42520 4526936    0    0     0     0 12823 12319  2  0 97  0  0
20  0      0 155946336  42520 4526936    0    0     0     0 11862 11844  2  0 97  0  0
25  0      0 155941696  42520 4526936    0    0     0     0 11747 12048  2  0 97  0  0
116  0      0 155935488  42520 4527576    0    0     0     0 13109 12828  2  0 97  0  0
 8  0      0 155930032  42520 4527708    0    0     0     0 12432 11827  2  0 97  0  0
97  0      0 155929728  42520 4527844    0    0     0     8 12236 10967  2  0 98  0  0
10  0      0 155929600  42520 4528044    0    0     0     0 12095 12320  2  0 98  0  0
procs -----------memory---------- ---swap-- -----io---- -system-- ------cpu-----
 r  b   swpd   free   buff  cache   si   so    bi    bo   in   cs us sy id wa st
15  0      0 155929344  42520 4528016    0    0     0     0 11777 13544  2  0 98  0  0
34  0      0 155928928  42528 4527716    0    0     0    56 13157 12623  2  0 98  0  0
14  0      0 155927904  42528 4527960    0    0     0     0 12437 11584  2  0 97  0  0
88  0      0 155927824  42528 4528008    0    0     0     0 12590 11748  2  0 97  0  0
11  0      0 155927104  42528 4528012    0    0     0     0 12221 11604  2  0 97  0  0
 1  0      0 155927104  42528 4528012    0    0     0     0 12139 13047  2  0 98  0  0
50  0      0 155927168  42528 4528652    0    0     0     0 12426 11970  2  0 97  0  0
23  0      0 155924144  42536 4528660    0    0     0    40 12428 12090  2  0 97  0  0
 0  0      0 155923936  42536 4528892    0    0     0    76 12436 12727  2  0 98  0  0
11  0      0 155923968  42536 4528892    0    0     0     0 11216 14597  2  0 98  0  0
10  0      0 155923968  42536 4528900    0    0     0     0 11786 14629  2  0 98  0  0
88  0      0 155924208  42536 4528900    0    0     0     0 12785 12193  2  0 97  0  0
40  0      0 155924208  42536 4528900    0    0     0     0 12287 12249  2  0 97  0  0
53  0      0 155923664  42536 4528908    0    0     0     0 11792 11445  2  0 97  0  0
11  0      0 155922608  42544 4528900    0    0     0    36 12309 11036  2  0 97  0  0
 8  0      0 155922608  42544 4528900    0    0     0     0 11933 13036  2  0 98  0  0
56  0      0 155921568  42544 4528900    0    0     0     0 12534 12097  2  0 98  0  0
30  0      0 155919168  42544 4528900    0    0     0     0 12915 12421  2  0 97  0  0
 0  0      0 155918480  42544 4529652    0    0     0     0 13130 13224  2  0 98  0  0
 7  0      0 155918480  42544 4529652    0    0     0     0 11395 13903  2  0 98  0  0
 2  0      0 155918480  42544 4530404    0    0     0     0 11662 14030  2  0 98  0  0
procs -----------memory---------- ---swap-- -----io---- -system-- ------cpu-----
 r  b   swpd   free   buff  cache   si   so    bi    bo   in   cs us sy id wa st
120  0      0 155918976  42544 4530404    0    0     0     0 11894 11411  2  0 97  0  0
29  0      0 155918976  42544 4530404    0    0     0     0 12803 11372  2  0 97  0  0
54  0      0 155918464  42544 4530404    0    0     0     0 12357 11433  2  0 97  0  0
25  0      0 155917440  42552 4530396    0    0     0    40 11912 11856  2  0 98  0  0
 9  0      0 155915744  42552 4530396    0    0     0     0 12391 13574  2  0 98  0  0
13  0      0 155915232  42552 4530396    0    0     0     0 12196 11827  2  0 97  0  0
22  0      0 155913296  42552 4530396    0    0     0     0 12680 11374  2  0 97  0  0
10  0      0 155913296  42552 4530396    0    0     0    12 12296 12372  2  0 98  0  0
 9  0      0 155913024  42552 4530396    0    0     0     0 11930 14428  2  0 98  0  0
 2  0      0 155913024  42552 4530396    0    0     0     0 11481 13706  2  0 98  0  0
65  0      0 155913072  42560 4530388    0    0     0    40 13162 12477  2  0 97  0  0
31  0      0 155913072  42560 4531128    0    0     0     0 12858 12274  2  0 97  0  0
30  0      0 155912896  42560 4531340    0    0     0     0 12734 12068  2  0 97  0  0
11  0      0 155911936  42560 4531464    0    0     0     0 12188 10960  2  0 97  0  0
 9  0      0 155912048  42560 4531464    0    0     0     0 11989 12946  2  0 98  0  0
11  0      0 155911008  42568 4531456    0    0     0    20 12535 11981  2  0 97  0  0
 5  0      0 155908016  42568 4532088    0    0     0     0 14180 13322  2  0 97  0  0
 0  0      0 155908352  42568 4532304    0    0     0     0 12413 12730  2  0 98  0  0
12  0      0 155908496  42568 4532304    0    0     0     0 11265 13978  2  0 98  0  0
 3  0      0 155908512  42568 4532304    0    0     0     0 11439 14019  2  0 98  0  0
182  0      0 155908848  42568 4532304    0    0     0     0 12354 11904  2  0 97  0  0
procs -----------memory---------- ---swap-- -----io---- -system-- ------cpu-----
 r  b   swpd   free   buff  cache   si   so    bi    bo   in   cs us sy id wa st
14  0      0 155908320  42576 4532300    0    0     0    40 13648 12564  2  0 97  0  0
 6  0      0 155908320  42576 4532300    0    0     0     4 12343 12070  2  0 97  0  0
20  0      0 155908320  42576 4532300    0    0     0     0 12057 11769  2  0 98  0  0
19  0      0 155907792  42576 4532300    0    0     0     0 11968 12571  2  0 98  0  0
26  0      0 155907264  42576 4532300    0    0     0     0 12450 12106  2  0 97  0  0
47  0      0 155902720  42584 4533044    0    0     0    44 13721 11522  2  0 97  0  0
 7  0      0 155902720  42584 4533044    0    0     0    20 12166 12783  2  0 98  0  0
 8  0      0 155902720  42584 4533044    0    0     0     0 11415 14509  2  0 98  0  0
11  0      0 155902720  42584 4533044    0    0     0     0 11486 13688  2  0 98  0  0
31  0      0 155902720  42584 4533044    0    0     0     0 12466 11660  2  0 97  0  0
22  0      0 155902720  42592 4533044    0    0     0    40 12345 11569  2  0 97  0  0
 7  0      0 155902720  42592 4533044    0    0     0    16 12552 12433  2  0 97  0  0
24  0      0 155902192  42592 4533796    0    0     0     0 12097 11470  2  0 97  0  0
 6  0      0 155902192  42592 4533796    0    0     0     0 11722 12714  2  0 98  0  0
278  0      0 155901680  42592 4533796    0    0     0     0 12837 11811  2  0 97  0  0
35  0      0 155899056  42592 4534548    0    0     0     0 12179 11446  2  0 97  0  0
 1  0      0 155899056  42592 4534548    0    0     0     0 12114 13366  2  0 98  0  0
14  0      0 155899056  42600 4534540    0    0     0    24 11313 14279  2  0 98  0  0
 9  0      0 155901152  42600 4534516    0    0     0     0 11308 13870  2  0 98  0  0
 6  0      0 155900128  42600 4534516    0    0     0     0 12697 11783  2  0 97  0  0
15  0      0 155899152  42600 4534696    0    0     0     0 13661 12572  2  0 97  0  0
procs -----------memory---------- ---swap-- -----io---- -system-- ------cpu-----
 r  b   swpd   free   buff  cache   si   so    bi    bo   in   cs us sy id wa st
 7  0      0 155899072  42600 4534792    0    0     0     4 12415 12506  2  0 98  0  0
16  0      0 155897360  42600 4534792    0    0     0     0 12247 11839  2  0 97  0  0
17  0      0 155897264  42600 4534712    0    0     0     0 12264 12616  2  0 97  0  0
32  0      0 155892704  42608 4534708    0    0     0    40 12079 11599  2  0 97  0  0
157  0      0 155888816  42608 4534708    0    0     0     0 12258 11287  2  0 97  0  0
41  0      0 155888816  42608 4534708    0    0     0     0 11472 10984  2  0 97  0  0
10  0      0 155888816  42608 4534708    0    0     0     0 11968 13223  2  0 98  0  0
 8  0      0 155888816  42608 4534708    0    0     0     0 11540 13545  2  0 98  0  0
68  0      0 155889344  42616 4535636    0    0     0    20 16671 15772  3  1 97  0  0
21  0      0 155889280  42616 4535660    0    0     0     0 17989 20818  2  0 97  0  0
35  0      0 155889488  42616 4535800    0    0     0     0 14031 14133  2  0 97  0  0
17  0      0 155889664  42616 4535800    0    0     0     0 12449 11675  2  0 97  0  0
19  0      0 155888656  42616 4535800    0    0     0     0 11771 12847  2  0 98  0  0
77  0      0 155888096  42616 4536396    0    0     0     0 12258 11216  2  0 97  0  0
20  0      0 155885776  42624 4536396    0    0     0    12 12735 12056  2  0 98  0  0
12  0      0 155885792  42624 4536584    0    0     0     0 12365 13139  2  0 98  0  0
11  0      0 155885312  42624 4536588    0    0     0     0 12513 14574  2  0 98  0  0
 0  0      0 155885840  42624 4536580    0    0     0     0 11634 13722  2  0 98  0  0
19  0      0 155885984  42624 4536580    0    0     0     0 13424 13013  2  0 98  0  0
14  0      0 155885984  42624 4536580    0    0     0     0 11748 11437  2  0 97  0  0
52  0      0 155885472  42624 4536580    0    0     0    12 12245 11505  2  0 97  0  0
procs -----------memory---------- ---swap-- -----io---- -system-- ------cpu-----
 r  b   swpd   free   buff  cache   si   so    bi    bo   in   cs us sy id wa st
31  0      0 155884912  42632 4537324    0    0     0    40 11914 11322  2  0 97  0  0
12  0      0 155882112  42632 4537316    0    0     0     0 11958 13027  2  0 98  0  0
14  0      0 155882784  42632 4537316    0    0     0     0 13653 12446  2  0 97  0  0
39  0      0 155880384  42632 4537316    0    0     0     0 12583 11794  2  0 97  0  0
 6  0      0 155879328  42632 4537316    0    0     0     0 12155 12606  2  0 98  0  0
 6  0      0 155879328  42632 4537316    0    0     0     0 11691 14320  2  0 98  0  0
 0  0      0 155879600  42632 4537316    0    0     0     0 12338 13996  2  0 98  0  0
79  0      0 155878880  42640 4537308    0    0     0    40 14089 12261  2  0 97  0  0
14  0      0 155880592  42640 4537900    0    0     0     0 12174 11959  2  0 98  0  0
20  0      0 155880384  42640 4538180    0    0     0    20 12329 11823  2  0 98  0  0
21  0      0 155879888  42640 4538180    0    0     0     0 12256 11740  2  0 97  0  0
20  0      0 155878864  42640 4538180    0    0     0     0 11807 12765  2  0 98  0  0
11  0      0 155878336  42640 4538180    0    0     0     0 12496 11873  2  0 97  0  0
18  0      0 155874240  42648 4538180    0    0     0    52 13378 12532  2  0 97  0  0
 0  0      0 155874240  42648 4538180    0    0     0     0 12428 12470  2  0 98  0  0
 6  0      0 155874240  42648 4538180    0    0     0     0 11482 13964  2  0 98  0  0
 5  0      0 155874240  42648 4538180    0    0     0     0 11591 13732  2  0 98  0  0
22  0      0 155874240  42648 4538180    0    0     0     0 12793 11398  2  0 97  0  0
29  0      0 155873680  42656 4538924    0    0     0    40 13048 12232  2  0 97  0  0
18  0      0 155873680  42656 4539676    0    0     0    12 12739 11568  2  0 97  0  0
 9  0      0 155874960  42656 4539688    0    0     0     0 11959 11631  2  0 98  0  0
procs -----------memory---------- ---swap-- -----io---- -system-- ------cpu-----
 r  b   swpd   free   buff  cache   si   so    bi    bo   in   cs us sy id wa st
62  0      0 155874960  42656 4539696    0    0     0     0 11988 12736  2  0 98  0  0
35  0      0 155874288  42656 4539944    0    0     0     0 12824 12543  2  0 97  0  0
26  0      0 155871056  42664 4539940    0    0     0    40 13338 11525  2  0 97  0  0
 9  0      0 155871056  42664 4539940    0    0     0     0 12202 12863  2  0 98  0  0
 9  0      0 155870544  42664 4539940    0    0     0     0 11398 14334  2  0 98  0  0
18  0      0 155871088  42664 4540368    0    0     0     0 11514 13740  2  0 98  0  0
71  0      0 155871088  42664 4540368    0    0     0     0 12176 11413  2  0 97  0  0
 9  0      0 155870688  42672 4540484    0    0     0    36 12683 12428  2  0 98  0  0
29  0      0 155870688  42672 4540484    0    0     0     0 12448 12242  2  0 98  0  0
25  0      0 155870688  42672 4540484    0    0     0     0 12275 12096  2  0 97  0  0
17  0      0 155869440  42672 4540484    0    0     0     0 11943 13066  2  0 98  0  0
25  0      0 155867904  42672 4540484    0    0     0     0 14163 12910  2  0 97  0  0
23  0      0 155865248  42672 4540484    0    0     0     0 12909 11428  2  0 97  0  0
 7  0      0 155865248  42672 4540484    0    0     0    12 12313 12521  2  0 98  0  0
 2  0      0 155865248  42672 4540484    0    0     0     0 11583 14003  2  0 98  0  0
 7  0      0 155865248  42672 4540484    0    0     0     0 11683 13633  2  0 98  0  0
16  0      0 155865888  42672 4541688    0    0     0     0 13001 12389  2  0 97  0  0
11  0      0 155863776  42680 4541792    0    0     0    48 12397 11864  2  0 97  0  0
11  0      0 155857440  42680 4541732    0    0     0     0 12526 12978  2  0 97  0  0
115  0      0 155857440  42680 4541732    0    0     0     0 12189 10957  2  0 97  0  0
34  0      0 155855088  42680 4541732    0    0     0     0 12599 11500  2  0 97  0  0
procs -----------memory---------- ---swap-- -----io---- -system-- ------cpu-----
 r  b   swpd   free   buff  cache   si   so    bi    bo   in   cs us sy id wa st
112  0      0 155854384  42680 4541948    0    0     0     0 12843 12101  2  0 97  0  0
16  0      0 155849072  42688 4542116    0    0     0    40 11561 11200  2  0 97  0  0
26  0      0 155847552  42688 4542808    0    0     0    16 12073 10950  2  0 98  0  0
 1  0      0 155847328  42688 4542808    0    0     0     0 11599 13727  2  0 98  0  0
14  0      0 155847328  42688 4542808    0    0     0     0 11692 13566  2  0 98  0  0
105  0      0 155847696  42688 4542932    0    0     0     0 12756 12371  2  0 97  0  0
58  0      0 155846688  42688 4543008    0    0     0     0 13006 12068  2  0 97  0  0
24  0      0 155846832  42688 4543012    0    0     0     0 12357 11268  2  0 98  0  0
26  0      0 155846832  42696 4543004    0    0     0    24 12363 11867  2  0 97  0  0
18  0      0 155845776  42696 4543004    0    0     0     0 12124 12412  2  0 98  0  0
 6  0      0 155844624  42696 4543004    0    0     0     0 12119 11704  2  0 97  0  0
50  0      0 155842496  42696 4543004    0    0     0     0 12711 11784  2  0 97  0  0
 0  0      0 155842496  42696 4543756    0    0     0     0 11919 12537  2  0 98  0  0
 0  0      0 155841504  42696 4543756    0    0     0     0 12807 14766  2  0 98  0  0
16  0      0 155841504  42696 4543756    0    0     0     0 11867 14230  2  0 98  0  0
14  0      0 155842736  42696 4543940    0    0     0     0 12467 11663  2  0 97  0  0
18  0      0 155842752  42696 4543992    0    0     0     0 12698 11727  2  0 98  0  0
28  0      0 155842528  42696 4544212    0    0     0     0 12222 12002  2  0 97  0  0
34  0      0 155841536  42704 4544204    0    0     0    40 12704 12495  2  0 98  0  0
10  0      0 155841536  42704 4544204    0    0     0     0 11656 12781  2  0 98  0  0
74  0      0 155839504  42704 4544204    0    0     0     0 13232 12534  2  0 97  0  0
procs -----------memory---------- ---swap-- -----io---- -system-- ------cpu-----
 r  b   swpd   free   buff  cache   si   so    bi    bo   in   cs us sy id wa st
22  0      0 155837264  42704 4544204    0    0     0     0 12588 11841  2  0 97  0  0
11  0      0 155837264  42704 4544204    0    0     0    16 11831 12860  2  0 98  0  0
 3  0      0 155837264  42704 4544204    0    0     0     0 11794 15117  2  0 98  0  0
15  0      0 155837424  42704 4545092    0    0     0     0 12593 14026  2  0 98  0  0
82  0      0 155839104  42712 4545184    0    0     0    40 12634 11443  2  0 97  0  0
 6  0      0 155839168  42712 4545200    0    0     0     0 13788 12236  2  0 97  0  0
36  0      0 155839152  42712 4545268    0    0     0    12 12321 11984  2  0 98  0  0
26  0      0 155838624  42712 4545268    0    0     0     0 12504 11646  2  0 97  0  0
26  0      0 155838112  42712 4545268    0    0     0     0 11977 12573  2  0 98  0  0
32  0      0 155837184  42712 4545164    0    0     0     0 12367 12391  2  0 97  0  0
98  0      0 155833920  42720 4545940    0    0     0    44 14189 12334  2  0 97  0  0
 4  0      0 155833920  42720 4545940    0    0     0     0 12198 12886  2  0 98  0  0
 5  0      0 155833920  42720 4545940    0    0     0     0 11558 13859  2  0 98  0  0
 4  0      0 155833920  42720 4545940    0    0     0     0 11701 13615  2  0 98  0  0
67  0      0 155833920  42720 4545940    0    0     0     0 12216 11130  2  0 97  0  0
 7  0      0 155836336  42728 4546424    0    0     0    40 13593 12821  2  0 97  0  0
22  0      0 155836800  42728 4546572    0    0     0     0 12834 12039  2  0 97  0  0
21  0      0 155835952  42728 4546860    0    0     0     0 12412 12178  2  0 98  0  0
37  0      0 155836064  42728 4546860    0    0     0     0 11890 13163  2  0 98  0  0
30  0      0 155835264  42728 4547064    0    0     0     0 12579 11992  2  0 98  0  0
24  0      0 155832320  42736 4547084    0    0     0    40 13618 11869  2  0 97  0  0
procs -----------memory---------- ---swap-- -----io---- -system-- ------cpu-----
 r  b   swpd   free   buff  cache   si   so    bi    bo   in   cs us sy id wa st
 5  0      0 155832320  42736 4547084    0    0     0     0 12140 12647  2  0 98  0  0
 6  0      0 155831808  42736 4547084    0    0     0     0 11546 13842  2  0 98  0  0
18  0      0 155831808  42736 4547084    0    0     0     0 11708 13157  2  0 98  0  0
58  0      0 155833072  42736 4547428    0    0     0     0 12116 11233  2  0 97  0  0
19  0      0 155832912  42736 4547532    0    0     0     0 12262 12073  2  0 98  0  0
27  0      0 155832864  42744 4547776    0    0     0    56 12735 11772  2  0 97  0  0
20  0      0 155832448  42744 4547776    0    0     0     0 12705 12044  2  0 98  0  0
109  0      0 155831904  42744 4547776    0    0     0     0 12013 12804  2  0 98  0  0
17  0      0 155830800  42744 4547776    0    0     0     0 12259 11553  2  0 97  0  0
94  0      0 155827584  42744 4547776    0    0     0     0 12700 11756  2  0 97  0  0
19  0      0 155828368  42744 4548596    0    0     0     0 12389 12125  2  0 98  0  0
 5  0      0 155828400  42752 4548600    0    0     0    32 11935 12529  2  0 98  0  0
18  0      0 155829136  42752 4548616    0    0     0     0 12009 13438  2  0 98  0  0
17  0      0 155828176  42752 4548772    0    0     0     0 13336 11275  2  0 97  0  0
18  0      0 155828672  42752 4548772    0    0     0     0 13296 11984  2  0 97  0  0
23  0      0 155828816  42752 4548548    0    0     0     4 13720 12004  2  0 97  0  0
26  0      0 155827808  42752 4548548    0    0     0     0 13124 12205  2  0 97  0  0
25  0      0 155825968  42752 4549116    0    0     0     0 12653 13690  2  0 98  0  0
49  0      0 155825696  42752 4549344    0    0     0     0 12534 11603  2  0 98  0  0
36  0      0 155823104  42760 4549336    0    0     0    40 12681 12160  2  0 97  0  0
18  0      0 155823632  42760 4549336    0    0     0    48 12318 13196  2  0 98  0  0
procs -----------memory---------- ---swap-- -----io---- -system-- ------cpu-----
 r  b   swpd   free   buff  cache   si   so    bi    bo   in   cs us sy id wa st
13  0      0 155823632  42760 4549336    0    0     0     0 11644 14312  2  0 98  0  0
12  0      0 155823632  42760 4549336    0    0     0     0 11995 13686  2  0 98  0  0
11  0      0 155824320  42760 4549588    0    0     0     0 18415 17582  3  1 96  0  0
29  0      0 155824320  42760 4549588    0    0     0     0 15175 14863  2  0 97  0  0
21  0      0 155824160  42760 4549928    0    0     0     0 12544 11679  2  0 97  0  0
18  0      0 155824144  42760 4550040    0    0     0     0 12535 11662  2  0 97  0  0
127  0      0 155824128  42760 4550040    0    0     0     0 12012 12705  2  0 98  0  0
51  0      0 155823168  42760 4550316    0    0     0     0 11952 11657  2  0 97  0  0
 4  0      0 155821136  42768 4550380    0    0     0    20 12841 11972  2  0 97  0  0
 6  0      0 155821136  42768 4550380    0    0     0     0 12120 12675  2  0 98  0  0
 3  0      0 155820288  42768 4550384    0    0     0     0 13132 15116  2  0 98  0  0
 8  0      0 155821552  42768 4550648    0    0     0     0 11914 13672  2  0 98  0  0
13  0      0 155821552  42768 4550648    0    0     0     0 12743 11223  2  0 97  0  0
14  0      0 155821408  42768 4550996    0    0     0     0 12590 12218  2  0 98  0  0
24  0      0 155821440  42768 4550996    0    0     0     0 12350 11724  2  0 97  0  0
14  0      0 155821024  42768 4551120    0    0     0     0 12584 12294  2  0 97  0  0
10  0      0 155820496  42776 4551112    0    0     0    40 12011 12816  2  0 98  0  0
36  0      0 155820624  42776 4551112    0    0     0     0 13523 12569  2  0 97  0  0
23  0      0 155816416  42776 4551112    0    0     0     0 12714 12051  2  0 97  0  0
 3  0      0 155816416  42776 4551112    0    0     0     0 12095 13182  2  0 98  0  0
10  0      0 155816416  42776 4551112    0    0     0     0 11627 14602  2  0 98  0  0
procs -----------memory---------- ---swap-- -----io---- -system-- ------cpu-----
 r  b   swpd   free   buff  cache   si   so    bi    bo   in   cs us sy id wa st
 8  0      0 155816128  42776 4551112    0    0     0     0 12802 13696  2  0 98  0  0
196  0      0 155816080  42784 4551664    0    0     0    40 13252 11905  2  0 97  0  0
36  0      0 155816080  42784 4551664    0    0     0     0 12677 11417  2  0 97  0  0
22  0      0 155815584  42784 4551948    0    0     0    16 12112 11510  2  0 97  0  0
16  0      0 155815072  42784 4551948    0    0     0     0 12158 11352  2  0 97  0  0
29  0      0 155814000  42784 4551952    0    0     0     0 11875 12655  2  0 98  0  0
27  0      0 155813312  42784 4552016    0    0     0     0 12255 12164  2  0 97  0  0
11  0      0 155810352  42792 4552008    0    0     0    48 13640 12312  2  0 97  0  0
 8  0      0 155810352  42792 4552008    0    0     0     0 12394 13075  2  0 98  0  0
 2  0      0 155810352  42792 4552008    0    0     0     0 11888 14104  2  0 98  0  0
 8  0      0 155811392  42792 4553124    0    0     0     0 11828 13479  2  0 98  0  0
103  0      0 155811168  42792 4553188    0    0     0     0 12563 12732  2  0 97  0  0
25  0      0 155810624  42800 4553180    0    0     0    40 13650 12111  2  0 97  0  0
16  0      0 155810624  42800 4553180    0    0     0    12 13136 12337  2  0 97  0  0
 9  0      0 155810112  42800 4553180    0    0     0     0 12346 12196  2  0 97  0  0
22  0      0 155810112  42800 4553180    0    0     0     0 12347 12824  2  0 98  0  0
24  0      0 155810880  42800 4554040    0    0     0     0 12419 11729  2  0 97  0  0
50  0      0 155808160  42808 4554032    0    0     0    44 13416 11381  2  0 97  0  0
 9  0      0 155807936  42808 4554360    0    0     0    20 12475 13562  2  0 98  0  0
 5  0      0 155808048  42808 4554360    0    0     0     0 11564 14775  2  0 98  0  0
23  0      0 155808560  42808 4554360    0    0     0     0 12188 13387  2  0 98  0  0
procs -----------memory---------- ---swap-- -----io---- -system-- ------cpu-----
 r  b   swpd   free   buff  cache   si   so    bi    bo   in   cs us sy id wa st
27  0      0 155808048  42808 4554360    0    0     0     0 13098 11829  2  0 97  0  0
23  0      0 155808048  42808 4554360    0    0     0     0 12620 11851  2  0 98  0  0
28  0      0 155808048  42816 4554352    0    0     0    36 12402 12109  2  0 97  0  0
20  0      0 155806928  42816 4554352    0    0     0     0 12618 12569  2  0 98  0  0
75  0      0 155806416  42816 4554352    0    0     0     0 12191 12484  2  0 98  0  0
23  0      0 155805184  42816 4554352    0    0     0     0 12876 12191  2  0 97  0  0
25  0      0 155798432  42816 4555484    0    0     0     0 13158 12322  2  0 97  0  0
10  0      0 155799264  42816 4555484    0    0     0     0 12513 13319  2  0 98  0  0
 9  0      0 155799008  42816 4555524    0    0     0     0 11697 14249  2  0 98  0  0
12  0      0 155793568  42816 4555524    0    0     0     0 12022 13055  2  0 98  0  0
84  0      0 155791984  42816 4555576    0    0     0     0 12668 11195  2  0 97  0  0
61  0      0 155789600  42816 4555688    0    0     0     0 13553 11731  2  0 97  0  0
273  0      0 155782608  42824 4555932    0    0     0    48 13734 11877  2  0 97  0  0
 9  0      0 155777680  42824 4555932    0    0     0     0 12662 12066  2  0 97  0  0
 4  0      0 155775504  42824 4556000    0    0     0     0 12857 11748  2  0 97  0  0
17  0      0 155774112  42824 4556092    0    0     0     0 12659 11977  2  0 97  0  0
16  0      0 155769696  42824 4556228    0    0     0     0 12230 11793  2  0 98  0  0
20  0      0 155769952  42832 4556224    0    0     0    68 12632 11068  2  0 97  0  0
 3  0      0 155802720  42832 4556224    0    0     0     0 11718 12853  2  0 98  0  0
16  0      0 155804240  42832 4556224    0    0     0     0 12199 13339  2  0 98  0  0
27  0      0 155806208  42832 4556416    0    0     0     0 12682 11750  2  0 97  0  0
procs -----------memory---------- ---swap-- -----io---- -system-- ------cpu-----
 r  b   swpd   free   buff  cache   si   so    bi    bo   in   cs us sy id wa st
44  0      0 155810560  42832 4556580    0    0     0     0 12016 11599  2  0 97  0  0
50  0      0 155811520  42832 4556740    0    0     0     0 12853 11561  2  0 97  0  0
45  0      0 155812656  42840 4556988    0    0     0    24 12107 11705  2  0 97  0  0
17  0      0 155811792  42840 4557080    0    0     0     0 11942 12373  2  0 98  0  0
15  0      0 155811648  42840 4557440    0    0     0     0 12432 11885  2  0 97  0  0
12  0      0 155808864  42840 4557440    0    0     0     0 12654 12026  2  0 97  0  0
 5  0      0 155808864  42840 4557440    0    0     0     4 11902 13205  2  0 98  0  0
 1  0      0 155807920  42840 4557440    0    0     0     0 12981 14861  2  0 98  0  0
30  0      0 155807920  42840 4557440    0    0     0     0 12284 13034  2  0 98  0  0
24  0      0 155808272  42840 4557628    0    0     0     0 12136 11028  2  0 97  0  0
33  0      0 155808192  42840 4557800    0    0     0     0 12823 12323  2  0 98  0  0
31  0      0 155807600  42840 4557988    0    0     0    20 12551 11511  2  0 97  0  0
15  0      0 155807600  42848 4557980    0    0     0    40 12645 12646  2  0 98  0  0
48  0      0 155806544  42848 4557980    0    0     0     0 11521 12393  2  0 98  0  0
12  0      0 155800480  42856 4557972    0    0     0    48 14064 12269  2  0 97  0  0
25  0      0 155802400  42856 4557972    0    0     0     0 13025 11924  2  0 97  0  0
10  0      0 155802400  42856 4557972    0    0     0    12 12011 13548  2  0 98  0  0
 9  0      0 155802416  42856 4557972    0    0     0     0 12778 16852  2  0 98  0  0
56  0      0 155803840  42856 4559068    0    0     0     0 12708 13022  2  0 98  0  0
19  0      0 155802384  42864 4559060    0    0     0    40 12997 11857  2  0 97  0  0
29  0      0 155803312  42864 4559136    0    0     0     0 13739 12045  2  0 97  0  0
procs -----------memory---------- ---swap-- -----io---- -system-- ------cpu-----
 r  b   swpd   free   buff  cache   si   so    bi    bo   in   cs us sy id wa st
19  0      0 155803232  42864 4559200    0    0     0     0 13067 12158  2  0 97  0  0
16  0      0 155802720  42864 4559200    0    0     0     0 12301 11777  2  0 97  0  0
29  0      0 155801696  42864 4559200    0    0     0     0 11650 12131  2  0 98  0  0
15  0      0 155808240  42872 4559204    0    0     0    40 12214 11555  2  0 97  0  0
44  0      0 155803296  42872 4559204    0    0     0     0 14120 12830  2  0 97  0  0
 5  0      0 155805216  42872 4560148    0    0     0     0 12009 13503  2  0 98  0  0
 6  0      0 155805504  42872 4560160    0    0     0     0 11593 13973  2  0 98  0  0
25  0      0 155805536  42872 4560160    0    0     0     0 12878 13278  2  0 98  0  0
45  0      0 155806400  42872 4560212    0    0     0     0 12211 11797  2  0 97  0  0
32  0      0 155806624  42880 4560256    0    0     0    40 13649 11912  2  0 97  0  0
21  0      0 155806208  42880 4560384    0    0     0     0 12757 11879  2  0 97  0  0
29  0      0 155806208  42880 4560384    0    0     0     0 12725 12140  2  0 97  0  0
21  0      0 155805696  42880 4560352    0    0     0     0 12240 12476  2  0 98  0  0
15  0      0 155805280  42880 4560352    0    0     0     0 12682 12187  2  0 98  0  0
14  0      0 155801152  42888 4560344    0    0     0    44 13265 11899  2  0 97  0  0
 1  0      0 155801152  42888 4560344    0    0     0     0 11683 14058  2  0 98  0  0
11  0      0 155801744  42888 4561192    0    0     0     0 11617 15222  2  0 98  0  0
80  0      0 155802560  42888 4561176    0    0     0     0 11949 12602  2  0 98  0  0
 5  0      0 155802560  42888 4561176    0    0     0     0 12583 11334  2  0 98  0  0
39  0      0 155802800  42896 4561368    0    0     0    16 12529 12139  2  0 97  0  0
 5  0      0 155802752  42896 4561408    0    0     0    16 12175 11822  2  0 97  0  0
procs -----------memory---------- ---swap-- -----io---- -system-- ------cpu-----
 r  b   swpd   free   buff  cache   si   so    bi    bo   in   cs us sy id wa st
10  0      0 155802240  42896 4561408    0    0     0     0 12505 12264  2  0 98  0  0
