procs -----------memory---------- ---swap-- -----io---- -system-- ------cpu-----
 r  b   swpd   free   buff  cache   si   so    bi    bo   in   cs us sy id wa st
 1  0      0 324931776      0 8175608    0    0     0     0    1    0  0  0 100  0  0
 0  1      0 324885856   3168 8201396    0    0  3131     0 16110 28036  1  0 98  0  0
 0  1      0 324773248  20632 8274452    0    0 17366     0 15447 25763  1  0 98  0  0
 0  1      0 324773184  20632 8276376    0    0     0     0 22590 30410  1  1 98  1  0
 0  1      0 324771808  20632 8276380    0    0     0     0 17049 29835  1  0 98  1  0
 0  1      0 324776064  20632 8276380    0    0     0     0 11145 19204  1  0 99  1  0
 0  1      0 324776032  20632 8276380    0    0     0     0 10426 18656  1  0 99  1  0
 0  1      0 324774688  20632 8276380    0    0     0     0 11744 18885  1  0 99  1  0
 0  1      0 324773280  20632 8276380    0    0     0     0 12678 20068  1  0 98  1  0
 4  0      0 324674144  21160 8277356    0    0   536     0 23735 100092  2  0 97  0  0
 5  0      0 324659680  21160 8277960    0    0     0     0 25299 179814  4  0 96  0  0
 3  0      0 324640320  21160 8277960    0    0     0     0 22987 179953  3  0 96  0  0
 5  0      0 324613248  21160 8282088    0    0     0     0 47642 178916  4  0 96  0  0
 3  0      0 324593568  21160 8289608    0    0     0     0 25383 177200  3  0 96  0  0
 6  0      0 324580096  21160 8290280    0    0     0     0 22019 176431  4  0 96  0  0
 5  0      0 324576320  21160 8290280    0    0     0     0 21500 179717  4  0 96  0  0
 0  0      0 324560608  21160 8290280    0    0     0     0 26196 106995  3  0 97  0  0
 0  0      0 324561536  21160 8290352    0    0     0     0 12243 21339  1  0 99  0  0
 0  0      0 324561696  21160 8290352    0    0     0     0 11957 17423  1  0 99  0  0
 0  0      0 324561696  21160 8290352    0    0     0     0 10579 17816  1  0 99  0  0
 0  0      0 324561184  21160 8290352    0    0     0     0 10627 17795  1  0 99  0  0
procs -----------memory---------- ---swap-- -----io---- -system-- ------cpu-----
 r  b   swpd   free   buff  cache   si   so    bi    bo   in   cs us sy id wa st
 5  1      0 324520320  21160 8290352    0    0     0     0 15917 26384  1  0 98  0  0
 7  1      0 324365824  21160 8290520    0    0     0     0 31702 55186  2  1 97  1  0
140  1      0 324202304  21160 8290596    0    0     0     0 37317 55972  2  1 96  1  0
42  1      0 324074272  21160 8296716    0    0     0     0 36938 69292  2  1 97  0  0
 6  0      0 323928352  21160 8314760    0    0     0     0 32699 54558  3  1 96  0  0
 2  0      0 323814208  21196 8273280    0    0    39     0 44153 69687  3  1 96  0  0
 4  0      0 323768064  21196 8254408    0    0     0     0 65902 96956  3  1 96  0  0
 1  0      0 323664896  21196 8258840    0    0     0     0 66801 93827  3  1 96  0  0
 1  0      0 323594112  21196 8258484    0    0     0     0 37173 62138  2  1 98  0  0
 2  0      0 323532512  21196 8258640    0    0     0     0 33540 58177  2  1 98  0  0
 0  0      0 323471872  21196 8262488    0    0     0     0 32904 56880  2  1 98  0  0
 0  0      0 323496320  21196 8263016    0    0     0     0 23040 40659  1  0 99  0  0
 0  0      0 323498560  21196 8263116    0    0     0     0 22903 38709  1  0 99  0  0
 4  0      0 323489440  21196 8263232    0    0     0     0 21904 35962  1  0 99  0  0
 4  0      0 323454848  21196 8263316    0    0     0     0 28228 32738  2  0 97  0  0
 1  0      0 323556704  21196 8263396    0    0     0     0 22133 33356  1  0 99  0  0
 0  0      0 323567072  21196 8263480    0    0     0     0 21122 32904  1  0 99  0  0
 0  0      0 323576224  21196 8263608    0    0     0     0 20998 33734  1  0 99  0  0
 1  0      0 323586432  21196 8263716    0    0     0     0 21894 33974  1  0 99  0  0
 1  0      0 323595712  21196 8263800    0    0     0     0 20736 33136  1  0 99  0  0
 3  0      0 323600448  21196 8263944    0    0     0     0 22199 34772  1  0 99  0  0
procs -----------memory---------- ---swap-- -----io---- -system-- ------cpu-----
 r  b   swpd   free   buff  cache   si   so    bi    bo   in   cs us sy id wa st
 0  0      0 323605952  21196 8264024    0    0     0     0 21609 35454  1  0 99  0  0
 0  0      0 323607680  21196 8264136    0    0     0     0 21927 36906  1  0 99  0  0
 1  0      0 323608608  21196 8264276    0    0     0     0 22794 37492  1  0 99  0  0
 0  0      0 323610592  21196 8264364    0    0     0     0 21436 36812  1  0 99  0  0
 1  0      0 323612672  21196 8264476    0    0     0     0 21041 34997  1  0 99  0  0
 1  0      0 323614080  21196 8264552    0    0     0     0 21344 35631  1  0 99  0  0
 0  0      0 323616064  21196 8264648    0    0     0     0 21744 36249  1  0 99  0  0
 0  0      0 323618368  21196 8264748    0    0     0     0 21512 35770  1  0 99  0  0
 0  0      0 323621504  21196 8264896    0    0     0     0 20011 34092  1  0 99  0  0
 0  0      0 323624352  21196 8264972    0    0     0     0 21049 35352  1  0 99  0  0
 1  0      0 323630080  21196 8265108    0    0     0     0 21257 35769  1  0 99  0  0
 2  0      0 323639328  21196 8265224    0    0     0     0 21905 36030  1  0 99  0  0
 1  0      0 323643296  21196 8265384    0    0     0     0 21080 35239  1  0 99  0  0
 0  0      0 323646624  21196 8265480    0    0     0     0 20621 33754  1  0 99  0  0
 1  0      0 323648896  21196 8265580    0    0     0     0 21656 36320  1  0 99  0  0
 0  0      0 323651680  21196 8265644    0    0     0     0 21264 35196  1  0 99  0  0
 1  0      0 323655456  21196 8265748    0    0     0     0 22429 37166  1  0 99  0  0
 0  0      0 323658176  21196 8265892    0    0     0     0 24162 41129  1  0 99  0  0
 1  0      0 323662784  21196 8266016    0    0     0     0 20465 34783  1  0 99  0  0
 2  0      0 323662016  21196 8266172    0    0     0     0 21172 35252  1  0 99  0  0
 1  0      0 323663392  21196 8266248    0    0     0     0 21403 33892  1  0 99  0  0
procs -----------memory---------- ---swap-- -----io---- -system-- ------cpu-----
 r  b   swpd   free   buff  cache   si   so    bi    bo   in   cs us sy id wa st
 0  0      0 323662528  21196 8266384    0    0     0     0 23031 36134  1  0 99  0  0
 3  0      0 323658048  21196 8266484    0    0     0     0 22208 37484  1  0 99  0  0
 2  0      0 323655584  21196 8266600    0    0     0     0 20968 35638  1  0 99  0  0
 0  0      0 323654208  21196 8266700    0    0     0     0 21801 36443  1  0 99  0  0
 1  0      0 323650688  21196 8266812    0    0     0     0 22056 38499  1  0 99  0  0
 0  0      0 323650048  21196 8266896    0    0     0     0 22631 38919  1  0 99  0  0
 4  0      0 323649920  21196 8266996    0    0     0     0 21937 38883  1  0 99  0  0
 1  0      0 323649568  21196 8267100    0    0     0     0 21213 37896  1  0 99  0  0
 0  0      0 323647712  21196 8267200    0    0     0     0 85756 38029  2  0 97  0  0
 0  0      0 323644928  21196 8267308    0    0     0     0 20969 34081  1  0 99  0  0
 0  0      0 323645888  21196 8267392    0    0     0     0 22164 35688  1  0 99  0  0
 0  0      0 323646144  21196 8267488    0    0     0     0 21335 34565  1  0 99  0  0
 0  0      0 323648160  21196 8267620    0    0     0     0 19288 30973  1  0 99  0  0
 1  0      0 323649280  21196 8267684    0    0     0     0 20291 32631  1  0 99  0  0
 1  0      0 323652000  21196 8267760    0    0     0     0 20974 34671  1  0 99  0  0
 1  0      0 323654720  21196 8267864    0    0     0     0 21869 34521  1  0 99  0  0
 3  0      0 323656064  21196 8267972    0    0     0     0 21179 34862  1  0 99  0  0
 0  0      0 323658080  21196 8268096    0    0     0     0 20054 33911  1  0 99  0  0
 0  0      0 323657760  21196 8268164    0    0     0     0 21048 35223  1  0 99  0  0
 1  0      0 323659136  21196 8268292    0    0     0     0 21281 35030  1  0 99  0  0
 0  0      0 323660288  21196 8268392    0    0     0     0 22083 35442  1  0 99  0  0
procs -----------memory---------- ---swap-- -----io---- -system-- ------cpu-----
 r  b   swpd   free   buff  cache   si   so    bi    bo   in   cs us sy id wa st
 0  0      0 323658688  21196 8268476    0    0     0     0 21705 34976  1  0 99  0  0
 1  0      0 323659360  21196 8268576    0    0     0     0 19665 31059  1  0 99  0  0
 0  0      0 323660800  21196 8268652    0    0     0     0 20821 33294  1  0 99  0  0
 1  0      0 323661248  21196 8268796    0    0     0     0 22341 35931  1  0 99  0  0
 0  0      0 323661024  21196 8268896    0    0     0     0 21745 34303  1  0 99  0  0
188  1      0 323660448  21196 8268988    0    0     0     0 19976 30923  1  0 98  0  0
 0  1      0 323656352  21196 8269008    0    0     0     0 20271 31467  1  0 98  1  0
 1  1      0 323653792  21196 8269016    0    0     0     0 22001 34110  1  0 98  1  0
 2  1      0 323650560  21196 8269040    0    0     0     0 22264 34370  1  0 98  1  0
 0  1      0 323641504  21196 8269048    0    0     0     0 72445 36499  2  0 97  1  0
 0  1      0 323640224  21196 8269060    0    0     0     0 21278 35051  1  0 98  1  0
 0  0      0 323641952  21196 8269424    0    0     0     0 21119 35675  1  0 98  0  0
 0  0      0 323643520  21196 8269660    0    0     0     0 20097 31616  1  0 99  0  0
 3  0      0 323645248  21196 8269744    0    0     0     0 21290 34993  1  0 99  0  0
 0  0      0 323646464  21196 8269840    0    0     0     0 21804 34650  1  0 99  0  0
 1  0      0 323648352  21196 8269956    0    0     0     0 20573 33217  1  0 99  0  0
 0  0      0 323650176  21196 8270024    0    0     0     0 19673 32199  1  0 99  0  0
 2  0      0 323651040  21196 8270112    0    0     0     0 20118 32957  1  0 99  0  0
 0  0      0 323654080  21196 8270252    0    0     0     0 20371 33566  1  0 99  0  0
 1  0      0 323657376  21196 8270336    0    0     0     0 21453 35377  1  0 99  0  0
 0  0      0 323657312  21196 8270440    0    0     0     0 21168 34803  1  0 99  0  0
procs -----------memory---------- ---swap-- -----io---- -system-- ------cpu-----
 r  b   swpd   free   buff  cache   si   so    bi    bo   in   cs us sy id wa st
 1  0      0 323661152  21196 8270568    0    0     0     0 19853 33058  1  0 99  0  0
 0  0      0 323663072  21196 8270644    0    0     0     0 20357 35014  1  0 99  0  0
 0  0      0 323665856  21196 8270724    0    0     0     0 21739 36936  1  0 99  0  0
 2  0      0 323668832  21196 8270824    0    0     0     0 22410 36906  1  0 99  0  0
 0  0      0 323670016  21196 8270932    0    0     0     0 22071 35790  1  0 99  0  0
 0  0      0 323671808  21196 8271036    0    0     0     0 20272 33640  1  0 99  0  0
 0  0      0 323672256  21196 8271132    0    0     0     0 20733 33939  1  0 99  0  0
 1  0      0 323672640  21196 8271232    0    0     0     0 22758 36556  1  0 99  0  0
 0  0      0 323672672  21196 8271324    0    0     0     0 22894 37015  1  0 99  0  0
 0  0      0 323668960  21196 8271440    0    0     0     0 21798 36043  1  0 99  0  0
 0  0      0 323668064  21196 8271564    0    0     0     0 20245 33768  1  0 99  0  0
 0  0      0 323665824  21196 8271620    0    0     0     0 21766 36402  1  0 99  0  0
 1  0      0 323663744  21196 8271712    0    0     0     0 22896 38630  1  0 99  0  0
 2  0      0 323661632  21196 8271876    0    0     0     0 22417 35337  1  0 99  0  0
 0  0      0 323662368  21196 8271968    0    0     0     0 21878 35808  1  0 99  0  0
 0  0      0 323661120  21196 8272004    0    0     0     0 20251 32506  1  0 99  0  0
 2  0      0 323658432  21196 8272092    0    0     0     0 20876 33859  1  0 99  0  0
 1  0      0 323656192  21196 8272256    0    0     0     0 21252 34377  1  0 99  0  0
 0  0      0 323649536  21196 8272364    0    0     0     0 53775 47204  2  1 98  0  0
 0  0      0 323648672  21196 8272492    0    0     0     0 24284 39684  1  0 99  0  0
 0  0      0 323649728  21196 8272568    0    0     0     0 19597 32379  1  0 99  0  0
procs -----------memory---------- ---swap-- -----io---- -system-- ------cpu-----
 r  b   swpd   free   buff  cache   si   so    bi    bo   in   cs us sy id wa st
 2  0      0 323650688  21196 8272652    0    0     0     0 20461 31168  1  0 99  0  0
 0  0      0 323647552  21196 8272776    0    0     0     0 21883 34437  1  0 99  0  0
 0  0      0 323649184  21196 8272876    0    0     0     0 22219 36356  1  0 99  0  0
 0  0      0 323649792  21196 8272976    0    0     0     0 22682 38640  1  0 99  0  0
 1  0      0 323648352  21196 8273092    0    0     0     0 21238 34266  1  0 99  0  0
 0  0      0 323645664  21196 8273192    0    0     0     0 21620 33862  1  0 98  0  0
 1  0      0 323641728  21196 8273280    0    0     0     0 21803 36179  1  0 99  0  0
 3  0      0 323638368  21196 8273384    0    0     0     0 22985 36074  1  0 99  0  0
 0  0      0 323632064  21196 8273480    0    0     0     0 21779 34938  1  0 99  0  0
 1  0      0 323630528  21196 8273556    0    0     0     0 20617 32786  1  0 99  0  0
 0  0      0 323629120  21196 8273640    0    0     0     0 20352 33682  1  0 99  0  0
 0  0      0 323578848  21196 8273732    0    0     0     0 139839 40063  2  0 97  0  0
 0  0      0 323575552  21196 8273836    0    0     0     0 24180 40659  1  0 99  0  0
 0  0      0 323578368  21196 8273932    0    0     0     0 23030 40385  1  0 99  0  0
 0  0      0 323579232  21196 8274016    0    0     0     0 21275 36569  1  0 99  0  0
 1  0      0 323579776  21196 8274112    0    0     0     0 21507 35777  1  0 99  0  0
 1  0      0 323580352  21196 8274200    0    0     0     0 21889 34686  1  0 99  0  0
 2  0      0 323579616  21196 8274216    0    0     0     0 22447 35112  1  0 99  0  0
 1  0      0 323578304  21196 8274312    0    0     0     0 21955 35759  1  0 99  0  0
 4  0      0 323579616  21196 8274416    0    0     0     0 20401 34149  1  0 99  0  0
 1  0      0 323580768  21196 8274596    0    0     0     0 21241 34663  1  0 99  0  0
procs -----------memory---------- ---swap-- -----io---- -system-- ------cpu-----
 r  b   swpd   free   buff  cache   si   so    bi    bo   in   cs us sy id wa st
 2  0      0 323580768  21196 8274620    0    0     0     0 22035 36127  1  0 99  0  0
 0  0      0 323581856  21196 8274788    0    0     0     0 22951 37734  1  0 99  0  0
 0  0      0 323581280  21196 8274800    0    0     0     0 21852 36600  1  0 99  0  0
 0  0      0 323579936  21196 8274960    0    0     0     0 20467 32969  1  0 99  0  0
 2  0      0 323580928  21196 8275060    0    0     0     0 21484 35115  1  0 99  0  0
255  0      0 323578496  21196 8275060    0    0     0     0 22329 35706  1  0 99  0  0
16  0      0 323578752  21196 8275232    0    0     0     0 22135 34340  1  0 99  0  0
 0  0      0 323575936  21196 8275416    0    0     0     0 21942 35825  1  0 99  0  0
 0  0      0 323575808  21196 8275492    0    0     0     0 20170 34310  1  0 99  0  0
 1  0      0 323576128  21196 8275572    0    0     0     0 20785 35489  1  0 99  0  0
 0  0      0 323575520  21196 8275676    0    0     0     0 21453 35893  1  0 99  0  0
 0  0      0 323576672  21196 8275772    0    0     0     0 22337 35444  1  0 99  0  0
 2  0      0 323577248  21196 8275864    0    0     0     0 21276 35455  1  0 99  0  0
 0  0      0 323578336  21196 8275952    0    0     0     0 20219 33204  1  0 99  0  0
 1  0      0 323578048  21196 8276048    0    0     0     0 20814 33179  1  0 99  0  0
 0  0      0 323577920  21196 8276140    0    0     0     0 21299 34332  1  0 99  0  0
 1  0      0 323571392  21196 8276244    0    0     0     0 24007 36954  1  0 99  0  0
 0  0      0 323567456  21196 8276340    0    0     0     0 21846 35937  1  0 99  0  0
 0  0      0 323568064  21196 8276416    0    0     0     0 20091 33693  1  0 99  0  0
 0  0      0 323567552  21196 8276500    0    0     0     0 21024 34257  1  0 99  0  0
 0  0      0 323566496  21196 8276624    0    0     0     0 22466 34992  1  0 99  0  0
procs -----------memory---------- ---swap-- -----io---- -system-- ------cpu-----
 r  b   swpd   free   buff  cache   si   so    bi    bo   in   cs us sy id wa st
 0  0      0 323567072  21196 8276728    0    0     0     0 21873 34930  1  0 99  0  0
 0  1      0 323567904  21196 8276772    0    0     0     0 21434 33610  1  0 98  0  0
 1  1      0 323566400  21196 8276780    0    0     0     0 20949 31764  1  0 98  1  0
 1  1      0 323564480  21196 8276788    0    0     0     0 21354 33705  1  0 98  1  0
 3  1      0 323563584  21196 8276800    0    0     0     0 22260 35339  1  0 98  1  0
 2  1      0 323564064  21196 8276812    0    0     0     0 23093 37814  1  0 98  1  0
 0  1      0 323561984  21196 8276820    0    0     0     0 22084 35419  1  0 98  1  0
 1  0      0 323561984  21196 8277372    0    0     0     0 21814 34913  1  0 99  0  0
 0  0      0 323562272  21196 8277460    0    0     0     0 21241 33226  1  0 99  0  0
 1  0      0 323561792  21196 8277552    0    0     0     0 21677 35440  1  0 99  0  0
 0  0      0 323561600  21196 8277652    0    0     0     0 22428 36030  1  0 99  0  0
 1  0      0 323563168  21196 8277752    0    0     0     0 22341 37458  1  0 99  0  0
 1  0      0 323563424  21196 8277828    0    0     0     0 20923 35558  1  0 99  0  0
 0  0      0 323566080  21196 8277956    0    0     0     0 21328 36355  1  0 99  0  0
 1  0      0 323568000  21196 8278052    0    0     0     0 21803 37220  1  0 99  0  0
 0  0      0 323570496  21196 8278156    0    0     0     0 23288 39240  1  0 99  0  0
 0  0      0 323570112  21196 8278252    0    0     0     0 22408 38824  1  0 99  0  0
 2  0      0 323573056  21196 8278328    0    0     0     0 20139 34737  1  0 99  0  0
 0  0      0 323575680  21196 8278412    0    0     0     0 20346 34526  1  0 99  0  0
 1  0      0 323577312  21196 8278508    0    0     0     0 22208 38343  1  0 99  0  0
 3  0      0 323576960  21196 8278532    0    0     0     0 22178 37929  1  0 99  0  0
procs -----------memory---------- ---swap-- -----io---- -system-- ------cpu-----
 r  b   swpd   free   buff  cache   si   so    bi    bo   in   cs us sy id wa st
 0  0      0 323582208  21196 8278692    0    0     0     0 22266 37171  1  0 99  0  0
 1  0      0 323584256  21196 8278780    0    0     0     0 20085 34066  1  0 99  0  0
 1  0      0 323586144  21196 8278876    0    0     0     0 20259 33620  1  0 99  0  0
 0  0      0 323537152  21196 8278964    0    0     0     0 187982 39204  3  1 97  0  0
 0  0      0 323538464  21196 8279072    0    0     0     0 22342 37414  1  0 99  0  0
 0  0      0 323538016  21196 8279164    0    0     0     0 21129 34133  1  0 99  0  0
 0  0      0 323538880  21196 8279260    0    0     0     0 19110 31324  1  0 99  0  0
 0  0      0 323539712  21196 8279360    0    0     0     0 20296 33280  1  0 99  0  0
 0  0      0 323540224  21196 8279456    0    0     0     0 22125 35583  1  0 99  0  0
 3  0      0 323539360  21196 8279552    0    0     0     0 22122 35718  1  0 99  0  0
 0  0      0 323539328  21196 8279648    0    0     0     0 21537 35010  1  0 99  0  0
 0  0      0 323539168  21196 8279736    0    0     0     0 20775 33354  1  0 99  0  0
 0  0      0 323538880  21196 8279828    0    0     0     0 20695 34152  1  0 99  0  0
 0  0      0 323538048  21196 8279920    0    0     0     0 21815 35077  1  0 98  0  0
 1  0      0 323539264  21196 8280024    0    0     0     0 21745 36242  1  0 99  0  0
 0  0      0 323538400  21196 8280120    0    0     0     0 21935 36842  1  0 99  0  0
 0  0      0 323538976  21196 8280200    0    0     0     0 21114 36750  1  0 99  0  0
 0  0      0 323540256  21196 8280280    0    0     0     0 19855 31814  1  0 99  0  0
 0  0      0 323541408  21196 8280376    0    0     0     0 20688 32889  1  0 99  0  0
 2  0      0 323544288  21196 8280476    0    0     0     0 21584 34108  1  0 99  0  0
 0  0      0 323544576  21196 8280568    0    0     0     0 21414 35285  1  0 99  0  0
procs -----------memory---------- ---swap-- -----io---- -system-- ------cpu-----
 r  b   swpd   free   buff  cache   si   so    bi    bo   in   cs us sy id wa st
 0  0      0 323546176  21196 8280652    0    0     0     0 20450 34833  1  0 99  0  0
 0  0      0 323546048  21196 8280756    0    0     0     0 20723 35047  1  0 99  0  0
 0  0      0 323545344  21196 8280844    0    0     0     0 20994 34966  1  0 99  0  0
 0  0      0 323544256  21196 8280940    0    0     0     0 21753 35448  1  0 99  0  0
 0  0      0 323541408  21196 8281040    0    0     0     0 21562 35558  1  0 99  0  0
 0  0      0 323540768  21196 8281124    0    0     0     0 19963 33326  1  0 99  0  0
 1  0      0 323540736  21196 8281208    0    0     0     0 20959 36555  1  0 99  0  0
144  0      0 323539584  21196 8281304    0    0     0     0 20677 35649  1  0 99  0  0
21  0      0 323538880  21196 8281400    0    0     0     0 21533 35960  1  0 99  0  0
 3  1      0 323539328  21196 8281448    0    0     0     0 21250 36628  1  0 98  0  0
 0  1      0 323539328  21196 8281488    0    0     0     0 19969 33195  1  0 98  1  0
 0  1      0 323539424  21196 8281488    0    0     0     0 20961 34363  1  0 98  1  0
 1  1      0 323540064  21196 8281504    0    0     0     0 21422 36259  1  0 98  1  0
 0  1      0 323537952  21196 8281516    0    0     0     0 22682 37816  1  0 98  1  0
 1  1      0 323534752  21196 8281524    0    0     0     0 21917 36826  1  0 98  1  0
 0  0      0 323533984  21196 8282072    0    0     0     0 21092 36233  1  0 99  0  0
 1  0      0 323534208  21196 8282156    0    0     0     0 20196 33742  1  0 99  0  0
 0  0      0 323533728  21196 8282248    0    0     0     0 21460 35757  1  0 99  0  0
 5  0      0 323534816  21196 8282348    0    0     0     0 22826 37408  1  0 99  0  0
 0  0      0 323534016  21196 8282476    0    0     0     0 23117 38431  1  0 99  0  0
 1  0      0 323532800  21196 8282564    0    0     0     0 21016 35923  1  0 99  0  0
procs -----------memory---------- ---swap-- -----io---- -system-- ------cpu-----
 r  b   swpd   free   buff  cache   si   so    bi    bo   in   cs us sy id wa st
 0  0      0 323531808  21196 8282656    0    0     0     0 21467 36500  1  0 99  0  0
 1  0      0 323532960  21196 8282780    0    0     0     0 21720 35305  1  0 99  0  0
 3  0      0 323534400  21196 8282884    0    0     0     0 22110 37985  1  0 99  0  0
 0  0      0 323532544  21196 8282980    0    0     0     0 22056 38253  1  0 99  0  0
 0  0      0 323534624  21196 8283060    0    0     0     0 20452 35212  1  0 99  0  0
 0  0      0 323536960  21196 8283168    0    0     0     0 20457 34687  1  0 99  0  0
 1  0      0 323538208  21196 8283268    0    0     0     0 21247 35939  1  0 99  0  0
 0  0      0 323538048  21196 8283368    0    0     0     0 21397 34349  1  0 99  0  0
 0  0      0 323538272  21196 8283460    0    0     0     0 21222 34106  1  0 99  0  0
 0  0      0 323539424  21196 8283544    0    0     0     0 20051 33568  1  0 99  0  0
 1  0      0 323539488  21196 8283648    0    0     0     0 21074 36162  1  0 99  0  0
 0  0      0 323539200  21196 8283736    0    0     0     0 21198 34924  1  0 99  0  0
 0  0      0 323531904  21196 8283840    0    0     0     0 41629 49770  2  1 98  0  0
 0  0      0 323530752  21196 8283932    0    0     0     0 23926 39675  1  0 99  0  0
 0  0      0 323531168  21196 8284020    0    0     0     0 20525 34053  1  0 99  0  0
 1  0      0 323530816  21196 8284096    0    0     0     0 99301 35840  2  0 97  0  0
 1  0      0 323525120  21196 8284184    0    0     0     0 22772 36222  1  0 99  0  0
 0  0      0 323523904  21196 8284292    0    0     0     0 22905 38648  1  0 99  0  0
 0  0      0 323524544  21196 8284384    0    0     0     0 22159 38235  1  0 99  0  0
 2  0      0 323523392  21196 8284472    0    0     0     0 20394 35497  1  0 99  0  0
 0  0      0 323523296  21196 8284564    0    0     0     0 21482 37401  1  0 99  0  0
procs -----------memory---------- ---swap-- -----io---- -system-- ------cpu-----
 r  b   swpd   free   buff  cache   si   so    bi    bo   in   cs us sy id wa st
 0  0      0 323523776  21196 8284656    0    0     0     0 22261 39130  1  0 99  0  0
 0  0      0 323524096  21196 8284756    0    0     0     0 23470 40089  1  0 99  0  0
 1  0      0 323521824  21196 8284856    0    0     0     0 22536 38626  1  0 99  0  0
 0  0      0 323520928  21196 8284936    0    0     0     0 20378 33237  1  0 99  0  0
 0  0      0 323520384  21196 8285012    0    0     0     0 22145 36094  1  0 99  0  0
 2  0      0 323520768  21196 8285104    0    0     0     0 21839 36067  1  0 99  0  0
 2  0      0 323519968  21196 8285204    0    0     0     0 21718 35716  1  0 99  0  0
 3  0      0 323520192  21196 8285300    0    0     0     0 20852 35574  1  0 99  0  0
 2  0      0 323520064  21196 8285388    0    0     0     0 21125 35969  1  0 99  0  0
 0  0      0 323519936  21196 8285484    0    0     0     0 22717 37813  1  0 99  0  0
 3  0      0 323519872  21196 8285576    0    0     0     0 22263 36905  1  0 99  0  0
 1  0      0 323518624  21196 8285680    0    0     0     0 22667 37603  1  0 99  0  0
 0  0      0 323516384  21196 8285776    0    0     0     0 22024 36713  1  0 99  0  0
 0  0      0 323516000  21196 8285852    0    0     0     0 20751 34548  1  0 99  0  0
 1  0      0 323515776  21196 8285936    0    0     0     0 21739 37338  1  0 99  0  0
 2  0      0 323514688  21196 8286032    0    0     0     0 21986 36877  1  0 99  0  0
 0  0      0 323514464  21196 8286132    0    0     0     0 22832 38142  1  0 99  0  0
 1  0      0 323513504  21196 8286224    0    0     0     0 22029 36628  1  0 99  0  0
 0  0      0 323512256  21196 8286308    0    0     0     0 20922 35818  1  0 99  0  0
 1  0      0 323512160  21196 8286404    0    0     0     0 21855 36757  1  0 99  0  0
 2  0      0 323510240  21196 8286496    0    0     0     0 22154 37135  1  0 99  0  0
procs -----------memory---------- ---swap-- -----io---- -system-- ------cpu-----
 r  b   swpd   free   buff  cache   si   so    bi    bo   in   cs us sy id wa st
 0  0      0 323507872  21196 8286604    0    0     0     0 22744 37634  1  0 99  0  0
 0  0      0 323505920  21196 8286692    0    0     0     0 21573 36197  1  0 99  0  0
 1  0      0 323506176  21196 8286836    0    0     0     0 20786 35227  1  0 99  0  0
 0  0      0 323507264  21196 8286924    0    0     0     0 21694 36562  1  0 99  0  0
 4  0      0 323508096  21196 8287016    0    0     0     0 22486 37391  1  0 99  0  0
 1  0      0 323508704  21196 8287116    0    0     0     0 23398 39188  1  0 99  0  0
 0  0      0 323509344  21196 8287220    0    0     0     0 22253 38534  1  0 99  0  0
 0  0      0 323509792  21196 8287328    0    0     0     0 21258 36881  1  0 99  0  0
 0  0      0 323511424  21196 8287424    0    0     0     0 21808 35278  1  0 99  0  0
 0  0      0 323512544  21196 8287516    0    0     0     0 21502 37149  1  0 99  0  0
 0  0      0 323512096  21196 8287624    0    0     0     0 23407 39029  1  0 99  0  0
 0  0      0 323510240  21196 8287712    0    0     0     0 21935 36802  1  0 99  0  0
161  0      0 323511360  21196 8287792    0    0     0     0 20279 35526  1  0 99  0  0
42  0      0 323513440  21196 8287876    0    0     0     0 21360 36343  1  0 99  0  0
 1  0      0 323512768  21196 8287972    0    0     0     0 21910 37971  1  0 99  0  0
 0  0      0 323513216  21196 8288068    0    0     0     0 23081 39644  1  0 99  0  0
 0  0      0 323513120  21196 8288180    0    0     0     0 22802 39249  1  0 99  0  0
 1  0      0 323512640  21196 8288240    0    0     0     0 20489 35606  1  0 99  0  0
 1  0      0 323514112  21196 8288348    0    0     0     0 22293 38487  1  0 99  0  0
 0  0      0 323514432  21196 8288432    0    0     0     0 22415 37957  1  0 99  0  0
 1  0      0 323515328  21196 8288576    0    0     0     0 23049 39831  1  0 99  0  0
procs -----------memory---------- ---swap-- -----io---- -system-- ------cpu-----
 r  b   swpd   free   buff  cache   si   so    bi    bo   in   cs us sy id wa st
 0  0      0 323514656  21196 8288660    0    0     0     0 22476 38201  1  0 99  0  0
 0  0      0 323674176  21196 8288736    0    0     0     0 50425 35775  2  0 97  0  0
 0  0      0 323684416  21196 8288824    0    0     0     0 20987 34115  1  0 99  0  0
 1  0      0 323686496  21196 8288916    0    0     0     0 21544 35838  1  0 99  0  0
 1  0      0 323688800  21196 8289048    0    0     0     0 21795 36797  1  0 99  0  0
 0  0      0 323692544  21196 8289176    0    0     0     0 21841 36475  1  0 99  0  0
 0  0      0 323693824  21196 8289260    0    0     0     0 20422 35085  1  0 99  0  0
 5  0      0 323694112  21196 8289356    0    0     0     0 21561 37140  1  0 99  0  0
 1  0      0 323693184  21196 8289448    0    0     0     0 22676 39635  1  0 99  0  0
 0  0      0 323692992  21196 8289556    0    0     0     0 22671 39664  1  0 99  0  0
 0  0      0 323688064  21196 8289700    0    0     0     0 22177 37567  1  0 99  0  0
 1  0      0 323685344  21196 8289760    0    0     0     0 21138 34932  1  0 99  0  0
 3  0      0 323683808  21196 8289912    0    0     0     0 22229 36899  1  0 99  0  0
 2  0      0 323680832  21196 8290008    0    0     0     0 23074 39377  1  0 99  0  0
 0  0      0 323681696  21196 8290104    0    0     0     0 23498 39876  1  0 99  0  0
 1  1      0 323681984  21196 8290108    0    0     0     0 23344 39057  1  0 98  0  0
 0  1      0 323672800  21196 8290168    0    0     0     0 22096 38029  1  0 98  1  0
 1  1      0 323661056  21196 8290180    0    0     0     0 22864 38221  1  0 98  1  0
 0  1      0 323651840  21196 8290180    0    0     0     0 23416 37699  1  0 98  1  0
 1  1      0 323637280  21196 8290196    0    0     0     0 24142 39588  1  0 98  1  0
 0  1      0 323620800  21196 8290208    0    0     0     0 22989 40052  1  0 98  1  0
procs -----------memory---------- ---swap-- -----io---- -system-- ------cpu-----
 r  b   swpd   free   buff  cache   si   so    bi    bo   in   cs us sy id wa st
 0  0      0 323609952  21196 8290780    0    0     0     0 23506 41245  1  0 98  0  0
 1  0      0 323608128  21196 8290888    0    0     0     0 22610 39535  1  0 99  0  0
 0  0      0 323578912  21196 8291024    0    0     0     0 700325 42181  3  2 95  0  0
 1  0      0 323578784  21196 8291120    0    0     0     0 23293 39536  1  0 99  0  0
 1  0      0 323579392  21196 8291216    0    0     0     0 23031 39561  1  0 99  0  0
 0  0      0 323578016  21196 8291312    0    0     0     0 21637 37313  1  0 99  0  0
 0  0      0 323577632  21196 8291400    0    0     0     0 22271 39207  1  0 99  0  0
 0  0      0 323578432  21196 8291496    0    0     0     0 23151 40157  1  0 99  0  0
 0  0      0 323578144  21196 8291588    0    0     0     0 23825 41205  1  0 99  0  0
 0  0      0 323572736  21196 8291680    0    0     0     0 23711 40977  1  0 99  0  0
 0  0      0 323570688  21196 8291764    0    0     0     0 21628 37872  1  0 99  0  0
 2  0      0 323570688  21196 8291848    0    0     0     0 21869 37868  1  0 99  0  0
 1  0      0 323571648  21196 8291936    0    0     0     0 21721 37911  1  0 99  0  0
 0  0      0 323572512  21196 8292036    0    0     0     0 23108 39890  1  0 99  0  0
 1  0      0 323572832  21196 8292180    0    0     0     0 22625 38876  1  0 99  0  0
 3  0      0 323572704  21196 8292248    0    0     0     0 21459 36742  1  0 99  0  0
 0  0      0 323571744  21196 8292344    0    0     0     0 22095 38016  1  0 99  0  0
 1  0      0 323570752  21196 8292432    0    0     0     0 22917 37321  1  0 99  0  0
 0  0      0 323568896  21196 8292540    0    0     0     0 23016 39238  1  0 99  0  0
 0  0      0 323565632  21196 8292636    0    0     0     0 22532 38316  1  0 99  0  0
 0  0      0 323563456  21196 8292720    0    0     0     0 21367 36445  1  0 99  0  0
procs -----------memory---------- ---swap-- -----io---- -system-- ------cpu-----
 r  b   swpd   free   buff  cache   si   so    bi    bo   in   cs us sy id wa st
 1  0      0 323560672  21196 8292804    0    0     0     0 22622 37001  1  0 99  0  0
 0  0      0 323558624  21196 8292892    0    0     0     0 22056 37145  1  0 99  0  0
 0  0      0 323555904  21196 8293028    0    0     0     0 22531 39622  1  0 99  0  0
 2  0      0 323555040  21196 8293116    0    0     0     0 22701 40220  1  0 99  0  0
 0  0      0 323553472  21196 8293232    0    0     0     0 21369 38421  1  0 99  0  0
 0  0      0 323550304  21196 8293336    0    0     0     0 22754 40199  1  0 99  0  0
 0  0      0 323548832  21196 8293428    0    0     0     0 22985 39082  1  0 99  0  0
 0  0      0 323546752  21196 8293536    0    0     0     0 23827 40843  1  0 99  0  0
 0  0      0 323543904  21196 8293620    0    0     0     0 22697 39250  1  0 99  0  0
 0  0      0 323540480  21196 8293700    0    0     0     0 21102 36788  1  0 99  0  0
 1  0      0 323537728  21196 8293784    0    0     0     0 22951 39129  1  0 99  0  0
 0  0      0 323535264  21196 8293884    0    0     0     0 21654 36398  1  0 99  0  0
 0  0      0 323533152  21196 8293980    0    0     0     0 21565 33623  1  0 99  0  0
 0  0      0 323530624  21196 8294108    0    0     0     0 21410 35734  1  0 99  0  0
 0  0      0 323528480  21196 8294192    0    0     0     0 20627 33706  1  0 99  0  0
 4  0      0 323526752  21196 8294288    0    0     0     0 20862 34305  1  0 99  0  0
 0  0      0 323522496  21196 8294416    0    0     0     0 22328 35736  1  0 99  0  0
 1  0      0 323521088  21196 8294520    0    0     0     0 22572 36756  1  0 99  0  0
 0  0      0 323515936  21196 8294612    0    0     0     0 21257 35749  1  0 99  0  0
 0  0      0 323515168  21196 8294692    0    0     0     0 19391 32476  1  0 99  0  0
 4  0      0 323514368  21196 8294772    0    0     0     0 21169 34616  1  0 99  0  0
procs -----------memory---------- ---swap-- -----io---- -system-- ------cpu-----
 r  b   swpd   free   buff  cache   si   so    bi    bo   in   cs us sy id wa st
81  0      0 323513216  21196 8294868    0    0     0     0 19746 32764  1  0 99  0  0
 5  0      0 323511936  21196 8294972    0    0     0     0 20524 33223  1  0 99  0  0
 0  0      0 323508480  21196 8295068    0    0     0     0 20690 34664  1  0 99  0  0
 1  0      0 323506400  21196 8295152    0    0     0     0 20612 35402  1  0 99  0  0
 0  0      0 323505056  21196 8295248    0    0     0     0 21968 37562  1  0 99  0  0
 0  0      0 323496992  21196 8295328    0    0     0     0 22274 36224  1  0 99  0  0
 0  0      0 323498048  21196 8295464    0    0     0     0 40573 49384  1  0 98  0  0
 4  0      0 323495296  21196 8295564    0    0     0     0 21179 35461  1  0 99  0  0
 0  0      0 323498144  21196 8295640    0    0     0     0 20635 35853  1  0 99  0  0
 1  0      0 323498784  21196 8295788    0    0     0     0 20799 34623  1  0 99  0  0
 0  0      0 323499104  21196 8295880    0    0     0     0 22135 35446  1  0 99  0  0
 1  0      0 323500672  21196 8295980    0    0     0     0 22867 37777  1  0 99  0  0
 0  0      0 323503520  21196 8296072    0    0     0     0 22294 37696  1  0 99  0  0
 3  0      0 323505152  21196 8296160    0    0     0     0 21171 36595  1  0 99  0  0
 0  0      0 323507104  21196 8296256    0    0     0     0 21213 35792  1  0 99  0  0
 0  0      0 323508608  21196 8296348    0    0     0     0 22056 37429  1  0 99  0  0
 0  0      0 323664160  21196 8296452    0    0     0     0 105989 43684  3  0 97  0  0
 0  0      0 323660448  21196 8296544    0    0     0     0 22887 39906  1  0 99  0  0
 0  0      0 323662432  21196 8296624    0    0     0     0 20078 33951  1  0 99  0  0
 0  0      0 323662880  21196 8296708    0    0     0     0 20490 33953  1  0 99  0  0
 0  0      0 323663552  21196 8296836    0    0     0     0 20788 34408  1  0 99  0  0
procs -----------memory---------- ---swap-- -----io---- -system-- ------cpu-----
 r  b   swpd   free   buff  cache   si   so    bi    bo   in   cs us sy id wa st
 3  0      0 323665600  21196 8296936    0    0     0     0 21286 34765  1  0 99  0  0
 0  0      0 323664256  21196 8297028    0    0     0     0 20609 33884  1  0 99  0  0
 0  0      0 323664032  21196 8297116    0    0     0     0 19791 32506  1  0 99  0  0
 1  0      0 323664192  21196 8297208    0    0     0     0 21009 33788  1  0 99  0  0
 0  0      0 323662048  21196 8297300    0    0     0     0 21746 34092  1  0 99  0  0
 1  0      0 323659872  21196 8297408    0    0     0     0 22296 35647  1  0 99  0  0
 2  0      0 323656896  21196 8297500    0    0     0     0 21119 34767  1  0 99  0  0
 1  0      0 323657792  21196 8297580    0    0     0     0 19857 31552  1  0 99  0  0
 0  0      0 323657152  21196 8297664    0    0     0     0 20144 31940  1  0 99  0  0
 2  0      0 323656128  21196 8297756    0    0     0     0 20774 34977  1  0 99  0  0
 0  0      0 323656992  21196 8297888    0    0     0     0 22511 37875  1  0 99  0  0
 0  1      0 323655424  21196 8297996    0    0     0     0 21479 35501  1  0 98  0  0
 0  1      0 323648576  21196 8298004    0    0     0     0 19980 34463  1  0 98  1  0
 0  1      0 323635968  21196 8298012    0    0     0     0 22249 38537  1  0 98  1  0
 0  1      0 323621696  21196 8298020    0    0     0     0 22558 39169  1  0 98  1  0
 1  1      0 323605632  21196 8298032    0    0     0     0 22877 38704  1  0 98  1  0
 0  1      0 323593120  21196 8298040    0    0     0     0 20579 34525  1  0 98  1  0
 0  0      0 323580256  21196 8298044    0    0     0     0 48461 37734  2  0 97  0  0
 1  0      0 323580416  21196 8298644    0    0     0     0 21357 36332  1  0 99  0  0
 1  0      0 323581280  21196 8298740    0    0     0     0 20872 34681  1  0 99  0  0
 1  0      0 323579488  21196 8298840    0    0     0     0 21065 34007  1  0 99  0  0
procs -----------memory---------- ---swap-- -----io---- -system-- ------cpu-----
 r  b   swpd   free   buff  cache   si   so    bi    bo   in   cs us sy id wa st
 1  0      0 323580064  21196 8298932    0    0     0     0 20891 33828  1  0 99  0  0
 0  0      0 323580608  21196 8299020    0    0     0     0 19967 33546  1  0 99  0  0
 1  0      0 323581152  21196 8299112    0    0     0     0 21276 33677  1  0 99  0  0
 3  0      0 323581440  21196 8299208    0    0     0     0 21196 34853  1  0 99  0  0
 1  0      0 323581632  21196 8299312    0    0     0     0 21682 35027  1  0 99  0  0
 3  0      0 323579648  21196 8299404    0    0     0     0 20945 33468  1  0 99  0  0
 2  0      0 323579744  21196 8299484    0    0     0     0 19699 31980  1  0 99  0  0
 1  0      0 323578944  21196 8299568    0    0     0     0 20437 32066  1  0 99  0  0
 0  0      0 323578560  21196 8299660    0    0     0     0 20744 33299  1  0 99  0  0
 0  0      0 323578080  21196 8299796    0    0     0     0 22133 34754  1  0 99  0  0
 1  0      0 323578496  21196 8299888    0    0     0     0 21327 34526  1  0 99  0  0
 0  0      0 323578208  21196 8299972    0    0     0     0 19655 32814  1  0 99  0  0
 0  0      0 323578496  21196 8300072    0    0     0     0 20579 33193  1  0 99  0  0
 1  0      0 323577120  21196 8300160    0    0     0     0 21782 36226  1  0 99  0  0
 0  0      0 323577408  21196 8300268    0    0     0     0 22063 36756  1  0 99  0  0
 0  0      0 323571584  21196 8300360    0    0     0     0 21633 36894  1  0 99  0  0
 1  0      0 323571744  21196 8300440    0    0     0     0 20129 34923  1  0 99  0  0
 0  0      0 323570624  21196 8300524    0    0     0     0 22107 36806  1  0 99  0  0
 0  0      0 323569792  21196 8300616    0    0     0     0 21380 36474  1  0 99  0  0
 0  0      0 323568224  21196 8300716    0    0     0     0 21522 36042  1  0 99  0  0
 0  0      0 323566272  21196 8300812    0    0     0     0 20815 34299  1  0 99  0  0
procs -----------memory---------- ---swap-- -----io---- -system-- ------cpu-----
 r  b   swpd   free   buff  cache   si   so    bi    bo   in   cs us sy id wa st
 1  0      0 323562528  21196 8300892    0    0     0     0 20726 34539  1  0 99  0  0
204  0      0 323560000  21196 8300992    0    0     0     0 20137 34559  1  0 99  0  0
37  0      0 323557856  21196 8301084    0    0     0     0 20244 33560  1  0 99  0  0
 4  0      0 323555808  21196 8301188    0    0     0     0 21899 37245  1  0 99  0  0
 0  0      0 323549632  21196 8301308    0    0     0     0 21633 37307  1  0 99  0  0
 0  0      0 323547904  21196 8301392    0    0     0     0 19861 34165  1  0 99  0  0
 0  0      0 323545792  21196 8301472    0    0     0     0 20910 35540  1  0 99  0  0
 0  0      0 323542144  21196 8301564    0    0     0     0 21092 35360  1  0 99  0  0
 1  0      0 323538176  21196 8301676    0    0     0     0 21460 35788  1  0 99  0  0
 1  0      0 323535296  21196 8301788    0    0     0     0 21529 34579  1  0 99  0  0
 0  0      0 323531456  21196 8301876    0    0     0     0 21053 35324  1  0 99  0  0
 2  0      0 323528736  21196 8302000    0    0     0     0 21485 37127  1  0 99  0  0
 0  0      0 323527680  21196 8302096    0    0     0     0 21900 37327  1  0 99  0  0
 2  0      0 323525344  21196 8302204    0    0     0     0 21997 37220  1  0 99  0  0
 1  0      0 323519808  21196 8302296    0    0     0     0 21117 36292  1  0 99  0  0
 0  0      0 323519456  21196 8302376    0    0     0     0 20115 34179  1  0 99  0  0
 0  0      0 323518464  21196 8302492    0    0     0     0 20846 33066  1  0 99  0  0
 0  0      0 323515424  21196 8302588    0    0     0     0 21237 35129  1  0 99  0  0
 0  0      0 323512256  21196 8302684    0    0     0     0 21433 35749  1  0 99  0  0
 0  0      0 323507872  21196 8302776    0    0     0     0 21400 36932  1  0 99  0  0
 0  0      0 323504864  21196 8302900    0    0     0     0 20389 33448  1  0 99  0  0
procs -----------memory---------- ---swap-- -----io---- -system-- ------cpu-----
 r  b   swpd   free   buff  cache   si   so    bi    bo   in   cs us sy id wa st
 2  0      0 323501824  21196 8302992    0    0     0     0 21381 33961  1  0 99  0  0
 1  0      0 323499680  21196 8303084    0    0     0     0 22195 36589  1  0 99  0  0
 2  0      0 323498560  21196 8303192    0    0     0     0 23529 40310  1  0 99  0  0
 0  0      0 323496096  21196 8303284    0    0     0     0 21937 36949  1  0 99  0  0
 0  0      0 323494720  21196 8303364    0    0     0     0 20127 33541  1  0 99  0  0
 0  0      0 323491680  21196 8303452    0    0     0     0 21696 35169  1  0 99  0  0
 1  0      0 323489024  21196 8303544    0    0     0     0 21996 38506  1  0 99  0  0
 0  0      0 323487808  21196 8303640    0    0     0     0 23547 40611  1  0 99  0  0
 2  0      0 323488480  21196 8303732    0    0     0     0 21811 37430  1  0 99  0  0
 2  0      0 323463616  21196 8303852    0    0     0     0 483533 37329  2  2 96  0  0
 0  0      0 323462784  21196 8303948    0    0     0     0 20873 32722  1  0 99  0  0
 1  0      0 323461792  21196 8304040    0    0     0     0 21790 32480  1  0 99  0  0
 0  0      0 323462432  21196 8304144    0    0     0     0 22428 34210  1  0 99  0  0
 0  0      0 323458176  21196 8304232    0    0     0     0 20858 32438  1  0 99  0  0
 0  0      0 323454016  21196 8304348    0    0     0     0 21437 31273  1  0 99  0  0
 0  0      0 323453344  21196 8304428    0    0     0     0 21243 33437  1  0 99  0  0
 1  0      0 323452096  21196 8304524    0    0     0     0 20997 34064  1  0 99  0  0
 1  0      0 323451776  21196 8304624    0    0     0     0 21549 33884  1  0 99  0  0
 0  0      0 323451776  21196 8304720    0    0     0     0 20854 34003  1  0 99  0  0
 0  0      0 323451840  21196 8304808    0    0     0     0 20643 35579  1  0 99  0  0
 1  0      0 323452448  21196 8304900    0    0     0     0 20982 35288  1  0 99  0  0
procs -----------memory---------- ---swap-- -----io---- -system-- ------cpu-----
 r  b   swpd   free   buff  cache   si   so    bi    bo   in   cs us sy id wa st
 0  0      0 323452000  21196 8304984    0    0     0     0 22056 37042  1  0 99  0  0
 1  0      0 323451072  21196 8305092    0    0     0     0 23256 40930  1  0 99  0  0
 0  0      0 323446496  21196 8305248    0    0     0     0 20953 35118  1  0 99  0  0
 1  0      0 323447072  21196 8305328    0    0     0     0 19990 34458  1  0 99  0  0
 2  0      0 323447200  21196 8305444    0    0     0     0 22365 38086  1  0 99  0  0
 0  0      0 323446368  21196 8305536    0    0     0     0 21455 35252  1  0 99  0  0
 0  0      0 323446848  21196 8305640    0    0     0     0 22289 36738  1  0 99  0  0
 1  0      0 323446048  21196 8305720    0    0     0     0 20699 34300  1  0 99  0  0
 0  0      0 323445984  21196 8305856    0    0     0     0 19912 34062  1  0 99  0  0
 2  0      0 323439584  21196 8305944    0    0     0     0 23184 37640  1  0 99  0  0
 0  0      0 323441728  21196 8306040    0    0     0     0 21856 36072  1  0 99  0  0
 0  0      0 323442112  21196 8306144    0    0     0     0 22322 36674  1  0 99  0  0
 0  1      0 323439680  21196 8306232    0    0     0     0 21391 34827  1  0 98  0  0
 0  1      0 323438368  21196 8306240    0    0     0     0 19763 32234  1  0 98  1  0
 0  1      0 323437824  21196 8306248    0    0     0     0 21031 35465  1  0 98  1  0
 0  1      0 323437248  21196 8306292    0    0     0     0 20664 35446  1  0 98  1  0
 4  1      0 323437344  21196 8306300    0    0     0     0 22506 37680  1  0 98  1  0
 0  1      0 323436352  21196 8306308    0    0     0     0 21442 36127  1  0 98  1  0
 3  1      0 323435136  21196 8306316    0    0     0     0 21231 35778  1  0 98  1  0
 0  1      0 323434176  21196 8306356    0    0     0     0 21291 34613  1  0 98  1  0
 1  1      0 323432128  21196 8306368    0    0     0     0 32466 44287  2  1 97  1  0
procs -----------memory---------- ---swap-- -----io---- -system-- ------cpu-----
 r  b   swpd   free   buff  cache   si   so    bi    bo   in   cs us sy id wa st
 0  0      0 323427136  21196 8307128    0    0     0     0 34771 49965  1  0 98  0  0
 0  0      0 323422400  21196 8307228    0    0     0     0 23175 38262  1  0 99  0  0
 0  0      0 323421184  21196 8307332    0    0     0     0 20728 34389  1  0 99  0  0
 0  0      0 323420128  21196 8307408    0    0     0     0 21304 34240  1  0 99  0  0
 5  0      0 323417952  21196 8307496    0    0     0     0 23071 35090  1  0 99  0  0
78  0      0 323416768  21196 8307600    0    0     0     0 21999 33803  1  0 99  0  0
 1  0      0 323415360  21196 8307696    0    0     0     0 21484 32889  1  0 99  0  0
 0  0      0 323415168  21196 8307776    0    0     0     0 21256 34542  1  0 99  0  0
 0  0      0 323412736  21196 8307876    0    0     0     0 21362 34805  1  0 99  0  0
 1  0      0 323413184  21196 8307968    0    0     0     0 21594 35405  1  0 99  0  0
 0  0      0 323412352  21196 8308068    0    0     0     0 21980 36783  1  0 99  0  0
 0  0      0 323413248  21196 8308168    0    0     0     0 21098 35316  1  0 99  0  0
 0  0      0 323412864  21196 8308240    0    0     0     0 20610 35646  1  0 99  0  0
 2  0      0 323413312  21196 8308324    0    0     0     0 21311 36498  1  0 99  0  0
 0  0      0 323413216  21196 8308424    0    0     0     0 114989 38473  2  1 97  0  0
 0  0      0 323408544  21196 8308524    0    0     0     0 23493 36239  1  0 99  0  0
 0  0      0 323408320  21196 8308608    0    0     0     0 20257 31815  1  0 99  0  0
 1  0      0 323408800  21196 8308712    0    0     0     0 19960 32529  1  0 99  0  0
 0  0      0 323409152  21196 8308796    0    0     0     0 20435 33683  1  0 99  0  0
 0  0      0 323409888  21196 8308888    0    0     0     0 21586 34922  1  0 99  0  0
 0  0      0 323409696  21196 8308988    0    0     0     0 22466 35429  1  0 99  0  0
procs -----------memory---------- ---swap-- -----io---- -system-- ------cpu-----
 r  b   swpd   free   buff  cache   si   so    bi    bo   in   cs us sy id wa st
 1  0      0 323407392  21196 8309084    0    0     0     0 21914 35851  1  0 99  0  0
 3  0      0 323407616  21196 8309164    0    0     0     0 20840 34823  1  0 99  0  0
 1  0      0 323407648  21196 8309248    0    0     0     0 21648 36657  1  0 99  0  0
 1  0      0 323407616  21196 8309340    0    0     0     0 21685 36128  1  0 99  0  0
 0  0      0 323408224  21196 8309440    0    0     0     0 21864 36400  1  0 99  0  0
 1  0      0 323408320  21196 8309536    0    0     0     0 20506 33846  1  0 99  0  0
 0  0      0 323408608  21196 8309620    0    0     0     0 20230 35094  1  0 99  0  0
 2  0      0 323409376  21196 8309716    0    0     0     0 20708 34925  1  0 99  0  0
 0  0      0 323410176  21196 8309816    0    0     0     0 21139 34845  1  0 99  0  0
 0  0      0 323412128  21196 8309916    0    0     0     0 22175 37535  1  0 99  0  0
 0  0      0 323410368  21196 8310036    0    0     0     0 20308 34358  1  0 99  0  0
 0  0      0 323412832  21196 8310116    0    0     0     0 19918 33499  1  0 99  0  0
 0  0      0 323413184  21196 8310200    0    0     0     0 21691 35269  1  0 99  0  0
 1  0      0 323413504  21196 8310328    0    0     0     0 21671 37176  1  0 99  0  0
 0  0      0 323414592  21196 8310468    0    0     0     0 22080 37021  1  0 99  0  0
 0  0      0 323414752  21196 8310552    0    0     0     0 21739 37406  1  0 99  0  0
 0  0      0 323415168  21196 8310708    0    0     0     0 21552 37275  1  0 99  0  0
 0  0      0 323415264  21196 8310812    0    0     0     0 21745 36554  1  0 99  0  0
 1  0      0 323414272  21196 8310892    0    0     0     0 21275 35814  1  0 99  0  0
 0  0      0 323415808  21196 8311004    0    0     0     0 21405 35001  1  0 99  0  0
 0  0      0 323414080  21196 8311088    0    0     0     0 20672 34504  1  0 99  0  0
procs -----------memory---------- ---swap-- -----io---- -system-- ------cpu-----
 r  b   swpd   free   buff  cache   si   so    bi    bo   in   cs us sy id wa st
 0  0      0 323415776  21196 8311176    0    0     0     0 19968 33909  1  0 99  0  0
 1  0      0 323414880  21196 8311260    0    0     0     0 20697 34115  1  0 99  0  0
 0  0      0 323416736  21196 8311352    0    0     0     0 21492 35733  1  0 99  0  0
 0  0      0 323417920  21196 8311480    0    0     0     0 22313 36348  1  0 99  0  0
 1  0      0 323417984  21196 8311568    0    0     0     0 21383 35087  1  0 99  0  0
 1  0      0 323416544  21196 8311652    0    0     0     0 20794 34470  1  0 99  0  0
 0  0      0 323417184  21196 8311816    0    0     0     0 20869 34953  1  0 99  0  0
 0  0      0 323417888  21196 8311908    0    0     0     0 22388 35985  1  0 99  0  0
 2  0      0 323418304  21196 8312008    0    0     0     0 21620 35944  1  0 99  0  0
 0  0      0 323415296  21196 8312104    0    0     0     0 20916 34903  1  0 99  0  0
 0  0      0 323416032  21196 8312192    0    0     0     0 20812 34833  1  0 99  0  0
 0  0      0 323415040  21196 8312264    0    0     0     0 22275 36093  1  0 99  0  0
 0  0      0 323414752  21196 8312360    0    0     0     0 22643 38632  1  0 99  0  0
 0  0      0 323414464  21196 8312464    0    0     0     0 23984 40437  1  0 99  0  0
 0  0      0 323411648  21196 8312556    0    0     0     0 21541 34468  1  0 99  0  0
 1  0      0 323408384  21196 8312640    0    0     0     0 21687 35701  1  0 99  0  0
 0  0      0 323404896  21196 8312732    0    0     0     0 21230 35528  1  0 99  0  0
 0  0      0 323401504  21196 8312824    0    0     0     0 22181 36209  1  0 99  0  0
 0  0      0 323397920  21196 8312932    0    0     0     0 22531 37079  1  0 99  0  0
 1  0      0 323396224  21196 8313060    0    0     0     0 21447 34380  1  0 99  0  0
 0  0      0 323393408  21196 8313140    0    0     0     0 20369 31920  1  0 99  0  0
procs -----------memory---------- ---swap-- -----io---- -system-- ------cpu-----
 r  b   swpd   free   buff  cache   si   so    bi    bo   in   cs us sy id wa st
 1  0      0 323391808  21196 8313220    0    0     0     0 21141 32219  1  0 99  0  0
 0  0      0 323390336  21196 8313316    0    0     0     0 22537 37528  1  0 99  0  0
 0  0      0 323388160  21196 8313412    0    0     0     0 22983 37050  1  0 99  0  0
 0  0      0 323384960  21196 8313544    0    0     0     0 21344 34726  1  0 99  0  0
 0  0      0 323379968  21196 8313628    0    0     0     0 20612 33641  1  0 99  0  0
 0  0      0 323377504  21196 8313720    0    0     0     0 20459 34131  1  0 99  0  0
 1  0      0 323373248  21196 8313812    0    0     0     0 22367 36452  1  0 99  0  0
15  0      0 323386112  21196 8313916    0    0     0     0 84277 40512  2  0 97  0  0
120  0      0 323529760  21196 8314024    0    0     0     0 21849 34891  1  0 99  0  0
 0  0      0 323529472  21196 8314092    0    0     0     0 19912 32872  1  0 99  0  0
 2  0      0 323529728  21196 8314204    0    0     0     0 21004 34493  1  0 99  0  0
 2  0      0 323529664  21196 8314312    0    0     0     0 21689 35103  1  0 99  0  0
 0  0      0 323530816  21196 8314400    0    0     0     0 21156 34093  1  0 99  0  0
 1  1      0 323531136  21196 8314492    0    0     0     0 20054 32496  1  0 98  0  0
 1  1      0 323531328  21196 8314500    0    0     0     0 19898 32268  1  0 98  1  0
 1  1      0 323531552  21196 8314508    0    0     0     0 20125 32860  1  0 98  1  0
 2  1      0 323531840  21196 8314524    0    0     0     0 21464 33871  1  0 98  1  0
 0  1      0 323530656  21196 8314532    0    0     0     0 22073 35300  1  0 98  1  0
 0  1      0 323527008  21196 8314540    0    0     0     0 20380 33868  1  0 98  1  0
 0  0      0 323512096  21196 8314548    0    0     0     0 21429 35417  1  0 98  0  0
 0  0      0 323509056  21196 8315124    0    0     0     0 21057 33906  1  0 99  0  0
procs -----------memory---------- ---swap-- -----io---- -system-- ------cpu-----
 r  b   swpd   free   buff  cache   si   so    bi    bo   in   cs us sy id wa st
 0  0      0 323507968  21196 8315220    0    0     0     0 21954 36326  1  0 99  0  0
 1  0      0 323505344  21196 8315328    0    0     0     0 22920 37904  1  0 99  0  0
 0  0      0 323504352  21196 8315412    0    0     0     0 21213 35222  1  0 99  0  0
 0  0      0 323501984  21196 8315500    0    0     0     0 20481 33669  1  0 99  0  0
 0  0      0 323501248  21196 8315596    0    0     0     0 21199 33707  1  0 99  0  0
 0  0      0 323500544  21196 8315684    0    0     0     0 22392 35893  1  0 99  0  0
 1  0      0 323498368  21196 8315792    0    0     0     0 22866 37294  1  0 99  0  0
 0  0      0 323492064  21196 8315928    0    0     0     0 21286 35434  1  0 99  0  0
 2  0      0 323490656  21196 8315996    0    0     0     0 20518 34087  1  0 99  0  0
 0  0      0 323489152  21196 8316080    0    0     0     0 22093 35726  1  0 99  0  0
 0  0      0 323486784  21196 8316180    0    0     0     0 21797 35047  1  0 99  0  0
 0  0      0 323484480  21196 8316304    0    0     0     0 22469 35345  1  0 99  0  0
 0  0      0 323478688  21196 8316400    0    0     0     0 21310 34803  1  0 99  0  0
 0  0      0 323475264  21196 8316484    0    0     0     0 21172 34518  1  0 99  0  0
 2  0      0 323464000  21196 8316588    0    0     0     0 145459 38648  3  0 97  0  0
 0  0      0 323464384  21196 8316676    0    0     0     0 21688 35277  1  0 99  0  0
 1  0      0 323463104  21196 8316772    0    0     0     0 22541 36468  1  0 99  0  0
 1  0      0 323460544  21196 8316868    0    0     0     0 20789 33005  1  0 99  0  0
 2  0      0 323460000  21196 8316956    0    0     0     0 19520 31834  1  0 99  0  0
 1  0      0 323460160  21196 8317032    0    0     0     0 20623 33991  1  0 99  0  0
 0  0      0 323460000  21196 8317128    0    0     0     0 22151 37127  1  0 99  0  0
procs -----------memory---------- ---swap-- -----io---- -system-- ------cpu-----
 r  b   swpd   free   buff  cache   si   so    bi    bo   in   cs us sy id wa st
 0  0      0 323459168  21196 8317232    0    0     0     0 22318 36948  1  0 99  0  0
 0  0      0 323456992  21196 8317328    0    0     0     0 21370 35869  1  0 99  0  0
 0  0      0 323455936  21196 8317412    0    0     0     0 21495 36276  1  0 99  0  0
 0  0      0 323455168  21196 8317504    0    0     0     0 21538 35978  1  0 99  0  0
 2  0      0 323456000  21196 8317600    0    0     0     0 22549 37423  1  0 99  0  0
 0  0      0 323457376  21196 8317704    0    0     0     0 22396 36427  1  0 99  0  0
 0  0      0 323456320  21196 8317796    0    0     0     0 20698 34365  1  0 99  0  0
 1  0      0 323457888  21196 8317872    0    0     0     0 20501 32658  1  0 99  0  0
 1  0      0 323458688  21196 8317948    0    0     0     0 21922 34111  1  0 99  0  0
 1  0      0 323459040  21196 8318048    0    0     0     0 22535 36385  1  0 99  0  0
 0  0      0 323457984  21196 8318144    0    0     0     0 22122 34932  1  0 99  0  0
 1  0      0 323456800  21196 8318232    0    0     0     0 20821 33313  1  0 99  0  0
 1  0      0 323458400  21196 8318356    0    0     0     0 21878 34500  1  0 99  0  0
 0  0      0 323457952  21196 8318452    0    0     0     0 22767 38222  1  0 99  0  0
 1  0      0 323459968  21196 8318544    0    0     0     0 32272 47328  2  1 98  0  0
 0  0      0 323453952  21196 8318660    0    0     0     0 27476 44635  1  0 99  0  0
 1  0      0 323451616  21196 8318744    0    0     0     0 22303 35850  1  0 99  0  0
 0  0      0 323451168  21196 8318820    0    0     0     0 21545 34182  1  0 99  0  0
 1  0      0 323449728  21196 8318904    0    0     0     0 21424 34883  1  0 99  0  0
 0  0      0 323443936  21196 8319000    0    0     0     0 23662 37051  1  0 99  0  0
 0  0      0 323442208  21196 8319132    0    0     0     0 22706 37003  1  0 99  0  0
procs -----------memory---------- ---swap-- -----io---- -system-- ------cpu-----
 r  b   swpd   free   buff  cache   si   so    bi    bo   in   cs us sy id wa st
 0  0      0 323439968  21196 8319228    0    0     0     0 21799 35995  1  0 99  0  0
