procs -----------memory---------- ---swap-- -----io---- -system-- ------cpu-----
 r  b   swpd   free   buff  cache   si   so    bi    bo   in   cs us sy id wa st
 1  0      0 378217856      0 7974220    0    0     0     0    0    0  0  0 100  0  0
55  0      0 378152128      0 7981708    0    0     0     0 333431 245505  7  3 90  0  0
 3  0      0 378105568      0 7981880    0    0     0     0 389674 253435  8  4 87  0  0
16  0      0 378083040      0 7981880    0    0     0     0 503141 246895  9  4 87  0  0
20  0      0 378027840      0 7981880    0    0     0     0 466888 269489 10  4 86  0  0
16  0      0 378024832      0 7981880    0    0     0     0 432365 336163  9  4 87  0  0
 1  0      0 378032224      0 7981880    0    0     0     0 456409 323830 10  4 87  0  0
 7  0      0 378024704      0 7981880    0    0     0     0 404478 307249  9  3 88  0  0
 1  0      0 378021472      0 7981880    0    0     0     0 409252 309166  9  3 88  0  0
16  0      0 378009440      0 7981880    0    0     0     0 422848 317846  9  4 88  0  0
 2  0      0 378004224      0 7981880    0    0     0     0 401078 324889  9  4 87  0  0
 1  0      0 377999712      0 7981884    0    0     0     0 407141 327692  9  3 87  0  0
 2  0      0 377992000      0 7981900    0    0     0     0 417879 320541  9  4 87  0  0
 2  0      0 377988128      0 7981900    0    0     0     0 406748 321875  9  4 87  0  0
 7  0      0 377976800      0 7981900    0    0     0     0 408185 322817  9  4 87  0  0
 2  0      0 377952960      0 7981900    0    0     0     0 400065 324369  9  4 87  0  0
20  0      0 377983168      0 7981900    0    0     0     0 409596 324557  9  4 87  0  0
51  0      0 377982144      0 7981900    0    0     0     0 412811 318701  9  4 87  0  0
52  0      0 377982912      0 7981900    0    0     0     0 440325 321946  9  4 87  0  0
64  0      0 377979072      0 7981900    0    0     0     0 415518 314656  9  3 87  0  0
22  0      0 377976032      0 7981900    0    0     0     0 407062 321982  9  4 87  0  0
procs -----------memory---------- ---swap-- -----io---- -system-- ------cpu-----
 r  b   swpd   free   buff  cache   si   so    bi    bo   in   cs us sy id wa st
 2  0      0 377980576      0 7981900    0    0     0     0 410582 316962  9  4 87  0  0
 1  0      0 377974144      0 7981900    0    0     0     0 415385 329879 10  3 87  0  0
43  0      0 377976608      0 7981900    0    0     0     0 419397 325614  9  4 87  0  0
66  0      0 377970656      0 7981900    0    0     0     0 409313 328850  9  4 87  0  0
26  0      0 377966176      0 7981900    0    0     0     0 397107 322029  9  4 87  0  0
59  0      0 377970592      0 7981900    0    0     0     0 420623 328963  9  4 87  0  0
55  0      0 377966272      0 7981900    0    0     0     0 413468 325498  9  4 87  0  0
 3  0      0 377967328      0 7981900    0    0     0     0 431388 325038  9  4 87  0  0
55  0      0 377968736      0 7981900    0    0     0     0 431034 330627  9  4 87  0  0
40  0      0 377961728      0 7981900    0    0     0     0 395194 325889  9  3 87  0  0
 1  0      0 377969664      0 7981900    0    0     0     0 390532 329798  9  4 87  0  0
 9  0      0 377967840      0 7981900    0    0     0     0 425434 331476  9  3 87  0  0
11  0      0 377965760      0 7981900    0    0     0     0 446599 335127 10  3 87  0  0
60  0      0 377959872      0 7981900    0    0     0     0 424879 327076 10  3 87  0  0
35  0      0 377928832      0 7981900    0    0     0     0 413295 333054  9  3 87  0  0
 6  0      0 377963936      0 7981900    0    0     0     0 419114 328179 10  3 87  0  0
55  0      0 377959872      0 7981900    0    0     0     0 418828 318797  9  4 87  0  0
 1  0      0 377963616      0 7981900    0    0     0     0 415495 319342  9  3 87  0  0
 2  0      0 377959040      0 7981900    0    0     0     0 393550 332599 10  3 87  0  0
33  0      0 377962688      0 7981900    0    0     0     0 441644 327760 10  3 87  0  0
 1  0      0 377960736      0 7981900    0    0     0     0 440877 332719 10  4 87  0  0
procs -----------memory---------- ---swap-- -----io---- -system-- ------cpu-----
 r  b   swpd   free   buff  cache   si   so    bi    bo   in   cs us sy id wa st
 6  0      0 377961568      0 7981900    0    0     0     0 434479 333011  9  4 87  0  0
23  0      0 377954496      0 7981904    0    0     0     0 428485 325336 10  4 87  0  0
44  0      0 377945280      0 7981904    0    0     0     0 437801 317937  9  3 87  0  0
61  0      0 377918496      0 7981904    0    0     0     0 402356 331036  9  3 87  0  0
18  0      0 377951840      0 7981904    0    0     0     0 418322 323382 10  3 87  0  0
48  0      0 377958272      0 7981904    0    0     0     0 467512 322626 10  3 87  0  0
36  0      0 377958368      0 7981904    0    0     0     0 419390 331099  9  3 87  0  0
69  0      0 377957632      0 7981904    0    0     0     0 420808 309112  9  3 87  0  0
30  0      0 377956416      0 7981904    0    0     0     0 429511 324064  9  4 87  0  0
55  0      0 377956736      0 7981904    0    0     0     0 402902 324006 10  4 87  0  0
 3  0      0 377955264      0 7981904    0    0     0     0 434863 326612  9  4 87  0  0
75  0      0 377956160      0 7981904    0    0     0     0 441991 321112  9  4 87  0  0
37  0      0 377958272      0 7981904    0    0     0     0 405467 325251 10  4 87  0  0
 7  0      0 377955808      0 7981904    0    0     0     0 430205 322715  9  4 87  0  0
52  0      0 377957504      0 7981904    0    0     0     0 435244 320295  9  4 87  0  0
19  0      0 377950176      0 7981904    0    0     0     0 419114 333652 10  4 87  0  0
 6  0      0 377953856      0 7981904    0    0     0     0 406894 327721  9  4 87  0  0
 2  0      0 377954496      0 7981904    0    0     0     0 431663 327275 10  4 87  0  0
 0  0      0 377994368      0 7981904    0    0     0     0 387984 294386  9  3 88  0  0
 1  0      0 377994304      0 7981904    0    0     0     0  109   83  0  0 100  0  0
 8  0      0 377956992      0 7981904    0    0     0     0 18794 17415  0  0 99  0  0
procs -----------memory---------- ---swap-- -----io---- -system-- ------cpu-----
 r  b   swpd   free   buff  cache   si   so    bi    bo   in   cs us sy id wa st
28  0      0 377955648      0 7981904    0    0     0     0 487729 327943 11  5 84  0  0
 1  0      0 377953824      0 7981904    0    0     0     0 525785 304493 13  5 82  0  0
 3  0      0 377949632      0 7981904    0    0     0     0 629297 305896 14  5 81  0  0
 3  0      0 377934336      0 7981904    0    0     0     0 494364 323468 13  4 83  0  0
67  0      0 377940992      0 7981904    0    0     0     0 380501 321622 12  3 84  0  0
47  0      0 377940352      0 7981904    0    0     0     0 440754 329865 12  4 84  0  0
 2  0      0 377942464      0 7981904    0    0     0     0 373282 323752 12  3 85  0  0
47  0      0 377945984      0 7981904    0    0     0     0 389864 318929 12  3 85  0  0
 2  0      0 377926944      0 7981904    0    0     0     0 424535 319062 12  3 85  0  0
26  0      0 377930464      0 7981904    0    0     0     0 425599 323259 12  4 85  0  0
61  0      0 377922560      0 7981904    0    0     0     0 418319 319691 12  3 85  0  0
 2  0      0 377926976      0 7981904    0    0     0     0 400694 317086 12  3 85  0  0
40  0      0 377928544      0 7981904    0    0     0     0 418368 318956 12  3 85  0  0
23  0      0 377930272      0 7981904    0    0     0     0 398194 319787 12  3 85  0  0
53  0      0 377932544      0 7981904    0    0     0     0 483112 317535 12  3 85  0  0
21  0      0 377930688      0 7981904    0    0     0     0 440768 315388 12  3 84  0  0
35  0      0 377928096      0 7981904    0    0     0     0 425691 320433 12  3 84  0  0
15  0      0 377929088      0 7981904    0    0     0     0 406113 316123 12  3 85  0  0
42  0      0 377927040      0 7981904    0    0     0     0 454193 314866 12  3 85  0  0
 1  0      0 377929696      0 7981904    0    0     0     0 404278 314482 12  3 84  0  0
69  0      0 377927840      0 7981904    0    0     0     0 417207 318635 12  3 85  0  0
procs -----------memory---------- ---swap-- -----io---- -system-- ------cpu-----
 r  b   swpd   free   buff  cache   si   so    bi    bo   in   cs us sy id wa st
 1  0      0 377928608      0 7981904    0    0     0     0 396910 318757 12  3 85  0  0
 3  0      0 377925600      0 7981908    0    0     0     0 413581 319964 12  3 85  0  0
68  0      0 377928544      0 7981908    0    0     0     0 390003 316367 12  3 85  0  0
 2  0      0 377927232      0 7981908    0    0     0     0 421885 319111 12  3 84  0  0
 1  0      0 377926496      0 7981908    0    0     0     0 369289 320100 12  3 84  0  0
48  0      0 377924672      0 7981908    0    0     0     0 421966 317592 12  3 84  0  0
66  0      0 377924096      0 7981908    0    0     0     0 402465 324011 12  3 84  0  0
27  0      0 377922528      0 7981908    0    0     0     0 386146 323582 12  3 84  0  0
43  0      0 377923008      0 7981908    0    0     0     0 427930 316076 13  3 84  0  0
81  0      0 377924832      0 7981908    0    0     0     0 451749 317416 12  3 85  0  0
 2  0      0 377922880      0 7981908    0    0     0     0 452114 314686 12  3 85  0  0
 2  0      0 377911840      0 7981908    0    0     0     0 439809 316174 12  3 84  0  0
 2  0      0 377922752      0 7981908    0    0     0     0 464705 311166 12  3 84  0  0
 1  0      0 377918880      0 7981908    0    0     0     0 386878 316629 13  3 84  0  0
 1  0      0 377918528      0 7981908    0    0     0     0 465058 325159 12  3 84  0  0
 2  0      0 377921920      0 7981892    0    0     0     0 386977 297144 12  3 85  0  0
18  0      0 377911744      0 7981972    0    0     0     0 419376 316563 12  3 85  0  0
50  0      0 377914080      0 7981972    0    0     0     0 413498 322827 13  3 84  0  0
 3  0      0 377917696      0 7981972    0    0     0     0 424210 318844 12  3 84  0  0
31  0      0 377921536      0 7981972    0    0     0     0 477742 325820 12  3 84  0  0
44  0      0 377921792      0 7981972    0    0     0     0 448557 319091 12  4 84  0  0
procs -----------memory---------- ---swap-- -----io---- -system-- ------cpu-----
 r  b   swpd   free   buff  cache   si   so    bi    bo   in   cs us sy id wa st
62  0      0 377920384      0 7981972    0    0     0     0 404438 321095 12  3 84  0  0
12  0      0 377921312      0 7981972    0    0     0     0 440722 306777 12  3 84  0  0
51  0      0 377919744      0 7981972    0    0     0     0 463088 318723 12  3 84  0  0
26  0      0 377918720      0 7981972    0    0     0     0 456729 320875 12  4 84  0  0
45  0      0 377921120      0 7981972    0    0     0     0 448976 323632 12  3 84  0  0
44  0      0 377911808      0 7981972    0    0     0     0 432571 321657 12  3 85  0  0
72  0      0 377912448      0 7981972    0    0     0     0 485812 336447 12  3 84  0  0
63  0      0 377914240      0 7981972    0    0     0     0 434949 323475 13  3 84  0  0
 9  0      0 377911552      0 7981972    0    0     0     0 469309 304904 12  3 84  0  0
 2  0      0 377913408      0 7981972    0    0     0     0 488920 320519 12  3 85  0  0
 1  0      0 377914688      0 7981972    0    0     0     0 384870 316066 12  3 84  0  0
48  0      0 377917632      0 7981972    0    0     0     0 445401 312947 12  3 84  0  0
 1  0      0 377916992      0 7981972    0    0     0     0 411980 321583 12  3 84  0  0
46  0      0 377915136      0 7981972    0    0     0     0 448883 322191 13  3 84  0  0
40  0      0 377916096      0 7981972    0    0     0     0 452953 325724 13  3 84  0  0
 1  0      0 377916640      0 7981972    0    0     0     0 459555 327035 13  3 84  0  0
64  0      0 377916448      0 7981972    0    0     0     0 404792 316992 12  3 84  0  0
 0  0      0 377982912      0 7981972    0    0     0     0 322945 266319 10  3 87  0  0
 0  0      0 377983328      0 7981972    0    0     0     0  191  277  0  0 100  0  0
65  0      0 377937696      0 7981972    0    0     0     0 56071 51401  2  1 98  0  0
67  0      0 377921600      0 7981972    0    0     0     0 516535 428825 18  6 76  0  0
procs -----------memory---------- ---swap-- -----io---- -system-- ------cpu-----
 r  b   swpd   free   buff  cache   si   so    bi    bo   in   cs us sy id wa st
31  0      0 377919168      0 7981976    0    0     0     0 537511 401675 19  7 74  0  0
 1  0      0 377906560      0 7981980    0    0     0     0 655369 388312 19  7 74  0  0
 2  0      0 377882560      0 7981980    0    0     0     0 592225 372044 18  5 77  0  0
62  0      0 377882368      0 7981984    0    0     0     0 581857 376216 15  4 81  0  0
 4  0      0 377889600      0 7981984    0    0     0     0 561333 363328 15  3 81  0  0
 3  0      0 377893728      0 7981988    0    0     0     0 590782 379310 15  4 81  0  0
 2  0      0 377883808      0 7981988    0    0     0     0 585738 375862 15  4 82  0  0
64  0      0 377880960      0 7981988    0    0     0     0 815291 381488 15  4 81  0  0
68  0      0 377881952      0 7981988    0    0     0     0 597815 380663 16  4 81  0  0
68  0      0 377877504      0 7981988    0    0     0     0 526972 380746 16  3 81  0  0
 2  0      0 377883712      0 7981988    0    0     0     0 608315 382678 16  4 81  0  0
19  0      0 377875840      0 7981988    0    0     0     0 583037 379179 16  4 81  0  0
29  0      0 377879584      0 7981988    0    0     0     0 653667 382062 15  4 81  0  0
55  0      0 377878464      0 7981988    0    0     0     0 622155 382741 16  4 81  0  0
71  0      0 377879136      0 7981988    0    0     0     0 639009 378909 16  4 81  0  0
13  0      0 377871616      0 7981988    0    0     0     0 590785 388281 16  4 80  0  0
51  0      0 377877632      0 7981988    0    0     0     0 628200 386940 15  4 81  0  0
74  0      0 377873152      0 7981988    0    0     0     0 618518 379666 15  4 81  0  0
 1  0      0 377870240      0 7981988    0    0     0     0 603695 386502 16  4 80  0  0
67  0      0 377850112      0 7981988    0    0     0     0 605658 390174 16  4 81  0  0
72  0      0 377872448      0 7981988    0    0     0     0 582269 385268 16  4 81  0  0
procs -----------memory---------- ---swap-- -----io---- -system-- ------cpu-----
 r  b   swpd   free   buff  cache   si   so    bi    bo   in   cs us sy id wa st
 2  0      0 377878080      0 7981988    0    0     0     0 588738 381882 15  3 81  0  0
 2  0      0 377872096      0 7981988    0    0     0     0 627250 374555 15  4 81  0  0
67  0      0 377875712      0 7981988    0    0     0     0 582502 370595 16  3 81  0  0
62  0      0 377879072      0 7981988    0    0     0     0 616922 382200 15  4 81  0  0
64  0      0 377876576      0 7981988    0    0     0     0 620777 384034 16  3 81  0  0
13  0      0 377877024      0 7981988    0    0     0     0 609107 386626 16  4 81  0  0
75  0      0 377882592      0 7981988    0    0     0     0 617445 393993 16  4 80  0  0
15  0      0 377879552      0 7981988    0    0     0     0 600167 382768 16  4 81  0  0
 3  0      0 377876608      0 7981988    0    0     0     0 578852 391672 16  3 81  0  0
57  0      0 377874752      0 7981992    0    0     0     0 597105 385601 16  4 81  0  0
82  0      0 377873248      0 7981992    0    0     0     0 565891 374179 16  4 80  0  0
71  0      0 377878176      0 7981992    0    0     0     0 519517 375758 16  3 81  0  0
67  0      0 377873440      0 7982004    0    0     0     0 576350 386224 15  4 81  0  0
75  0      0 377861952      0 7982004    0    0     0     0 592961 380425 16  4 81  0  0
32  0      0 377856416      0 7982004    0    0     0     0 639247 393093 16  4 80  0  0
71  0      0 377865312      0 7982004    0    0     0     0 601172 378069 16  4 80  0  0
 2  0      0 377863168      0 7982004    0    0     0     0 572484 384671 16  4 81  0  0
15  0      0 377858496      0 7982004    0    0     0     0 590480 379056 16  4 81  0  0
64  0      0 377843584      0 7982004    0    0     0     0 597787 384286 16  4 80  0  0
 0  0      0 377864448      0 7982004    0    0     0     0 591336 385286 16  4 80  0  0
70  0      0 377869120      0 7982004    0    0     0     0 600426 381525 16  3 80  0  0
procs -----------memory---------- ---swap-- -----io---- -system-- ------cpu-----
 r  b   swpd   free   buff  cache   si   so    bi    bo   in   cs us sy id wa st
32  0      0 377871136      0 7982004    0    0     0     0 606733 386485 15  4 81  0  0
70  0      0 377867904      0 7982008    0    0     0     0 601541 383483 16  4 81  0  0
45  0      0 377865504      0 7982008    0    0     0     0 615373 383369 15  4 81  0  0
21  0      0 377866272      0 7982008    0    0     0     0 635150 394092 15  4 81  0  0
67  0      0 377860256      0 7982008    0    0     0     0 611056 396043 16  4 80  0  0
74  0      0 377859488      0 7982008    0    0     0     0 590232 380097 16  4 80  0  0
77  0      0 377865568      0 7982008    0    0     0     0 579454 395975 16  4 81  0  0
 1  0      0 377861248      0 7982008    0    0     0     0 628031 381201 15  4 81  0  0
49  0      0 377867008      0 7982008    0    0     0     0 586759 387241 16  4 80  0  0
 7  0      0 377863968      0 7982008    0    0     0     0 683496 390076 16  4 80  0  0
69  0      0 377864224      0 7982008    0    0     0     0 655205 389494 16  3 81  0  0
46  0      0 377867168      0 7982008    0    0     0     0 588149 387415 16  4 81  0  0
67  0      0 377866208      0 7982008    0    0     0     0 610862 392921 16  4 80  0  0
88  0      0 377863936      0 7982008    0    0     0     0 599295 387030 15  4 81  0  0
45  0      0 377864864      0 7982008    0    0     0     0 588145 391956 16  4 80  0  0
56  0      0 377867840      0 7982008    0    0     0     0 633422 396193 16  4 80  0  0
 0  0      0 377951008      0 7982008    0    0     0     0 437054 281370 11  3 86  0  0
 0  0      0 377951968      0 7982008    0    0     0     0   96   90  0  0 100  0  0
 1  0      0 377884832      0 7982008    0    0     0     0 83121 85164  5  1 94  0  0
71  0      0 377855168      0 7982028    0    0     0     0 507538 450199 25  7 68  0  0
 3  0      0 377858784      0 7982028    0    0     0     0 620228 448399 27  8 66  0  0
procs -----------memory---------- ---swap-- -----io---- -system-- ------cpu-----
 r  b   swpd   free   buff  cache   si   so    bi    bo   in   cs us sy id wa st
145  0      0 377856704      0 7982028    0    0     0     0 782277 436086 28  7 65  0  0
20  0      0 377839264      0 7982036    0    0     0     0 643366 408479 25  7 69  0  0
 2  0      0 377847872      0 7982036    0    0     0     0 560815 366392 19  4 76  0  0
89  0      0 377844896      0 7982036    0    0     0     0 606686 397728 20  4 76  0  0
64  0      0 377828704      0 7982036    0    0     0     0 671779 519179 21  5 74  0  0
79  0      0 377826976      0 7982036    0    0     0     0 671181 532712 21  5 73  0  0
 2  0      0 377836000      0 7982036    0    0     0     0 943922 552232 21  6 73  0  0
 4  0      0 377830368      0 7982036    0    0     0     0 710460 536937 21  5 73  0  0
 2  0      0 377828864      0 7982036    0    0     0     0 638889 539333 21  5 74  0  0
19  0      0 377830048      0 7982036    0    0     0     0 743809 518243 21  5 74  0  0
33  0      0 377836288      0 7982036    0    0     0     0 761544 536522 22  5 73  0  0
82  0      0 377835744      0 7982036    0    0     0     0 677461 532650 21  6 73  0  0
 2  0      0 377828768      0 7982036    0    0     0     0 911803 501210 21  6 73  0  0
 8  0      0 377837184      0 7982036    0    0     0     0 663089 356338 19  4 77  0  0
69  0      0 377833536      0 7982036    0    0     0     0 612287 376677 20  4 76  0  0
55  0      0 377826432      0 7982036    0    0     0     0 703044 470953 21  5 74  0  0
 2  0      0 377830016      0 7982036    0    0     0     0 707943 438957 20  5 75  0  0
67  0      0 377837856      0 7982036    0    0     0     0 627543 390966 20  4 76  0  0
124  0      0 377833216      0 7982036    0    0     0     0 676493 498303 21  5 74  0  0
122  0      0 377828768      0 7982036    0    0     0     0 731014 553010 22  6 72  0  0
 3  0      0 377832736      0 7982036    0    0     0     0 705485 522603 22  5 73  0  0
procs -----------memory---------- ---swap-- -----io---- -system-- ------cpu-----
 r  b   swpd   free   buff  cache   si   so    bi    bo   in   cs us sy id wa st
56  0      0 377836960      0 7982036    0    0     0     0 669206 398342 20  4 76  0  0
 2  0      0 377830080      0 7982040    0    0     0     0 778632 539226 22  5 73  0  0
81  0      0 377830240      0 7982040    0    0     0     0 646781 520181 21  5 74  0  0
 2  0      0 377833216      0 7982040    0    0     0     0 725120 549153 22  5 73  0  0
81  0      0 377831776      0 7982040    0    0     0     0 828233 539984 22  5 73  0  0
47  0      0 377837952      0 7982040    0    0     0     0 693386 513199 21  5 74  0  0
108  0      0 377835200      0 7982040    0    0     0     0 671765 536375 21  5 74  0  0
92  0      0 377826464      0 7982040    0    0     0     0 754364 548497 23  5 72  0  0
 5  0      0 377833472      0 7982040    0    0     0     0 684858 543125 21  5 73  0  0
 5  0      0 377833056      0 7982040    0    0     0     0 682165 538960 21  5 74  0  0
 2  0      0 377828384      0 7982040    0    0     0     0 701748 533259 22  5 73  0  0
60  0      0 377830208      0 7982040    0    0     0     0 668078 436167 20  4 76  0  0
 2  0      0 377831072      0 7982040    0    0     0     0 634206 391303 20  4 76  0  0
32  0      0 377828928      0 7982040    0    0     0     0 722045 534179 21  5 74  0  0
109  0      0 377838016      0 7982040    0    0     0     0 714533 522118 21  5 74  0  0
 4  0      0 377835904      0 7982040    0    0     0     0 678026 478951 21  5 74  0  0
91  0      0 377832288      0 7982040    0    0     0     0 679283 453589 21  4 74  0  0
89  0      0 377837952      0 7982040    0    0     0     0 645532 464949 20  5 75  0  0
 3  0      0 377830336      0 7982040    0    0     0     0 705562 505134 22  5 73  0  0
 2  0      0 377827040      0 7982040    0    0     0     0 728021 530496 21  5 74  0  0
 2  0      0 377830528      0 7982040    0    0     0     0 715950 535373 21  5 74  0  0
procs -----------memory---------- ---swap-- -----io---- -system-- ------cpu-----
 r  b   swpd   free   buff  cache   si   so    bi    bo   in   cs us sy id wa st
85  0      0 377827040      0 7982040    0    0     0     0 761347 548077 22  5 73  0  0
74  0      0 377833664      0 7982040    0    0     0     0 679089 441244 21  5 75  0  0
 2  0      0 377830144      0 7982040    0    0     0     0 736327 501225 21  5 74  0  0
90  0      0 377835232      0 7982040    0    0     0     0 732570 547600 22  5 73  0  0
106  0      0 377839616      0 7982040    0    0     0     0 718024 527942 21  5 74  0  0
84  0      0 377837344      0 7982040    0    0     0     0 689478 446994 20  5 75  0  0
94  0      0 377839744      0 7982040    0    0     0     0 701574 401454 20  5 75  0  0
 2  0      0 377840448      0 7982040    0    0     0     0 677802 455401 21  4 75  0  0
80  0      0 377836768      0 7982040    0    0     0     0 719195 547132 22  6 73  0  0
 3  0      0 377838688      0 7982040    0    0     0     0 676332 465648 20  5 75  0  0
 2  0      0 377837600      0 7982040    0    0     0     0 672929 478053 21  5 74  0  0
70  0      0 377834560      0 7982040    0    0     0     0 704032 439209 21  4 75  0  0
97  0      0 377835968      0 7982040    0    0     0     0 647662 452046 21  5 75  0  0
84  0      0 377835584      0 7982040    0    0     0     0 682624 477824 21  5 74  0  0
 1  0      0 377838880      0 7982040    0    0     0     0 730422 509290 21  5 74  0  0
 0  0      0 377932032      0 7982040    0    0     0     0 467389 340525 13  4 83  0  0
 0  0      0 377935936      0 7982040    0    0     0     0 1057 1734  0  0 100  0  0
21  0      0 377808800      0 7982044    0    0     0     0 90738 113325  8  2 90  0  0
63  0      0 377792928      0 7982044    0    0     0     0 501498 455835 31  8 61  0  0
107  0      0 377802368      0 7982060    0    0     0     0 1055498 459411 31 10 59  0  0
54  0      0 377799904      0 7982060    0    0     0     0 636208 445360 33  8 59  0  0
procs -----------memory---------- ---swap-- -----io---- -system-- ------cpu-----
 r  b   swpd   free   buff  cache   si   so    bi    bo   in   cs us sy id wa st
102  0      0 377763808      0 7982060    0    0     0     0 716356 493334 30  7 63  0  0
98  0      0 377794080      0 7982064    0    0     0     0 625414 415881 24  5 71  0  0
 7  0      0 377794944      0 7982064    0    0     0     0 575524 380767 22  5 73  0  0
14  0      0 377796672      0 7982064    0    0     0     0 773232 472938 25  6 69  0  0
98  0      0 377798464      0 7982064    0    0     0     0 637682 394484 25  5 70  0  0
 2  0      0 377790272      0 7982064    0    0     0     0 629593 436666 24  5 71  0  0
 6  0      0 377799232      0 7982064    0    0     0     0 637877 439387 25  5 71  0  0
86  0      0 377794944      0 7982064    0    0     0     0 910456 423544 25  5 69  0  0
 5  0      0 377795264      0 7982064    0    0     0     0 654237 396350 24  5 71  0  0
111  0      0 377790080      0 7982064    0    0     0     0 683986 451341 25  5 70  0  0
88  0      0 377787712      0 7982064    0    0     0     0 696021 456516 25  6 69  0  0
114  0      0 377792608      0 7982064    0    0     0     0 553733 344910 22  4 74  0  0
40  0      0 377799424      0 7982064    0    0     0     0 664533 416819 24  5 71  0  0
85  0      0 377799424      0 7982064    0    0     0     0 632273 412168 24  5 71  0  0
96  0      0 377798944      0 7982064    0    0     0     0 658563 432783 25  5 70  0  0
54  0      0 377803968      0 7982064    0    0     0     0 619371 342844 22  5 73  0  0
61  0      0 377795584      0 7982064    0    0     0     0 695437 458455 25  5 70  0  0
51  0      0 377798208      0 7982064    0    0     0     0 621246 336724 22  4 73  0  0
 7  0      0 377780736      0 7982064    0    0     0     0 613325 395277 24  5 72  0  0
97  0      0 377794400      0 7982064    0    0     0     0 609849 366234 22  5 73  0  0
103  0      0 377793408      0 7982064    0    0     0     0 571358 337995 22  4 74  0  0
procs -----------memory---------- ---swap-- -----io---- -system-- ------cpu-----
 r  b   swpd   free   buff  cache   si   so    bi    bo   in   cs us sy id wa st
107  0      0 377783712      0 7982064    0    0     0     0 627335 411745 24  5 72  0  0
44  0      0 377799232      0 7982064    0    0     0     0 641208 374185 24  4 72  0  0
39  0      0 377802080      0 7982064    0    0     0     0 614941 327544 21  4 75  0  0
 2  0      0 377802528      0 7982064    0    0     0     0 606135 360703 23  5 73  0  0
44  0      0 377789696      0 7982064    0    0     0     0 679745 475914 26  5 69  0  0
35  0      0 377798176      0 7982064    0    0     0     0 640806 393392 24  5 71  0  0
112  0      0 377798912      0 7982064    0    0     0     0 601818 364340 23  5 72  0  0
121  0      0 377799648      0 7982064    0    0     0     0 589525 378074 23  5 73  0  0
73  0      0 377808832      0 7982064    0    0     0     0 637543 392124 23  5 72  0  0
60  0      0 377797184      0 7982064    0    0     0     0 626942 445107 24  5 71  0  0
100  0      0 377800832      0 7982064    0    0     0     0 626355 472707 26  5 69  0  0
77  0      0 377806816      0 7982064    0    0     0     0 626009 365057 23  5 72  0  0
80  0      0 377802880      0 7982064    0    0     0     0 613422 376989 23  4 72  0  0
93  0      0 377801344      0 7982064    0    0     0     0 612331 359204 24  4 72  0  0
 2  0      0 377806688      0 7982064    0    0     0     0 618967 352217 23  4 73  0  0
40  0      0 377805856      0 7982064    0    0     0     0 580661 412616 25  5 70  0  0
18  0      0 377809248      0 7982064    0    0     0     0 673421 422523 24  5 71  0  0
83  0      0 377810784      0 7982064    0    0     0     0 636510 334712 22  4 74  0  0
 3  0      0 377806368      0 7982064    0    0     0     0 594678 344906 24  4 72  0  0
 2  0      0 377807296      0 7982064    0    0     0     0 597787 343571 22  4 73  0  0
112  0      0 377796288      0 7982064    0    0     0     0 614464 354246 23  4 73  0  0
procs -----------memory---------- ---swap-- -----io---- -system-- ------cpu-----
 r  b   swpd   free   buff  cache   si   so    bi    bo   in   cs us sy id wa st
78  0      0 377800768      0 7982064    0    0     0     0 599484 372030 23  5 72  0  0
59  0      0 377801152      0 7982068    0    0     0     0 662783 375439 24  5 72  0  0
 2  0      0 377803776      0 7982068    0    0     0     0 649768 377705 23  5 72  0  0
77  0      0 377796416      0 7982068    0    0     0     0 602121 338032 23  4 73  0  0
69  0      0 377781536      0 7982068    0    0     0     0 648703 455778 24  5 70  0  0
90  0      0 377783680      0 7982068    0    0     0     0 668713 475719 25  5 70  0  0
101  0      0 377797824      0 7982068    0    0     0     0 641325 368406 24  4 72  0  0
 9  0      0 377789440      0 7982068    0    0     0     0 695848 468735 25  5 70  0  0
64  0      0 377800128      0 7982068    0    0     0     0 616959 351617 23  4 73  0  0
109  0      0 377790976      0 7982068    0    0     0     0 687707 428300 25  5 70  0  0
28  0      0 377796672      0 7982068    0    0     0     0 662070 387372 25  5 71  0  0
85  0      0 377802400      0 7982068    0    0     0     0 687708 384692 23  5 72  0  0
93  0      0 377804608      0 7982068    0    0     0     0 670753 414185 24  5 71  0  0
 2  0      0 377801728      0 7982068    0    0     0     0 660393 397630 24  5 71  0  0
 0  0      0 377932416      0 7982068    0    0     0     0 367255 205883 13  3 84  0  0
 0  0      0 377926976      0 7982068    0    0     0     0  210  314  0  0 100  0  0
110  0      0 377836512      0 7982068    0    0     0     0 109982 124891 12  2 86  0  0
 2  0      0 377823392      0 7982068    0    0     0     0 509214 451385 36  7 57  0  0
66  0      0 377825920      0 7982068    0    0     0     0 1104197 459488 37 11 53  0  0
94  0      0 377821152      0 7982068    0    0     0     0 648363 463171 37  9 54  0  0
 1  0      0 377801504      0 7982068    0    0     0     0 550040 414837 30  6 64  0  0
procs -----------memory---------- ---swap-- -----io---- -system-- ------cpu-----
 r  b   swpd   free   buff  cache   si   so    bi    bo   in   cs us sy id wa st
113  0      0 377818208      0 7982068    0    0     0     0 552919 376930 28  5 67  0  0
53  0      0 377817408      0 7982068    0    0     0     0 775842 386395 28  5 67  0  0
106  0      0 377814464      0 7982068    0    0     0     0 477198 363873 27  4 69  0  0
 5  0      0 377815584      0 7982068    0    0     0     0 533419 369272 27  5 68  0  0
79  0      0 377819232      0 7982068    0    0     0     0 557901 386492 27  5 68  0  0
 6  0      0 377828448      0 7982068    0    0     0     0 740575 349414 26  5 69  0  0
72  0      0 377822432      0 7982068    0    0     0     0 543201 329812 24  4 72  0  0
 5  0      0 377817184      0 7982068    0    0     0     0 573810 431094 28  5 66  0  0
145  0      0 377823424      0 7982068    0    0     0     0 775071 380371 26  6 68  0  0
169  0      0 377820608      0 7982068    0    0     0     0 640843 401394 29  6 65  0  0
 2  0      0 377820384      0 7982068    0    0     0     0 646033 403528 28  5 66  0  0
99  0      0 377826528      0 7982068    0    0     0     0 592858 356515 27  5 68  0  0
62  0      0 377821632      0 7982068    0    0     0     0 686436 404372 29  5 66  0  0
34  0      0 377815872      0 7982068    0    0     0     0 636304 452064 29  6 64  0  0
136  0      0 377818912      0 7982068    0    0     0     0 630489 496768 31  7 62  0  0
103  0      0 377823648      0 7982068    0    0     0     0 632697 412950 29  5 66  0  0
 5  0      0 377824096      0 7982068    0    0     0     0 650978 384554 27  5 68  0  0
 5  0      0 377823872      0 7982068    0    0     0     0 547173 369918 27  5 68  0  0
60  0      0 377818048      0 7982068    0    0     0     0 540343 365321 27  5 68  0  0
 7  0      0 377820000      0 7982068    0    0     0     0 651307 377736 27  5 67  0  0
60  0      0 377822176      0 7982068    0    0     0     0 551600 379011 27  5 68  0  0
procs -----------memory---------- ---swap-- -----io---- -system-- ------cpu-----
 r  b   swpd   free   buff  cache   si   so    bi    bo   in   cs us sy id wa st
 3  0      0 377816000      0 7982068    0    0     0     0 598118 399369 28  6 66  0  0
117  0      0 377817408      0 7982068    0    0     0     0 576876 378574 27  5 67  0  0
158  0      0 377810016      0 7982072    0    0     0     0 584474 455087 30  6 64  0  0
122  0      0 377820512      0 7982072    0    0     0     0 660245 384236 27  5 68  0  0
81  0      0 377818944      0 7982072    0    0     0     0 617542 369673 27  5 68  0  0
59  0      0 377817024      0 7982072    0    0     0     0 571421 347903 27  4 69  0  0
131  0      0 377803584      0 7982072    0    0     0     0 668639 411739 28  6 66  0  0
 4  0      0 377814784      0 7982072    0    0     0     0 644797 443539 29  6 65  0  0
79  0      0 377818720      0 7982072    0    0     0     0 668126 402999 28  5 66  0  0
71  0      0 377821216      0 7982072    0    0     0     0 595655 371348 27  5 68  0  0
97  0      0 377820512      0 7982072    0    0     0     0 617612 413682 28  5 67  0  0
132  0      0 377815520      0 7982072    0    0     0     0 618578 422413 29  6 65  0  0
 2  0      0 377818240      0 7982072    0    0     0     0 646315 407917 29  5 66  0  0
138  0      0 377823552      0 7982072    0    0     0     0 638871 406568 28  5 67  0  0
96  0      0 377823072      0 7982072    0    0     0     0 589361 402059 27  5 67  0  0
117  0      0 377823616      0 7982072    0    0     0     0 560719 403342 28  5 67  0  0
110  0      0 377831872      0 7982072    0    0     0     0 550896 358726 25  5 70  0  0
16  0      0 377827168      0 7982072    0    0     0     0 546283 341293 27  5 69  0  0
 2  0      0 377822176      0 7982072    0    0     0     0 569367 376865 28  5 68  0  0
106  0      0 377819680      0 7982072    0    0     0     0 610255 480679 30  6 64  0  0
139  0      0 377828448      0 7982072    0    0     0     0 577917 415454 28  5 66  0  0
procs -----------memory---------- ---swap-- -----io---- -system-- ------cpu-----
 r  b   swpd   free   buff  cache   si   so    bi    bo   in   cs us sy id wa st
10  0      0 377823392      0 7982072    0    0     0     0 649936 411021 29  5 66  0  0
115  0      0 377826944      0 7982072    0    0     0     0 621317 346987 26  5 69  0  0
 2  0      0 377823456      0 7982072    0    0     0     0 575346 351335 26  5 69  0  0
42  0      0 377821152      0 7982072    0    0     0     0 629864 381226 28  5 67  0  0
116  0      0 377818880      0 7982072    0    0     0     0 569324 377350 28  5 67  0  0
27  0      0 377824736      0 7982072    0    0     0     0 551020 354586 26  5 69  0  0
 2  0      0 377821984      0 7982072    0    0     0     0 557878 365922 26  5 69  0  0
126  0      0 377821408      0 7982072    0    0     0     0 626729 385564 28  5 67  0  0
 6  0      0 377821472      0 7982072    0    0     0     0 570300 391526 28  5 67  0  0
 7  0      0 377821632      0 7982072    0    0     0     0 596170 392960 28  5 67  0  0
158  0      0 377835456      0 7982072    0    0     0     0 568405 408678 27  5 67  0  0
 8  0      0 377829568      0 7982072    0    0     0     0 549413 395065 28  5 67  0  0
 1  0      0 377826944      0 7982072    0    0     0     0 572615 376458 27  5 68  0  0
 0  0      0 377937472      0 7982076    0    0     0     0 293377 174455 13  3 84  0  0
 0  0      0 377938400      0 7982076    0    0     0     0  424  541  0  0 100  0  0
135  0      0 377811744      0 7982076    0    0     0     0 138314 142608 15  3 82  0  0
126  0      0 377797696      0 7982076    0    0     0     0 490133 448333 40  9 51  0  0
135  0      0 377797984      0 7982076    0    0     0     0 1217893 449918 39 12 49  0  0
39  0      0 377789504      0 7982076    0    0     0     0 588993 453172 40 10 50  0  0
 6  0      0 377798496      0 7982076    0    0     0     0 486108 351631 28  5 67  0  0
139  0      0 377788032      0 7982076    0    0     0     0 689076 394197 30  6 64  0  0
procs -----------memory---------- ---swap-- -----io---- -system-- ------cpu-----
 r  b   swpd   free   buff  cache   si   so    bi    bo   in   cs us sy id wa st
59  0      0 377789472      0 7982076    0    0     0     0 450271 382660 27  6 67  0  0
108  0      0 377803232      0 7982076    0    0     0     0 388354 306132 25  4 71  0  0
56  0      0 377807616      0 7982080    0    0     0     0 505226 382083 28  6 66  0  0
14  0      0 377799680      0 7982076    0    0     0     0 965247 369153 28  7 65  0  0
72  0      0 377793376      0 7982076    0    0     0     0 499639 432751 30  6 63  0  0
17  0      0 377809216      0 7982076    0    0     0     0 460534 384286 29  6 66  0  0
 2  0      0 377802464      0 7982076    0    0     0     0 806087 376900 29  7 65  0  0
136  0      0 377800480      0 7982076    0    0     0     0 547423 344312 28  5 68  0  0
76  0      0 377793600      0 7982076    0    0     0     0 468435 347916 27  5 68  0  0
97  0      0 377801888      0 7982076    0    0     0     0 516884 351250 28  5 67  0  0
 2  0      0 377794240      0 7982076    0    0     0     0 592972 337506 27  5 68  0  0
135  0      0 377799744      0 7982076    0    0     0     0 463648 327045 26  5 69  0  0
58  0      0 377791200      0 7982076    0    0     0     0 536904 330432 28  5 68  0  0
95  0      0 377794080      0 7982076    0    0     0     0 521321 323163 26  4 69  0  0
156  0      0 377794528      0 7982076    0    0     0     0 533639 425877 30  6 63  0  0
113  0      0 377792320      0 7982076    0    0     0     0 580321 452937 31  7 62  0  0
190  0      0 377787488      0 7982076    0    0     0     0 625149 476120 34  7 59  0  0
58  0      0 377802048      0 7982076    0    0     0     0 548821 437953 31  6 63  0  0
105  0      0 377807360      0 7982076    0    0     0     0 567149 380200 28  5 66  0  0
 3  0      0 377794784      0 7982076    0    0     0     0 456264 395234 28  5 66  0  0
91  0      0 377799008      0 7982076    0    0     0     0 601004 502731 33  7 60  0  0
procs -----------memory---------- ---swap-- -----io---- -system-- ------cpu-----
 r  b   swpd   free   buff  cache   si   so    bi    bo   in   cs us sy id wa st
122  0      0 377799616      0 7982076    0    0     0     0 520842 441218 30  7 63  0  0
 2  0      0 377786144      0 7982076    0    0     0     0 644960 451189 32  7 61  0  0
 2  0      0 377788288      0 7982076    0    0     0     0 481320 351368 28  5 67  0  0
 2  0      0 377800288      0 7982076    0    0     0     0 439768 349014 27  5 68  0  0
 7  0      0 377805728      0 7982076    0    0     0     0 438116 333893 26  5 69  0  0
 2  0      0 377801696      0 7982076    0    0     0     0 555114 341421 26  5 69  0  0
134  0      0 377788224      0 7982072    0    0     0     0 543498 470017 33  7 60  0  0
 5  0      0 377799136      0 7982080    0    0     0     0 518509 372120 28  5 67  0  0
 2  0      0 377798272      0 7982080    0    0     0     0 489338 371387 28  5 67  0  0
 2  0      0 377794432      0 7982080    0    0     0     0 554617 341697 27  5 68  0  0
112  0      0 377794752      0 7982080    0    0     0     0 560567 423670 30  6 64  0  0
51  0      0 377800864      0 7982080    0    0     0     0 572493 388255 30  6 64  0  0
36  0      0 377798656      0 7982080    0    0     0     0 512459 350048 28  5 67  0  0
129  0      0 377808864      0 7982080    0    0     0     0 499065 363105 28  5 67  0  0
99  0      0 377808160      0 7982080    0    0     0     0 537538 332626 27  4 69  0  0
107  0      0 377803488      0 7982080    0    0     0     0 517692 413914 30  6 64  0  0
 4  0      0 377803840      0 7982080    0    0     0     0 522500 331221 26  5 69  0  0
 5  0      0 377803936      0 7982080    0    0     0     0 503093 319992 26  5 70  0  0
 8  0      0 377796416      0 7982080    0    0     0     0 676114 363781 29  5 66  0  0
40  0      0 377796256      0 7982080    0    0     0     0 490489 371822 28  5 66  0  0
13  0      0 377802112      0 7982080    0    0     0     0 521972 351646 28  5 67  0  0
procs -----------memory---------- ---swap-- -----io---- -system-- ------cpu-----
 r  b   swpd   free   buff  cache   si   so    bi    bo   in   cs us sy id wa st
20  0      0 377798240      0 7982080    0    0     0     0 508045 358550 28  5 68  0  0
29  0      0 377796480      0 7982080    0    0     0     0 504156 353805 29  5 66  0  0
 4  0      0 377800704      0 7982080    0    0     0     0 478824 340571 26  5 69  0  0
 5  0      0 377800480      0 7982084    0    0     0     0 464330 364461 27  5 68  0  0
41  0      0 377803136      0 7982084    0    0     0     0 502949 353580 28  5 67  0  0
79  0      0 377802688      0 7982084    0    0     0     0 590326 370152 28  5 66  0  0
95  0      0 377799744      0 7982084    0    0     0     0 628396 502669 33  7 59  0  0
128  0      0 377787456      0 7982084    0    0     0     0 645746 516694 35  8 57  0  0
 5  0      0 377803488      0 7982084    0    0     0     0 444223 314474 25  4 71  0  0
10  0      0 377802208      0 7982084    0    0     0     0 502267 348249 27  5 68  0  0
 2  0      0 377797888      0 7982084    0    0     0     0 504223 362802 27  5 68  0  0
 6  0      0 377794976      0 7982084    0    0     0     0 451715 311940 26  4 70  0  0
 0  0      0 377942688      0 7982084    0    0     0     0 236315 130533 10  3 88  0  0
 1  0      0 377943232      0 7982084    0    0     0     0   76   78  0  0 100  0  0
91  0      0 377794272      0 7981892    0    0     0     0 161291 173523 21  3 76  0  0
 2  0      0 377780320      0 7981892    0    0     0     0 456564 420760 42 10 48  0  0
60  0      0 377784288      0 7981892    0    0     0     0 1065577 426106 44 12 44  0  0
43  0      0 377765024      0 7981892    0    0     0     0 532169 380192 37  8 55  0  0
31  0      0 377773600      0 7981892    0    0     0     0 523955 475640 37  8 55  0  0
 7  0      0 377778624      0 7981892    0    0     0     0 804056 337974 29  6 64  0  0
141  0      0 377785568      0 7981892    0    0     0     0 326464 289567 26  4 70  0  0
procs -----------memory---------- ---swap-- -----io---- -system-- ------cpu-----
 r  b   swpd   free   buff  cache   si   so    bi    bo   in   cs us sy id wa st
169  0      0 377781088      0 7981892    0    0     0     0 463171 495779 39  8 53  0  0
 3  0      0 377792128      0 7981892    0    0     0     0 471550 385263 31  6 64  0  0
13  0      0 377786176      0 7981892    0    0     0     0 710483 332303 29  7 65  0  0
 2  0      0 377779552      0 7981892    0    0     0     0 537224 477895 38  8 54  0  0
 2  0      0 377782528      0 7981892    0    0     0     0 449524 314796 28  5 67  0  0
96  0      0 377786592      0 7981892    0    0     0     0 338711 331051 27  5 67  0  0
 5  0      0 377783104      0 7981892    0    0     0     0 932649 376993 31  7 61  0  0
 5  0      0 377790496      0 7981892    0    0     0     0 333054 300262 26  5 69  0  0
39  0      0 377790912      0 7981892    0    0     0     0 360199 314859 27  4 68  0  0
 6  0      0 377776352      0 7981892    0    0     0     0 471820 404145 32  7 61  0  0
87  0      0 377784288      0 7981892    0    0     0     0 881391 325265 28  6 66  0  0
109  0      0 377782080      0 7981892    0    0     0     0 515381 470076 35  8 57  0  0
87  0      0 377784928      0 7981892    0    0     0     0 465097 348519 30  5 64  0  0
186  0      0 377790432      0 7981892    0    0     0     0 403225 384048 32  6 62  0  0
 4  0      0 377774880      0 7981892    0    0     0     0 524284 447604 35  7 58  0  0
95  0      0 377788352      0 7981892    0    0     0     0 399842 321414 29  5 67  0  0
 1  0      0 377789920      0 7981892    0    0     0     0 604154 309832 26  5 68  0  0
119  0      0 377783552      0 7981892    0    0     0     0 461954 345703 31  5 64  0  0
 1  0      0 377787616      0 7981892    0    0     0     0 390351 333987 28  5 67  0  0
166  0      0 377786688      0 7981892    0    0     0     0 542871 309125 27  5 68  0  0
 5  0      0 377781856      0 7981892    0    0     0     0 396103 308404 27  4 69  0  0
procs -----------memory---------- ---swap-- -----io---- -system-- ------cpu-----
 r  b   swpd   free   buff  cache   si   so    bi    bo   in   cs us sy id wa st
28  0      0 377790336      0 7981892    0    0     0     0 420036 381442 30  6 63  0  0
154  0      0 377785888      0 7981892    0    0     0     0 454931 393927 33  6 61  0  0
154  0      0 377777856      0 7981896    0    0     0     0 538959 510559 39  9 52  0  0
70  0      0 377777696      0 7981896    0    0     0     0 514908 479233 39  8 52  0  0
 3  0      0 377767488      0 7981896    0    0     0     0 706075 442052 34  7 58  0  0
166  0      0 377762336      0 7981896    0    0     0     0 667772 514509 37  9 54  0  0
 8  0      0 377777312      0 7981896    0    0     0     0 504203 382044 33  6 61  0  0
 7  0      0 377771104      0 7981896    0    0     0     0 539637 417062 33  7 59  0  0
194  0      0 377773984      0 7981896    0    0     0     0 484862 455585 36  8 57  0  0
166  0      0 377776896      0 7981896    0    0     0     0 564777 478177 38  8 54  0  0
190  0      0 377775552      0 7981896    0    0     0     0 588425 435358 34  7 59  0  0
97  0      0 377771072      0 7981896    0    0     0     0 576661 498438 37  8 55  0  0
109  0      0 377779424      0 7981896    0    0     0     0 446296 317608 27  5 68  0  0
44  0      0 377775456      0 7981896    0    0     0     0 513272 317901 27  6 68  0  0
 2  0      0 377772160      0 7981896    0    0     0     0 504864 426930 34  7 58  0  0
 2  0      0 377776320      0 7981896    0    0     0     0 499378 330460 29  5 66  0  0
33  0      0 377779648      0 7981896    0    0     0     0 504589 345950 29  6 65  0  0
 3  0      0 377785088      0 7981896    0    0     0     0 415552 327248 30  5 65  0  0
 2  0      0 377769440      0 7981896    0    0     0     0 604170 482191 37  8 55  0  0
175  0      0 377770592      0 7981896    0    0     0     0 663765 478497 37  8 54  0  0
126  0      0 377776576      0 7981896    0    0     0     0 462802 370712 32  6 62  0  0
procs -----------memory---------- ---swap-- -----io---- -system-- ------cpu-----
 r  b   swpd   free   buff  cache   si   so    bi    bo   in   cs us sy id wa st
131  0      0 377786208      0 7981896    0    0     0     0 408028 288764 27  4 69  0  0
53  0      0 377784256      0 7981896    0    0     0     0 442853 298144 27  4 69  0  0
39  0      0 377783296      0 7981896    0    0     0     0 447933 365352 31  6 63  0  0
37  0      0 377778112      0 7981896    0    0     0     0 571325 502663 39  8 53  0  0
33  0      0 377778240      0 7981896    0    0     0     0 554873 505533 38  9 53  0  0
 4  0      0 377793440      0 7981896    0    0     0     0 476865 385514 31  6 63  0  0
 3  0      0 377797696      0 7981896    0    0     0     0 419284 309829 27  4 69  0  0
127  0      0 377793856      0 7981896    0    0     0     0 366934 283197 25  4 71  0  0
86  0      0 377791680      0 7981896    0    0     0     0 396407 303313 27  5 68  0  0
 8  0      0 377776160      0 7981896    0    0     0     0 409320 320511 28  5 67  0  0
47  0      0 377791680      0 7981896    0    0     0     0 383484 303615 27  5 69  0  0
 0  0      0 377957088      0 7981896    0    0     0     0 94706 85614  7  1 92  0  0
 0  0      0 377960960      0 7981896    0    0     0     0  302  613  0  0 100  0  0
179  0      0 377761440      0 7981896    0    0     0     0 194971 234043 28  5 67  0  0
154  0      0 377769664      0 7982168    0    0     0     0 461446 384522 45 10 45  0  0
 5  0      0 377767328      0 7982168    0    0     0     0 1118044 339414 41 11 49  0  0
 5  0      0 377764064      0 7982168    0    0     0     0 482335 349098 38  8 54  0  0
24  0      0 377764160      0 7982168    0    0     0     0 291741 265022 24  4 72  0  0
149  0      0 377759968      0 7982168    0    0     0     0 590886 285589 26  5 69  0  0
158  0      0 377760128      0 7982168    0    0     0     0 309155 285352 26  5 70  0  0
 5  0      0 377774048      0 7982168    0    0     0     0 331211 293598 26  5 69  0  0
procs -----------memory---------- ---swap-- -----io---- -system-- ------cpu-----
 r  b   swpd   free   buff  cache   si   so    bi    bo   in   cs us sy id wa st
 6  0      0 377775424      0 7982168    0    0     0     0 315246 314945 28  5 67  0  0
 7  0      0 377769088      0 7982168    0    0     0     0 714776 288525 27  6 67  0  0
 2  0      0 377773664      0 7982168    0    0     0     0 296832 285396 25  4 71  0  0
47  0      0 377770016      0 7982172    0    0     0     0 333630 276011 25  4 71  0  0
 6  0      0 377763968      0 7982172    0    0     0     0 391744 372316 33  6 61  0  0
101  0      0 377764288      0 7982172    0    0     0     0 716903 350880 30  7 63  0  0
 5  0      0 377771936      0 7982172    0    0     0     0 333647 283975 26  4 70  0  0
109  0      0 377775360      0 7982172    0    0     0     0 278331 293234 26  5 69  0  0
 4  0      0 377783296      0 7982172    0    0     0     0 318960 286963 26  5 69  0  0
10  0      0 377792576      0 7982172    0    0     0     0 341671 313324 28  5 66  0  0
 2  0      0 377791968      0 7982172    0    0     0     0 309275 282162 26  4 70  0  0
 2  0      0 377783552      0 7982172    0    0     0     0 564147 288966 25  5 70  0  0
 1  0      0 377778208      0 7982172    0    0     0     0 382876 299276 27  5 68  0  0
 4  0      0 377781312      0 7982172    0    0     0     0 304915 279843 27  4 69  0  0
 6  0      0 377784832      0 7982172    0    0     0     0 433588 283800 26  5 69  0  0
111  0      0 377770976      0 7982172    0    0     0     0 471351 397485 35  8 57  0  0
185  0      0 377767872      0 7982172    0    0     0     0 493818 456876 37  9 55  0  0
 6  0      0 377763840      0 7982172    0    0     0     0 503418 464031 40 10 50  0  0
177  0      0 377778592      0 7982172    0    0     0     0 346464 299375 27  5 68  0  0
39  0      0 377785792      0 7982172    0    0     0     0 288429 299363 27  5 68  0  0
 7  0      0 377778432      0 7982172    0    0     0     0 481487 273815 25  4 71  0  0
procs -----------memory---------- ---swap-- -----io---- -system-- ------cpu-----
 r  b   swpd   free   buff  cache   si   so    bi    bo   in   cs us sy id wa st
 6  0      0 377785024      0 7982172    0    0     0     0 267893 295708 27  5 69  0  0
104  0      0 377791936      0 7982172    0    0     0     0 302207 280572 25  4 70  0  0
172  0      0 377793312      0 7982172    0    0     0     0 470242 289698 26  5 69  0  0
160  0      0 377782144      0 7982172    0    0     0     0 382288 322721 29  5 66  0  0
 5  0      0 377784000      0 7982172    0    0     0     0 307820 280262 25  4 71  0  0
25  0      0 377783776      0 7982172    0    0     0     0 324756 298901 28  5 67  0  0
121  0      0 377781728      0 7982172    0    0     0     0 492082 299261 27  5 68  0  0
 2  0      0 377784192      0 7982172    0    0     0     0 247064 272148 24  4 73  0  0
152  0      0 377787168      0 7982172    0    0     0     0 375216 305307 28  4 67  0  0
 4  0      0 377779008      0 7982172    0    0     0     0 491945 297786 28  6 66  0  0
84  0      0 377781792      0 7982172    0    0     0     0 299319 283215 26  4 70  0  0
 4  0      0 377784768      0 7982172    0    0     0     0 297399 298321 26  4 69  0  0
 2  0      0 377780032      0 7982172    0    0     0     0 482101 346271 29  6 65  0  0
10  0      0 377778144      0 7982172    0    0     0     0 501439 409661 34  7 59  0  0
 1  0      0 377787136      0 7982172    0    0     0     0 251907 261254 23  4 73  0  0
 4  0      0 377782912      0 7982172    0    0     0     0 429412 281325 26  5 69  0  0
 8  0      0 377777792      0 7982172    0    0     0     0 422807 362720 33  6 61  0  0
138  0      0 377776544      0 7982172    0    0     0     0 407159 359582 31  6 63  0  0
 6  0      0 377773760      0 7982172    0    0     0     0 494871 439849 37  9 54  0  0
 5  0      0 377779552      0 7982172    0    0     0     0 413853 333270 31  6 63  0  0
143  0      0 377781344      0 7982172    0    0     0     0 390369 338177 30  6 64  0  0
procs -----------memory---------- ---swap-- -----io---- -system-- ------cpu-----
 r  b   swpd   free   buff  cache   si   so    bi    bo   in   cs us sy id wa st
89  0      0 377766976      0 7982172    0    0     0     0 432724 401413 34  7 58  0  0
193  0      0 377771104      0 7982172    0    0     0     0 524821 434324 36  8 55  0  0
165  0      0 377764160      0 7982172    0    0     0     0 485062 459820 39  9 51  0  0
201  0      0 377772256      0 7982176    0    0     0     0 441733 411183 35  7 58  0  0
176  0      0 377763584      0 7982176    0    0     0     0 497613 444910 37  8 56  0  0
42  0      0 377781216      0 7982176    0    0     0     0 338287 295823 26  5 70  0  0
 5  0      0 377783872      0 7982176    0    0     0     0 303750 262006 24  4 72  0  0
36  0      0 377788800      0 7982176    0    0     0     0 235238 249689 22  4 74  0  0
 4  0      0 377788032      0 7982176    0    0     0     0 264315 273300 25  4 71  0  0
 6  0      0 377802176      0 7982176    0    0     0     0 282811 293834 27  5 68  0  0
 0  0      0 377981120      0 7982176    0    0     0     0 87941 75279  7  1 92  0  0
 0  0      0 377982592      0 7982176    0    0     0     0  307  189  0  0 100  0  0
 2  0      0 377842464      0 7981952    0    0     0     0 202454 181756 27  5 68  0  0
 2  0      0 377833536      0 7982048    0    0     0     0 409643 296405 42  8 50  0  0
149  0      0 377817504      0 7982048    0    0     0     0 1437715 280883 39 11 50  0  0
 4  0      0 377808672      0 7982048    0    0     0     0 427812 236545 32  6 62  0  0
149  0      0 377815008      0 7982048    0    0     0     0 253244 254438 26  4 71  0  0
128  0      0 377805504      0 7982048    0    0     0     0 493064 252545 26  5 69  0  0
 8  0      0 377810272      0 7982048    0    0     0     0 245671 252511 25  3 71  0  0
 5  0      0 377813504      0 7982048    0    0     0     0 265136 255849 25  5 70  0  0
77  0      0 377813216      0 7982048    0    0     0     0 452705 250085 25  4 71  0  0
procs -----------memory---------- ---swap-- -----io---- -system-- ------cpu-----
 r  b   swpd   free   buff  cache   si   so    bi    bo   in   cs us sy id wa st
117  0      0 377813504      0 7982048    0    0     0     0 289512 273345 27  4 69  0  0
 2  0      0 377821568      0 7982048    0    0     0     0 232690 242630 24  4 72  0  0
 5  0      0 377811552      0 7982048    0    0     0     0 427965 266327 27  5 68  0  0
109  0      0 377808480      0 7982048    0    0     0     0 227279 238289 25  4 72  0  0
 3  0      0 377822336      0 7982048    0    0     0     0 258690 255112 26  5 69  0  0
 2  0      0 377824128      0 7982048    0    0     0     0 234286 256055 27  4 69  0  0
 4  0      0 377817408      0 7982048    0    0     0     0 342284 244746 27  4 69  0  0
24  0      0 377818336      0 7982048    0    0     0     0 246894 284173 28  5 68  0  0
111  0      0 377824640      0 7982048    0    0     0     0 268023 244680 26  4 69  0  0
 4  0      0 377829632      0 7982048    0    0     0     0 231381 244768 24  4 72  0  0
101  0      0 377813088      0 7982048    0    0     0     0 461532 272639 28  6 67  0  0
 7  0      0 377816960      0 7982048    0    0     0     0 248285 239982 24  4 72  0  0
131  0      0 377821248      0 7982048    0    0     0     0 242791 252514 26  4 70  0  0
 5  0      0 377835840      0 7982048    0    0     0     0 354325 266454 27  5 68  0  0
136  0      0 377821056      0 7982048    0    0     0     0 225985 239012 25  4 72  0  0
63  0      0 377822720      0 7982048    0    0     0     0 232573 241014 24  4 72  0  0
53  0      0 377832512      0 7982048    0    0     0     0 312143 248603 27  5 69  0  0
143  0      0 377822720      0 7982048    0    0     0     0 275326 253473 26  5 69  0  0
 4  0      0 377834272      0 7982048    0    0     0     0 213893 260645 25  4 70  0  0
 6  0      0 377834560      0 7982048    0    0     0     0 270284 253072 27  4 69  0  0
 2  0      0 377837440      0 7982048    0    0     0     0 300502 259713 26  4 69  0  0
procs -----------memory---------- ---swap-- -----io---- -system-- ------cpu-----
 r  b   swpd   free   buff  cache   si   so    bi    bo   in   cs us sy id wa st
141  0      0 377823776      0 7982048    0    0     0     0 371530 353768 36  7 57  0  0
117  0      0 377830880      0 7982048    0    0     0     0 291149 275192 28  5 67  0  0
 2  0      0 377827296      0 7982048    0    0     0     0 442701 370146 36  8 57  0  0
14  0      0 377816352      0 7982052    0    0     0     0 418362 397696 36  8 56  0  0
 7  0      0 377817088      0 7982052    0    0     0     0 368410 317383 33  6 62  0  0
 5  0      0 377831456      0 7982052    0    0     0     0 267867 252377 24  4 72  0  0
 2  0      0 377832480      0 7982052    0    0     0     0 248873 258717 25  4 71  0  0
 5  0      0 377834752      0 7982052    0    0     0     0 238005 248407 25  4 71  0  0
 7  0      0 377837696      0 7982084    0    0     0     0 205632 249184 26  5 69  0  0
 5  0      0 377847616      0 7982084    0    0     0     0 245028 261926 25  5 70  0  0
 4  0      0 377850656      0 7982084    0    0     0     0 253993 240898 24  4 72  0  0
11  0      0 377842848      0 7982084    0    0     0     0 345837 326189 32  7 61  0  0
39  0      0 377846176      0 7982084    0    0     0     0 286671 272802 28  5 67  0  0
 2  0      0 377852640      0 7982084    0    0     0     0 230494 252097 25  4 71  0  0
 4  0      0 377859680      0 7982084    0    0     0     0 219415 239916 24  4 71  0  0
152  0      0 377841600      0 7982084    0    0     0     0 435263 380141 37  8 55  0  0
 6  0      0 377832704      0 7982084    0    0     0     0 356947 292034 29  6 65  0  0
47  0      0 377831680      0 7982084    0    0     0     0 279788 262850 27  5 68  0  0
 9  0      0 377834784      0 7982084    0    0     0     0 215209 253591 23  4 73  0  0
26  0      0 377848224      0 7982084    0    0     0     0 235662 252046 25  4 71  0  0
 7  0      0 377850048      0 7982084    0    0     0     0 220251 254587 26  4 70  0  0
procs -----------memory---------- ---swap-- -----io---- -system-- ------cpu-----
 r  b   swpd   free   buff  cache   si   so    bi    bo   in   cs us sy id wa st
96  0      0 377856288      0 7982084    0    0     0     0 236165 253103 26  4 70  0  0
 5  0      0 377855520      0 7982088    0    0     0     0 295161 304184 30  5 65  0  0
135  0      0 377856736      0 7982088    0    0     0     0 217862 241386 24  4 72  0  0
105  0      0 377858112      0 7982088    0    0     0     0 294962 260282 26  5 70  0  0
 2  0      0 377855616      0 7982088    0    0     0     0 267032 265560 28  4 68  0  0
 2  0      0 377850752      0 7982088    0    0     0     0 364286 317986 32  6 61  0  0
 3  0      0 377843072      0 7982088    0    0     0     0 372652 373771 36  8 56  0  0
89  0      0 377848832      0 7982088    0    0     0     0 320341 313469 30  5 65  0  0
161  0      0 377857952      0 7982088    0    0     0     0 223780 251954 24  4 72  0  0
 1  0      0 378012096      0 7982088    0    0     0     0 42778 51795  5  1 95  0  0
 0  0      0 378013056      0 7981928    0    0     0     0  334  573  0  0 100  0  0
123  0      0 377821920      0 7981960    0    0     0     0 206435 183195 30  5 65  0  0
 5  0      0 377830624      0 7982120    0    0     0     0 344010 248628 41  6 53  0  0
 2  0      0 377807904      0 7982120    0    0     0     0 1030251 218327 33  8 58  0  0
 5  0      0 377797696      0 7982120    0    0     0     0 378357 239344 37  6 57  0  0
 4  0      0 377792064      0 7982120    0    0     0     0 257162 243732 26  5 69  0  0
66  0      0 377777952      0 7982120    0    0     0     0 570863 222188 24  6 70  0  0
197  0      0 377779520      0 7982120    0    0     0     0 202573 221695 25  4 71  0  0
 4  0      0 377788448      0 7982120    0    0     0     0 189863 243767 27  4 69  0  0
 4  0      0 377803552      0 7982120    0    0     0     0 234623 239483 28  5 68  0  0
 4  0      0 377797824      0 7982120    0    0     0     0 523204 225721 25  5 71  0  0
procs -----------memory---------- ---swap-- -----io---- -system-- ------cpu-----
 r  b   swpd   free   buff  cache   si   so    bi    bo   in   cs us sy id wa st
168  0      0 377800224      0 7982120    0    0     0     0 192988 211798 24  3 73  0  0
108  0      0 377798080      0 7982120    0    0     0     0 269853 241893 28  4 68  0  0
115  0      0 377790656      0 7982120    0    0     0     0 472593 234392 24  5 71  0  0
73  0      0 377790400      0 7982120    0    0     0     0 235335 229795 25  4 71  0  0
159  0      0 377798336      0 7982124    0    0     0     0 175569 218467 23  3 74  0  0
 3  0      0 377805856      0 7982124    0    0     0     0 438136 240539 26  5 69  0  0
93  0      0 377808384      0 7982124    0    0     0     0 246549 217409 25  4 71  0  0
41  0      0 377808480      0 7982124    0    0     0     0 215522 226738 24  4 73  0  0
 2  0      0 377803040      0 7982124    0    0     0     0 444388 280306 32  6 62  0  0
123  0      0 377790624      0 7982124    0    0     0     0 241257 246875 28  4 68  0  0
99  0      0 377787264      0 7982124    0    0     0     0 301303 255589 29  5 66  0  0
20  0      0 377795456      0 7982124    0    0     0     0 256773 250382 29  4 67  0  0
 4  0      0 377802336      0 7982124    0    0     0     0 290411 236445 26  4 70  0  0
 6  0      0 377799520      0 7982124    0    0     0     0 241846 237222 25  4 70  0  0
120  0      0 377809216      0 7982124    0    0     0     0 218466 236460 26  4 70  0  0
110  0      0 377813376      0 7982124    0    0     0     0 226814 244619 26  4 70  0  0
 6  0      0 377805984      0 7982124    0    0     0     0 336715 259017 29  5 66  0  0
 2  0      0 377809536      0 7982124    0    0     0     0 230454 249698 29  4 67  0  0
 2  0      0 377822112      0 7982124    0    0     0     0 193682 230499 25  4 71  0  0
161  0      0 377822944      0 7982124    0    0     0     0 279456 219172 24  4 72  0  0
 4  0      0 377814464      0 7982124    0    0     0     0 252327 249782 28  5 67  0  0
procs -----------memory---------- ---swap-- -----io---- -system-- ------cpu-----
 r  b   swpd   free   buff  cache   si   so    bi    bo   in   cs us sy id wa st
135  0      0 377815680      0 7982124    0    0     0     0 213917 230640 26  4 70  0  0
 7  0      0 377819904      0 7982124    0    0     0     0 204804 230200 25  4 70  0  0
 7  0      0 377816992      0 7982124    0    0     0     0 321380 229852 27  5 69  0  0
145  0      0 377813472      0 7982124    0    0     0     0 210434 228569 25  4 71  0  0
108  0      0 377810496      0 7982124    0    0     0     0 251453 243175 28  5 68  0  0
 6  0      0 377809792      0 7982124    0    0     0     0 235181 219914 25  4 71  0  0
135  0      0 377802848      0 7982124    0    0     0     0 315083 297437 36  8 56  0  0
 5  0      0 377810336      0 7982124    0    0     0     0 185343 225501 24  4 72  0  0
136  0      0 377816256      0 7982124    0    0     0     0 197677 202263 23  3 74  0  0
 3  0      0 377817344      0 7982124    0    0     0     0 343951 254553 29  6 65  0  0
88  0      0 377818688      0 7982124    0    0     0     0 219748 223446 26  4 71  0  0
15  0      0 377804832      0 7982124    0    0     0     0 237547 226691 25  5 71  0  0
51  0      0 377807936      0 7982124    0    0     0     0 230863 225826 24  4 72  0  0
 4  0      0 377799104      0 7982124    0    0     0     0 321677 233161 27  4 69  0  0
 3  0      0 377812992      0 7982124    0    0     0     0 227086 232695 28  5 67  0  0
64  0      0 377813408      0 7982124    0    0     0     0 225265 227439 26  4 70  0  0
162  0      0 377817728      0 7982124    0    0     0     0 299561 230512 27  4 69  0  0
 5  0      0 377823488      0 7982124    0    0     0     0 248162 231201 27  5 69  0  0
94  0      0 377820064      0 7982124    0    0     0     0 237185 247207 28  4 67  0  0
 5  0      0 377818496      0 7982124    0    0     0     0 267956 231148 26  4 69  0  0
102  0      0 377826688      0 7982124    0    0     0     0 209173 229299 27  4 69  0  0
procs -----------memory---------- ---swap-- -----io---- -system-- ------cpu-----
 r  b   swpd   free   buff  cache   si   so    bi    bo   in   cs us sy id wa st
 2  0      0 377819584      0 7982124    0    0     0     0 177979 239795 26  4 70  0  0
96  0      0 377834240      0 7982124    0    0     0     0 245328 237562 28  5 67  0  0
125  0      0 377827424      0 7982124    0    0     0     0 237160 225756 25  4 71  0  0
 1  0      0 377836544      0 7982124    0    0     0     0 222366 242201 27  5 68  0  0
 4  0      0 377834016      0 7982128    0    0     0     0 198421 223641 27  4 69  0  0
 1  0      0 377839968      0 7982128    0    0     0     0 245658 254755 29  5 67  0  0
95  0      0 377822080      0 7982128    0    0     0     0 218089 285364 30  6 65  0  0
120  0      0 377843040      0 7982128    0    0     0     0 203563 230616 26  4 70  0  0
 1  0      0 378032064      0 7982128    0    0     0     0 29900 26720  3  1 96  0  0
 0  0      0 378032896      0 7982128    0    0     0     0  105   88  0  0 100  0  0
 5  0      0 377801408      0 7981940    0    0     0     0 198582 176468 31  3 66  0  0
139  0      0 377785760      0 7982068    0    0     0     0 290166 201653 36  4 60  0  0
 7  0      0 377760288      0 7982100    0    0     0     0 1313672 219537 36  9 54  0  0
148  0      0 377748800      0 7982100    0    0     0     0 413018 225293 38  7 55  0  0
139  0      0 377747584      0 7982100    0    0     0     0 231864 221626 29  5 66  0  0
161  0      0 377747584      0 7982100    0    0     0     0 403092 198039 24  4 72  0  0
113  0      0 377739744      0 7982100    0    0     0     0 234162 212123 26  3 70  0  0
179  0      0 377746592      0 7982100    0    0     0     0 183709 198438 25  4 71  0  0
 2  0      0 377757280      0 7982100    0    0     0     0 175797 212259 27  4 69  0  0
 3  0      0 377773920      0 7982100    0    0     0     0 167141 207728 24  3 73  0  0
160  0      0 377763488      0 7982100    0    0     0     0 477123 220360 26  5 69  0  0
procs -----------memory---------- ---swap-- -----io---- -system-- ------cpu-----
 r  b   swpd   free   buff  cache   si   so    bi    bo   in   cs us sy id wa st
 2  0      0 377746592      0 7982100    0    0     0     0 199375 225218 28  4 68  0  0
 4  0      0 377752800      0 7982100    0    0     0     0 205732 193670 26  3 70  0  0
 7  0      0 377757248      0 7982100    0    0     0     0 462975 205590 24  5 71  0  0
144  0      0 377742144      0 7982100    0    0     0     0 181785 192219 24  4 72  0  0
 2  0      0 377739328      0 7982100    0    0     0     0 177883 210697 27  4 69  0  0
 6  0      0 377756288      0 7982100    0    0     0     0 180008 217218 25  4 71  0  0
139  0      0 377749120      0 7982100    0    0     0     0 400836 202015 24  4 72  0  0
 5  0      0 377747808      0 7982100    0    0     0     0 169303 200447 26  4 71  0  0
 5  0      0 377763904      0 7982100    0    0     0     0 177247 195229 23  4 73  0  0
 6  0      0 377753824      0 7982100    0    0     0     0 390601 192675 23  5 72  0  0
 4  0      0 377745088      0 7982100    0    0     0     0 220550 229678 27  5 68  0  0
31  0      0 377749152      0 7982100    0    0     0     0 161955 199322 24  4 72  0  0
146  0      0 377762496      0 7982100    0    0     0     0 172647 202454 25  3 72  0  0
149  0      0 377752864      0 7982100    0    0     0     0 403195 201953 25  5 70  0  0
 2  0      0 377748928      0 7982100    0    0     0     0 228740 203834 25  4 71  0  0
194  0      0 377740896      0 7982100    0    0     0     0 199726 206864 26  4 70  0  0
150  0      0 377753312      0 7982100    0    0     0     0 173034 187424 23  4 74  0  0
 4  0      0 377740160      0 7982100    0    0     0     0 380993 212018 23  5 72  0  0
27  0      0 377748736      0 7982100    0    0     0     0 190816 229200 28  4 68  0  0
198  0      0 377758656      0 7982100    0    0     0     0 213069 215912 28  4 68  0  0
 2  0      0 377753376      0 7982136    0    0     0     0 403242 250532 28  6 66  0  0
procs -----------memory---------- ---swap-- -----io---- -system-- ------cpu-----
 r  b   swpd   free   buff  cache   si   so    bi    bo   in   cs us sy id wa st
13  0      0 377754464      0 7982100    0    0     0     0 176636 214384 26  4 71  0  0
 5  0      0 377771328      0 7982100    0    0     0     0 168997 198559 22  3 75  0  0
139  0      0 377763776      0 7982100    0    0     0     0 276406 208042 25  4 71  0  0
 4  0      0 377765504      0 7982100    0    0     0     0 168544 212858 24  3 73  0  0
 5  0      0 377767488      0 7982104    0    0     0     0 185668 217612 25  4 71  0  0
64  0      0 377762560      0 7982104    0    0     0     0 418132 242572 30  6 65  0  0
33  0      0 377753888      0 7982104    0    0     0     0 220069 215451 28  5 67  0  0
62  0      0 377756288      0 7982104    0    0     0     0 172550 199423 22  4 74  0  0
158  0      0 377747136      0 7982104    0    0     0     0 544059 256381 31  7 62  0  0
 2  0      0 377747712      0 7982104    0    0     0     0 284091 224686 26  4 70  0  0
 4  0      0 377753728      0 7982104    0    0     0     0 187877 198248 23  4 72  0  0
195  0      0 377766464      0 7982104    0    0     0     0 255179 217083 25  4 71  0  0
 2  0      0 377759744      0 7982104    0    0     0     0 209799 211338 25  4 71  0  0
105  0      0 377767200      0 7982104    0    0     0     0 182091 200192 24  3 73  0  0
 2  0      0 377776800      0 7982108    0    0     0     0 589319 516202 24  4 71  0  0
 5  0      0 377777824      0 7982108    0    0     0     0 176209 197455 23  4 73  0  0
27  0      0 377774976      0 7982108    0    0     0     0 184168 206477 26  4 71  0  0
108  0      0 377775040      0 7982108    0    0     0     0 299379 213702 24  4 72  0  0
95  0      0 377775744      0 7982108    0    0     0     0 190411 202574 25  4 71  0  0
 1  0      0 377785312      0 7982108    0    0     0     0 181419 223064 24  4 72  0  0
197  0      0 377779328      0 7982108    0    0     0     0 200383 214860 29  5 67  0  0
procs -----------memory---------- ---swap-- -----io---- -system-- ------cpu-----
 r  b   swpd   free   buff  cache   si   so    bi    bo   in   cs us sy id wa st
 4  0      0 377777216      0 7982108    0    0     0     0 317958 232445 26  5 69  0  0
 7  0      0 377774592      0 7982108    0    0     0     0 228043 244535 29  5 66  0  0
 5  0      0 377787328      0 7982108    0    0     0     0 180204 196819 22  4 74  0  0
118  0      0 377776864      0 7982108    0    0     0     0 293615 199097 23  4 72  0  0
163  0      0 377780288      0 7982108    0    0     0     0 197306 215369 26  4 71  0  0
 0  0      0 378017216      0 7981884    0    0     0     0 127858 130234 15  3 83  0  0
 0  0      0 378017920      0 7981884    0    0     0     0  519  685  0  0 100  0  0
