procs -----------memory---------- ---swap-- -----io---- -system-- ------cpu-----
 r  b   swpd   free   buff  cache   si   so    bi    bo   in   cs us sy id wa st
 0  0      0 378047552      0 7981888    0    0     0     0    0    0  0  0 100  0  0
27  0      0 378005984      0 7981892    0    0     0     0 56986 52457  1  0 98  0  0
37  0      0 378004576      0 7982236    0    0     0     0 39412 39004  1  0 99  0  0
52  0      0 377992768      0 7982240    0    0     0     0 458838 301971  9  4 88  0  0
22  0      0 377984064      0 7982244    0    0     0     0 307038 200107  6  2 92  0  0
 1  0      0 377974752      0 7982244    0    0     0     0 533893 313855  9  4 87  0  0
 0  0      0 377952320      0 7982248    0    0     0     0 448559 353070  9  4 87  0  0
 8  0      0 377948352      0 7982252    0    0     0     0 389812 357310  8  4 87  0  0
20  0      0 377943040      0 7982252    0    0     0     0 469204 384182  9  5 86  0  0
32  0      0 377938496      0 7982252    0    0     0     0 441183 385958  9  4 86  0  0
 8  0      0 377934560      0 7982252    0    0     0     0 465530 409228 10  5 86  0  0
 0  0      0 377937856      0 7982252    0    0     0     0 42627 38916  1  0 99  0  0
 0  0      0 377938752      0 7982256    0    0     0     0  741  668  0  0 100  0  0
 0  0      0 377938784      0 7982256    0    0     0     0  397  613  0  0 100  0  0
 0  0      0 377938656      0 7982256    0    0     0     0  476  688  0  0 100  0  0
 0  0      0 377941696      0 7982260    0    0     0     0 1468 1641  0  0 100  0  0
 0  0      0 377943808      0 7982264    0    0     0     0  444  552  0  0 100  0  0
 1  0      0 377944320      0 7982268    0    0     0     0  510  602  0  0 100  0  0
 0  0      0 377948512      0 7982272    0    0     0     0 1125 1391  0  0 100  0  0
 0  0      0 377949376      0 7982280    0    0     0     0 1379  850  0  0 100  0  0
 0  0      0 377952608      0 7982280    0    0     0     0 7904 1315  0  0 100  0  0
procs -----------memory---------- ---swap-- -----io---- -system-- ------cpu-----
 r  b   swpd   free   buff  cache   si   so    bi    bo   in   cs us sy id wa st
 1  0      0 377940224      0 7981964    0    0     0     0 255542 184762  5  2 93  0  0
44  0      0 377946688      0 7981968    0    0     0     0 84343 75843  2  1 97  0  0
 1  0      0 377931488      0 7981968    0    0     0     0 482542 359807  9  4 86  0  0
31  0      0 377930176      0 7981972    0    0     0     0 436946 376565 10  4 86  0  0
23  0      0 377927488      0 7981972    0    0     0     0 479855 380769 10  4 86  0  0
10  0      0 377925472      0 7981972    0    0     0     0 446018 386135 10  4 86  0  0
 0  0      0 377923616      0 7981972    0    0     0     0 377612 343898  9  4 87  0  0
 0  0      0 377928640      0 7981976    0    0     0     0  599  784  0  0 100  0  0
 0  0      0 377929088      0 7981980    0    0     0     0  396  554  0  0 100  0  0
26  0      0 377923840      0 7981992    0    0     0     0 386380 268002  7  3 90  0  0
23  0      0 377918080      0 7981992    0    0     0     0 471915 394304 10  4 85  0  0
 3  0      0 377918016      0 7981992    0    0     0     0 522203 419145 10  5 85  0  0
 4  0      0 377916480      0 7981992    0    0     0     0 453464 404687 11  5 85  0  0
58  0      0 377914592      0 7981992    0    0     0     0 485796 391717 10  5 85  0  0
 3  0      0 377910656      0 7981992    0    0     0     0 484890 400366 10  5 85  0  0
69  0      0 377905408      0 7981992    0    0     0     0 1004724 878643 11  5 85  0  0
20  0      0 377911648      0 7981992    0    0     0     0 471403 412299 11  5 85  0  0
 1  0      0 377911456      0 7981992    0    0     0     0 502343 384531 10  4 85  0  0
62  0      0 377910048      0 7981992    0    0     0     0 477528 397221 10  4 85  0  0
66  0      0 377910144      0 7981992    0    0     0     0 454318 402687 10  4 85  0  0
 3  0      0 377907904      0 7981992    0    0     0     0 504109 401901 11  4 85  0  0
procs -----------memory---------- ---swap-- -----io---- -system-- ------cpu-----
 r  b   swpd   free   buff  cache   si   so    bi    bo   in   cs us sy id wa st
23  0      0 377910368      0 7981992    0    0     0     0 466948 401747 10  4 85  0  0
71  0      0 377908288      0 7981996    0    0     0     0 484556 389456 10  4 85  0  0
 1  0      0 377910304      0 7981996    0    0     0     0 465102 403002 10  4 85  0  0
28  0      0 377905760      0 7981996    0    0     0     0 460914 408980 11  4 85  0  0
 1  0      0 377905824      0 7982000    0    0     0     0 464889 381141 10  4 86  0  0
40  0      0 377907392      0 7982000    0    0     0     0 479916 410517 11  5 85  0  0
11  0      0 377901376      0 7982000    0    0     0     0 457916 415083 11  4 85  0  0
 6  0      0 377906240      0 7982000    0    0     0     0 475642 407471 11  4 85  0  0
23  0      0 377905088      0 7982000    0    0     0     0 483556 412175 11  4 85  0  0
17  0      0 377903904      0 7982004    0    0     0     0 434079 383473 10  4 86  0  0
 2  0      0 377901920      0 7982004    0    0     0     0 462986 406948 10  4 85  0  0
67  0      0 377905376      0 7982004    0    0     0     0 508631 403696 10  5 85  0  0
10  0      0 377902080      0 7982004    0    0     0     0 484810 406512 11  4 85  0  0
53  0      0 377899168      0 7982004    0    0     0     0 492640 399461 11  4 85  0  0
72  0      0 377903008      0 7982008    0    0     0     0 501934 415625 11  4 85  0  0
69  0      0 377902048      0 7982008    0    0     0     0 485691 404500 11  5 85  0  0
66  0      0 377905568      0 7982008    0    0     0     0 478408 376824 11  4 85  0  0
68  0      0 377906432      0 7982008    0    0     0     0 483459 392700 10  4 85  0  0
 1  0      0 377969472      0 7982008    0    0     0     0 294298 229197  6  2 92  0  0
 0  0      0 377968832      0 7982008    0    0     0     0  218  304  0  0 100  0  0
 1  0      0 377925824      0 7982008    0    0     0     0 154431 129963  4  1 95  0  0
procs -----------memory---------- ---swap-- -----io---- -system-- ------cpu-----
 r  b   swpd   free   buff  cache   si   so    bi    bo   in   cs us sy id wa st
42  0      0 377919744      0 7982008    0    0     0     0 519362 359263 11  4 85  0  0
59  0      0 377917120      0 7982008    0    0     0     0 521610 357061 12  4 84  0  0
 4  0      0 377871520      0 7982012    0    0     0     0 597594 361032 12  4 84  0  0
60  0      0 377882624      0 7982012    0    0     0     0 573084 446455 13  5 82  0  0
19  0      0 377881600      0 7982012    0    0     0     0 540926 454207 13  5 82  0  0
67  0      0 377880800      0 7982012    0    0     0     0 676213 465792 12  5 82  0  0
 4  0      0 377881920      0 7982012    0    0     0     0 560109 439244 13  5 83  0  0
 1  0      0 377882944      0 7982012    0    0     0     0 582710 456678 13  5 82  0  0
74  0      0 377879488      0 7982012    0    0     0     0 567625 526855 13  6 81  0  0
58  0      0 377880000      0 7982012    0    0     0     0 587272 485791 13  6 81  0  0
17  0      0 377882944      0 7982016    0    0     0     0 599401 477637 13  5 82  0  0
87  0      0 377880352      0 7982020    0    0     0     0 642664 509361 13  6 81  0  0
64  0      0 377880928      0 7982020    0    0     0     0 625489 520290 14  6 80  0  0
39  0      0 377879552      0 7982020    0    0     0     0 780485 528116 13  7 80  0  0
53  0      0 377879776      0 7982024    0    0     0     0 641157 532621 13  7 80  0  0
 1  0      0 377872992      0 7982024    0    0     0     0 644844 531598 13  7 80  0  0
 3  0      0 377874464      0 7982024    0    0     0     0 639066 514906 13  6 81  0  0
 1  0      0 377874432      0 7982024    0    0     0     0 639206 507107 13  6 81  0  0
43  0      0 377878752      0 7982024    0    0     0     0 625857 503771 13  5 81  0  0
41  0      0 377875968      0 7982024    0    0     0     0 677278 530258 13  6 80  0  0
35  0      0 377880128      0 7982024    0    0     0     0 621986 487538 13  5 82  0  0
procs -----------memory---------- ---swap-- -----io---- -system-- ------cpu-----
 r  b   swpd   free   buff  cache   si   so    bi    bo   in   cs us sy id wa st
39  0      0 377876800      0 7982024    0    0     0     0 627569 498390 13  5 81  0  0
46  0      0 377874464      0 7982028    0    0     0     0 755642 497913 13  6 81  0  0
 3  0      0 377879008      0 7982028    0    0     0     0 647778 498437 13  6 81  0  0
68  0      0 377877216      0 7982028    0    0     0     0 630535 510646 13  6 81  0  0
34  0      0 377877056      0 7982028    0    0     0     0 631762 505570 13  6 81  0  0
 1  0      0 377876992      0 7982028    0    0     0     0 597272 462199 12  5 82  0  0
83  0      0 377878016      0 7982032    0    0     0     0 645241 500738 14  6 81  0  0
 1  0      0 377876896      0 7982032    0    0     0     0 638219 531256 13  6 80  0  0
44  0      0 377881088      0 7982032    0    0     0     0 645491 508716 14  6 81  0  0
21  0      0 377879488      0 7982032    0    0     0     0 678983 513173 14  6 81  0  0
26  0      0 377875168      0 7982032    0    0     0     0 647210 519802 14  6 80  0  0
11  0      0 377876064      0 7982216    0    0     0     0 627938 495622 13  6 81  0  0
39  0      0 377884064      0 7982216    0    0     0     0 596699 465231 14  5 81  0  0
59  0      0 377886656      0 7982216    0    0     0     0 632091 467677 14  5 81  0  0
 1  0      0 377881984      0 7982216    0    0     0     0 666371 522774 14  6 80  0  0
72  0      0 377881472      0 7982216    0    0     0     0 701193 554772 14  7 80  0  0
 1  0      0 377872352      0 7982216    0    0     0     0 624739 538328 14  6 80  0  0
40  0      0 377873440      0 7982216    0    0     0     0 659926 538506 13  7 80  0  0
68  0      0 377874400      0 7982216    0    0     0     0 662912 533667 13  7 80  0  0
13  0      0 377877888      0 7982216    0    0     0     0 657883 511495 13  6 80  0  0
34  0      0 377875776      0 7982216    0    0     0     0 669325 540203 14  7 80  0  0
procs -----------memory---------- ---swap-- -----io---- -system-- ------cpu-----
 r  b   swpd   free   buff  cache   si   so    bi    bo   in   cs us sy id wa st
 1  0      0 377872640      0 7982216    0    0     0     0 652721 544178 14  7 80  0  0
19  0      0 377879616      0 7982216    0    0     0     0 619024 542224 14  7 80  0  0
16  0      0 377879200      0 7982216    0    0     0     0 671903 549619 13  7 80  0  0
64  0      0 377874400      0 7982216    0    0     0     0 643490 544925 14  6 80  0  0
46  0      0 377878720      0 7982216    0    0     0     0 654983 535094 14  7 80  0  0
65  0      0 377876128      0 7982216    0    0     0     0 662465 533749 13  6 80  0  0
58  0      0 377876864      0 7982216    0    0     0     0 664083 545288 13  7 80  0  0
21  0      0 377874368      0 7982216    0    0     0     0 671974 533674 14  7 80  0  0
 1  0      0 377879616      0 7982216    0    0     0     0 664777 501144 14  6 80  0  0
50  0      0 377876480      0 7982216    0    0     0     0 662544 535655 13  7 80  0  0
46  0      0 377869888      0 7982216    0    0     0     0 665227 535834 13  7 80  0  0
30  0      0 377869824      0 7982216    0    0     0     0 636821 523506 13  6 81  0  0
77  0      0 377865152      0 7982216    0    0     0     0 673861 534680 13  7 80  0  0
 1  0      0 377874720      0 7982216    0    0     0     0 695917 519134 14  7 80  0  0
83  0      0 377876576      0 7982216    0    0     0     0 626009 520641 14  6 80  0  0
10  0      0 377873344      0 7982216    0    0     0     0 657239 547804 14  7 80  0  0
76  0      0 377876448      0 7982216    0    0     0     0 656358 517577 14  6 80  0  0
 0  0      0 377968640      0 7982216    0    0     0     0 342393 266423  6  3 90  0  0
 0  0      0 377968672      0 7982216    0    0     0     0  130   88  0  0 100  0  0
51  0      0 377933184      0 7982216    0    0     0     0 192441 175932  6  2 92  0  0
48  0      0 377921568      0 7982216    0    0     0     0 488197 406298 16  5 79  0  0
procs -----------memory---------- ---swap-- -----io---- -system-- ------cpu-----
 r  b   swpd   free   buff  cache   si   so    bi    bo   in   cs us sy id wa st
84  0      0 377919200      0 7982216    0    0     0     0 677760 418616 18  6 76  0  0
100  0      0 377916800      0 7982220    0    0     0     0 578674 424990 18  6 76  0  0
38  0      0 377854304      0 7982220    0    0     0     0 654898 494199 17  6 77  0  0
82  0      0 377875584      0 7982220    0    0     0     0 593319 497827 15  6 79  0  0
 3  0      0 377869216      0 7982220    0    0     0     0 809996 516678 16  6 78  0  0
42  0      0 377876640      0 7982220    0    0     0     0 582301 489135 15  5 79  0  0
78  0      0 377871936      0 7982220    0    0     0     0 579127 501216 16  6 79  0  0
12  0      0 377873984      0 7982220    0    0     0     0 667423 523319 16  6 79  0  0
60  0      0 377844352      0 7982220    0    0     0     0 619450 528257 16  6 78  0  0
 3  0      0 377845568      0 7982224    0    0     0     0 586050 470659 15  5 79  0  0
68  0      0 377839968      0 7982228    0    0     0     0 665972 510229 16  6 79  0  0
 3  0      0 377843776      0 7982228    0    0     0     0 661968 529539 16  6 78  0  0
61  0      0 377835040      0 7982228    0    0     0     0 653039 559474 16  7 78  0  0
43  0      0 377834144      0 7982228    0    0     0     0 665087 575501 16  8 76  0  0
48  0      0 377821216      0 7982228    0    0     0     0 701036 550597 16  7 77  0  0
45  0      0 377830560      0 7982228    0    0     0     0 665137 539484 16  7 78  0  0
 1  0      0 377820352      0 7982228    0    0     0     0 831419 595587 16  7 76  0  0
33  0      0 377825152      0 7982232    0    0     0     0 713803 602851 17  8 76  0  0
 1  0      0 377826816      0 7982232    0    0     0     0 706145 529357 17  6 77  0  0
83  0      0 377833888      0 7982232    0    0     0     0 696895 540414 17  6 77  0  0
 1  0      0 377828352      0 7982232    0    0     0     0 770047 577383 17  7 76  0  0
procs -----------memory---------- ---swap-- -----io---- -system-- ------cpu-----
 r  b   swpd   free   buff  cache   si   so    bi    bo   in   cs us sy id wa st
35  0      0 377828064      0 7982232    0    0     0     0 684765 590718 17  7 77  0  0
73  0      0 377833088      0 7982232    0    0     0     0 676092 562170 17  6 77  0  0
48  0      0 377835296      0 7982232    0    0     0     0 646283 552349 17  6 77  0  0
 1  0      0 377829184      0 7982232    0    0     0     0 676782 567859 16  7 77  0  0
17  0      0 377837792      0 7982232    0    0     0     0 657985 500735 16  6 79  0  0
67  0      0 377829600      0 7982232    0    0     0     0 676943 506088 16  6 78  0  0
66  0      0 377829504      0 7982236    0    0     0     0 727506 575967 16  7 77  0  0
82  0      0 377835168      0 7982236    0    0     0     0 654659 545407 17  6 77  0  0
49  0      0 377827552      0 7982236    0    0     0     0 702892 545097 16  7 77  0  0
 3  0      0 377827840      0 7982236    0    0     0     0 716242 563805 16  7 77  0  0
78  0      0 377831456      0 7982236    0    0     0     0 724357 543199 17  7 77  0  0
49  0      0 377833504      0 7982236    0    0     0     0 719524 566031 16  7 77  0  0
 0  0      0 377840960      0 7982988    0    0     0     0 590805 467944 15  5 79  0  0
68  0      0 377832960      0 7982972    0    0     0     0 659094 505201 16  6 78  0  0
33  0      0 377832512      0 7982972    0    0     0     0 665621 499849 16  5 78  0  0
 3  0      0 377831040      0 7982972    0    0     0     0 628726 511836 16  6 78  0  0
69  0      0 377833632      0 7982972    0    0     0     0 671775 506419 17  5 78  0  0
79  0      0 377832480      0 7982972    0    0     0     0 685102 535576 16  6 77  0  0
83  0      0 377832000      0 7982972    0    0     0     0 718673 568333 16  7 77  0  0
16  0      0 377833344      0 7982972    0    0     0     0 652067 529475 16  6 78  0  0
60  0      0 377835744      0 7982972    0    0     0     0 678658 492350 16  5 79  0  0
procs -----------memory---------- ---swap-- -----io---- -system-- ------cpu-----
 r  b   swpd   free   buff  cache   si   so    bi    bo   in   cs us sy id wa st
 8  0      0 377832896      0 7982972    0    0     0     0 665245 535550 16  6 78  0  0
79  0      0 377834944      0 7982976    0    0     0     0 651839 541865 17  6 77  0  0
72  0      0 377830976      0 7982976    0    0     0     0 687622 541285 16  6 78  0  0
77  0      0 377834208      0 7982976    0    0     0     0 657156 529531 17  6 77  0  0
 1  0      0 377830816      0 7982980    0    0     0     0 681520 524740 16  6 78  0  0
49  0      0 377830848      0 7982984    0    0     0     0 686511 518852 16  6 78  0  0
 1  0      0 377833408      0 7982984    0    0     0     0 685318 527488 16  6 78  0  0
59  0      0 377834848      0 7982984    0    0     0     0 654606 514111 16  6 78  0  0
22  0      0 377832992      0 7982984    0    0     0     0 646864 505230 16  5 78  0  0
 9  0      0 377829088      0 7982984    0    0     0     0 675988 538516 16  6 78  0  0
19  0      0 377830496      0 7982984    0    0     0     0 746369 561487 16  7 77  0  0
 1  0      0 377826848      0 7982984    0    0     0     0 665886 516932 17  5 78  0  0
21  0      0 377831264      0 7982984    0    0     0     0 680394 556383 17  6 77  0  0
 5  0      0 377826944      0 7982984    0    0     0     0 697162 563411 17  6 77  0  0
 3  0      0 377830880      0 7982984    0    0     0     0 666030 533878 17  6 78  0  0
75  0      0 377831296      0 7982984    0    0     0     0 666266 539730 16  6 78  0  0
 0  0      0 377961184      0 7982984    0    0     0     0 264386 200688  6  2 92  0  0
 0  0      0 377969280      0 7982984    0    0     0     0  320  728  0  0 100  0  0
27  0      0 377870272      0 7982984    0    0     0     0 244450 276788 14  4 82  0  0
115  0      0 377876512      0 7982984    0    0     0     0 587876 581388 30  9 61  0  0
 1  0      0 377871552      0 7982984    0    0     0     0 814532 556179 32 10 58  0  0
procs -----------memory---------- ---swap-- -----io---- -system-- ------cpu-----
 r  b   swpd   free   buff  cache   si   so    bi    bo   in   cs us sy id wa st
37  0      0 377864832      0 7982984    0    0     0     0 665854 546324 34 10 56  0  0
80  0      0 377820640      0 7982984    0    0     0     0 686651 553332 30  8 62  0  0
91  0      0 377834656      0 7982984    0    0     0     0 776140 651912 23  7 70  0  0
28  0      0 377830880      0 7982984    0    0     0     0 750113 644338 22  7 70  0  0
39  0      0 377829984      0 7982984    0    0     0     0 767601 634122 23  7 70  0  0
47  0      0 377828928      0 7982984    0    0     0     0 1118394 649071 23  8 69  0  0
98  0      0 377820672      0 7982984    0    0     0     0 830277 680395 22  8 69  0  0
73  0      0 377827232      0 7982984    0    0     0     0 768313 631136 23  7 70  0  0
 4  0      0 377822144      0 7982984    0    0     0     0 831472 640713 23  7 69  0  0
65  0      0 377823744      0 7982984    0    0     0     0 776340 638104 23  7 70  0  0
92  0      0 377824576      0 7982984    0    0     0     0 756275 646134 23  8 69  0  0
 3  0      0 377826336      0 7982984    0    0     0     0 745080 630689 23  7 70  0  0
46  0      0 377826880      0 7982984    0    0     0     0 1127295 632616 23  8 70  0  0
33  0      0 377831424      0 7982984    0    0     0     0 794958 630755 23  7 70  0  0
 3  0      0 377834848      0 7982984    0    0     0     0 797226 646295 23  8 70  0  0
74  0      0 377827232      0 7983044    0    0     0     0 827384 683765 24  8 68  0  0
 3  0      0 377827936      0 7983044    0    0     0     0 1172974 679251 23  8 68  0  0
 3  0      0 377817504      0 7983044    0    0     0     0 825403 700886 23  9 68  0  0
55  0      0 377819552      0 7983044    0    0     0     0 834767 684867 23  8 69  0  0
95  0      0 377823680      0 7983044    0    0     0     0 1128086 683079 22  9 69  0  0
64  0      0 377827712      0 7983044    0    0     0     0 802861 679098 23  8 69  0  0
procs -----------memory---------- ---swap-- -----io---- -system-- ------cpu-----
 r  b   swpd   free   buff  cache   si   so    bi    bo   in   cs us sy id wa st
33  0      0 377818976      0 7983044    0    0     0     0 834438 679562 23  8 69  0  0
73  0      0 377814976      0 7983048    0    0     0     0 1175458 691701 22  9 69  0  0
58  0      0 377818048      0 7983048    0    0     0     0 847185 685183 23  9 68  0  0
76  0      0 377819040      0 7983048    0    0     0     0 805134 641989 24  7 69  0  0
84  0      0 377822656      0 7983052    0    0     0     0 954128 612455 22  8 71  0  0
44  0      0 377812768      0 7983052    0    0     0     0 815517 671392 22  8 69  0  0
109  0      0 377817888      0 7983052    0    0     0     0 833919 678566 22  9 69  0  0
91  0      0 377824448      0 7983052    0    0     0     0 1002799 635551 23  8 69  0  0
68  0      0 377827264      0 7983052    0    0     0     0 789692 641742 22  8 69  0  0
 4  0      0 377817984      0 7983052    0    0     0     0 836868 650891 22  8 70  0  0
105  0      0 377817120      0 7983052    0    0     0     0 818034 661011 23  8 70  0  0
112  0      0 377811808      0 7983052    0    0     0     0 831785 683082 23  9 69  0  0
88  0      0 377811200      0 7983052    0    0     0     0 864535 668919 23  8 69  0  0
104  0      0 377812640      0 7983052    0    0     0     0 1006685 670466 22  9 69  0  0
 6  0      0 377811936      0 7983052    0    0     0     0 865199 670994 23  9 69  0  0
33  0      0 377810144      0 7983052    0    0     0     0 813470 666047 22  8 69  0  0
65  0      0 377809184      0 7983052    0    0     0     0 998168 673371 22  9 69  0  0
41  0      0 377808608      0 7983052    0    0     0     0 878127 668557 22  9 69  0  0
118  0      0 377811616      0 7983052    0    0     0     0 820203 660927 22  8 69  0  0
70  0      0 377810368      0 7983052    0    0     0     0 812616 653810 22  8 70  0  0
 3  0      0 377805440      0 7983052    0    0     0     0 1012376 661883 22  9 69  0  0
procs -----------memory---------- ---swap-- -----io---- -system-- ------cpu-----
 r  b   swpd   free   buff  cache   si   so    bi    bo   in   cs us sy id wa st
123  0      0 377812448      0 7983052    0    0     0     0 819139 648234 22  8 70  0  0
 1  0      0 377814368      0 7983052    0    0     0     0 775177 675748 22  9 69  0  0
92  0      0 377803680      0 7983052    0    0     0     0 918387 659183 23  8 69  0  0
11  0      0 377802720      0 7983052    0    0     0     0 830155 673987 22  9 69  0  0
82  0      0 377799808      0 7983052    0    0     0     0 848593 689382 22  9 69  0  0
14  0      0 377800544      0 7983052    0    0     0     0 949726 666731 22  9 69  0  0
77  0      0 377800864      0 7983052    0    0     0     0 836831 640236 22  7 70  0  0
72  0      0 377802624      0 7983052    0    0     0     0 818942 664432 23  8 69  0  0
77  0      0 377803488      0 7983052    0    0     0     0 913159 654627 22  9 69  0  0
 3  0      0 377802976      0 7983052    0    0     0     0 790396 687843 23  8 69  0  0
 1  0      0 377804480      0 7983052    0    0     0     0 857893 653287 22  8 70  0  0
18  0      0 377800064      0 7983052    0    0     0     0 807131 657122 22  8 69  0  0
75  0      0 377798304      0 7983052    0    0     0     0 919208 648036 22  8 70  0  0
 1  0      0 377797696      0 7983052    0    0     0     0 822056 653732 22  8 70  0  0
127  0      0 377802400      0 7983056    0    0     0     0 825694 629514 22  8 70  0  0
 0  0      0 377931456      0 7983056    0    0     0     0 241370 195163  7  2 91  0  0
 0  0      0 377931392      0 7983056    0    0     0     0  142  255  0  0 100  0  0
118  0      0 377809280      0 7983056    0    0     0     0 229678 301125 19  5 76  0  0
160  0      0 377803712      0 7983056    0    0     0     0 578438 597237 37 11 52  0  0
71  0      0 377817056      0 7983056    0    0     0     0 857404 574186 38 12 51  0  0
160  0      0 377818432      0 7983056    0    0     0     0 654773 577272 39 11 49  0  0
procs -----------memory---------- ---swap-- -----io---- -system-- ------cpu-----
 r  b   swpd   free   buff  cache   si   so    bi    bo   in   cs us sy id wa st
 3  0      0 377781312      0 7983056    0    0     0     0 751146 670929 34 10 56  0  0
64  0      0 377780704      0 7983060    0    0     0     0 776275 738126 31 10 59  0  0
76  0      0 377785152      0 7983060    0    0     0     0 702253 670519 29 10 61  0  0
 3  0      0 377774400      0 7983060    0    0     0     0 1149437 722171 29 10 61  0  0
41  0      0 377775200      0 7983060    0    0     0     0 751953 713528 30  9 61  0  0
 1  0      0 377779744      0 7983060    0    0     0     0 751933 738713 30 10 60  0  0
17  0      0 377769600      0 7983060    0    0     0     0 736794 735084 29 10 61  0  0
 3  0      0 377772768      0 7983060    0    0     0     0 736289 717021 29 10 61  0  0
 1  0      0 377772736      0 7983060    0    0     0     0 926578 727502 30 11 59  0  0
128  0      0 377767616      0 7983060    0    0     0     0 801427 734953 30 10 60  0  0
 1  0      0 377771488      0 7983060    0    0     0     0 804012 715036 30  9 61  0  0
18  0      0 377771936      0 7983060    0    0     0     0 847546 722662 29 10 61  0  0
13  0      0 377760256      0 7983060    0    0     0     0 850978 750381 29 10 61  0  0
126  0      0 377764896      0 7983060    0    0     0     0 781438 743986 29 10 61  0  0
112  0      0 377768352      0 7983060    0    0     0     0 788941 727656 30  9 61  0  0
 3  0      0 377771488      0 7983060    0    0     0     0 777496 738069 30 10 61  0  0
 3  0      0 377780512      0 7983064    0    0     0     0 897142 737076 29 10 61  0  0
 3  0      0 377772864      0 7983064    0    0     0     0 807049 755536 30 10 59  0  0
 3  0      0 377775168      0 7983064    0    0     0     0 787265 729800 29 10 61  0  0
113  0      0 377769152      0 7983064    0    0     0     0 955516 705686 29 10 61  0  0
 3  0      0 377769536      0 7983064    0    0     0     0 818582 737074 30  9 60  0  0
procs -----------memory---------- ---swap-- -----io---- -system-- ------cpu-----
 r  b   swpd   free   buff  cache   si   so    bi    bo   in   cs us sy id wa st
 3  0      0 377770112      0 7983068    0    0     0     0 834491 725517 28 10 62  0  0
 2  0      0 377772256      0 7983068    0    0     0     0 806154 729491 30 10 60  0  0
 9  0      0 377767648      0 7983068    0    0     0     0 1005273 747007 29 11 60  0  0
101  0      0 377767968      0 7983068    0    0     0     0 771073 757596 29 11 60  0  0
116  0      0 377768960      0 7983068    0    0     0     0 786306 754211 30 10 59  0  0
129  0      0 377773632      0 7983068    0    0     0     0 812020 728126 30 10 60  0  0
19  0      0 377771360      0 7983068    0    0     0     0 870015 740336 29 10 61  0  0
93  0      0 377774400      0 7983068    0    0     0     0 756432 735352 31  9 60  0  0
66  0      0 377769856      0 7983068    0    0     0     0 787712 741168 29 10 60  0  0
 8  0      0 377777408      0 7983068    0    0     0     0 814753 753950 30 10 60  0  0
109  0      0 377773248      0 7983068    0    0     0     0 814746 752424 30 10 60  0  0
85  0      0 377773472      0 7983068    0    0     0     0 844019 752661 30 10 60  0  0
38  0      0 377771872      0 7983068    0    0     0     0 819892 741781 30 10 59  0  0
 3  0      0 377774880      0 7983068    0    0     0     0 824377 722700 30 10 60  0  0
118  0      0 377776448      0 7983068    0    0     0     0 777136 735525 30 10 60  0  0
52  0      0 377773696      0 7983068    0    0     0     0 869327 727089 29 10 61  0  0
93  0      0 377775200      0 7983068    0    0     0     0 828436 716817 30  9 61  0  0
94  0      0 377773568      0 7983068    0    0     0     0 809607 723835 30  9 61  0  0
 3  0      0 377774848      0 7983068    0    0     0     0 775425 705435 29  9 62  0  0
129  0      0 377776608      0 7983068    0    0     0     0 830575 734385 29 10 61  0  0
129  0      0 377776416      0 7983068    0    0     0     0 745570 732616 29 10 61  0  0
procs -----------memory---------- ---swap-- -----io---- -system-- ------cpu-----
 r  b   swpd   free   buff  cache   si   so    bi    bo   in   cs us sy id wa st
121  0      0 377773696      0 7983068    0    0     0     0 804507 742561 31 10 59  0  0
70  0      0 377775904      0 7983068    0    0     0     0 767328 721568 29  9 61  0  0
98  0      0 377778624      0 7983072    0    0     0     0 875398 728092 29 10 61  0  0
50  0      0 377781856      0 7983072    0    0     0     0 829259 748518 30 10 60  0  0
91  0      0 377779648      0 7983072    0    0     0     0 786639 729524 30 10 61  0  0
27  0      0 377774688      0 7983072    0    0     0     0 735232 718010 29 10 61  0  0
28  0      0 377774816      0 7983072    0    0     0     0 793460 735858 29 11 61  0  0
 3  0      0 377775200      0 7983072    0    0     0     0 773964 750001 31 10 59  0  0
109  0      0 377776896      0 7983072    0    0     0     0 784808 746131 30 10 60  0  0
121  0      0 377773056      0 7983072    0    0     0     0 793719 750105 30 10 60  0  0
23  0      0 377777536      0 7983072    0    0     0     0 767111 750033 29 11 60  0  0
11  0      0 377778112      0 7983072    0    0     0     0 761307 723755 29 10 61  0  0
57  0      0 377776128      0 7983072    0    0     0     0 799823 747937 29 10 61  0  0
23  0      0 377770336      0 7983072    0    0     0     0 778288 726079 30 10 60  0  0
 0  0      0 377932640      0 7983072    0    0     0     0 260934 179417  7  3 91  0  0
 0  0      0 377934816      0 7983072    0    0     0     0  330  524  0  0 100  0  0
174  0      0 377786848      0 7983076    0    0     0     0 280532 334832 25  7 68  0  0
124  0      0 377785920      0 7983076    0    0     0     0 542575 579420 39 12 49  0  0
67  0      0 377791552      0 7983076    0    0     0     0 866497 558156 40 13 47  0  0
 1  0      0 377788224      0 7983076    0    0     0     0 639315 560088 41 12 47  0  0
112  0      0 377730912      0 7983076    0    0     0     0 749589 674566 36 11 53  0  0
procs -----------memory---------- ---swap-- -----io---- -system-- ------cpu-----
 r  b   swpd   free   buff  cache   si   so    bi    bo   in   cs us sy id wa st
73  0      0 377742688      0 7983076    0    0     0     0 684668 708702 34 11 55  0  0
177  0      0 377745856      0 7983076    0    0     0     0 717474 694357 35 10 55  0  0
173  0      0 377739968      0 7983076    0    0     0     0 1266340 696581 35 11 54  0  0
102  0      0 377742080      0 7983076    0    0     0     0 714597 714049 34 12 53  0  0
53  0      0 377738400      0 7983076    0    0     0     0 698708 707303 34 11 54  0  0
68  0      0 377746240      0 7983076    0    0     0     0 743329 723253 35 11 54  0  0
80  0      0 377745856      0 7983076    0    0     0     0 916824 688312 34 11 55  0  0
123  0      0 377739712      0 7983076    0    0     0     0 761244 710679 35 11 54  0  0
30  0      0 377742656      0 7983076    0    0     0     0 734614 703028 35 11 54  0  0
25  0      0 377743712      0 7983076    0    0     0     0 896482 685917 35 11 54  0  0
11  0      0 377745984      0 7983076    0    0     0     0 730583 695212 34 11 56  0  0
79  0      0 377746944      0 7983076    0    0     0     0 709798 690061 35 11 55  0  0
70  0      0 377743520      0 7983076    0    0     0     0 710175 710549 35 11 54  0  0
64  0      0 377743968      0 7983076    0    0     0     0 990897 687584 35 12 54  0  0
81  0      0 377747328      0 7983076    0    0     0     0 702183 696236 35 11 54  0  0
125  0      0 377741952      0 7983076    0    0     0     0 780604 722908 35 11 55  0  0
115  0      0 377745632      0 7983076    0    0     0     0 731030 670644 35 11 54  0  0
121  0      0 377747648      0 7983076    0    0     0     0 1010854 728030 35 12 53  0  0
66  0      0 377739360      0 7983076    0    0     0     0 731884 705669 34 11 55  0  0
 1  0      0 377744736      0 7983076    0    0     0     0 763826 729157 35 11 54  0  0
105  0      0 377740416      0 7983076    0    0     0     0 879747 712301 35 12 53  0  0
procs -----------memory---------- ---swap-- -----io---- -system-- ------cpu-----
 r  b   swpd   free   buff  cache   si   so    bi    bo   in   cs us sy id wa st
 3  0      0 377746400      0 7983076    0    0     0     0 778763 686362 35 11 54  0  0
 2  0      0 377748416      0 7983076    0    0     0     0 680158 698828 34 11 54  0  0
62  0      0 377752416      0 7983080    0    0     0     0 845551 695818 35 11 54  0  0
10  0      0 377750912      0 7983080    0    0     0     0 683891 707998 34 11 54  0  0
56  0      0 377749344      0 7983080    0    0     0     0 701554 686005 36 11 53  0  0
42  0      0 377740256      0 7983080    0    0     0     0 877514 713797 36 12 53  0  0
26  0      0 377741024      0 7983080    0    0     0     0 786700 714281 35 11 53  0  0
121  0      0 377743680      0 7983080    0    0     0     0 751539 705491 35 11 54  0  0
131  0      0 377744992      0 7983080    0    0     0     0 833376 718910 36 11 53  0  0
180  0      0 377740992      0 7983080    0    0     0     0 815618 714265 34 11 55  0  0
109  0      0 377741728      0 7983080    0    0     0     0 717567 696308 36 11 53  0  0
174  0      0 377742144      0 7983080    0    0     0     0 698081 690099 34 11 55  0  0
89  0      0 377739616      0 7983080    0    0     0     0 701567 690670 35 11 55  0  0
 4  0      0 377741952      0 7983080    0    0     0     0 843836 706980 35 11 53  0  0
106  0      0 377747424      0 7983080    0    0     0     0 700312 702715 36 12 52  0  0
111  0      0 377743360      0 7983080    0    0     0     0 809423 711824 34 11 55  0  0
36  0      0 377738688      0 7983080    0    0     0     0 738492 698443 34 11 54  0  0
127  0      0 377741056      0 7983080    0    0     0     0 763434 704734 34 11 55  0  0
25  0      0 377742720      0 7983080    0    0     0     0 762245 717852 34 11 55  0  0
101  0      0 377743392      0 7983080    0    0     0     0 762270 708900 35 10 54  0  0
 3  0      0 377741184      0 7983080    0    0     0     0 777716 699179 34 11 54  0  0
procs -----------memory---------- ---swap-- -----io---- -system-- ------cpu-----
 r  b   swpd   free   buff  cache   si   so    bi    bo   in   cs us sy id wa st
 1  0      0 377744256      0 7983080    0    0     0     0 755759 711590 35 11 54  0  0
52  0      0 377747520      0 7983080    0    0     0     0 719571 707154 35 11 54  0  0
183  0      0 377749120      0 7983080    0    0     0     0 753092 693880 35 11 54  0  0
149  0      0 377747040      0 7983080    0    0     0     0 699918 715369 35 11 54  0  0
125  0      0 377751232      0 7983080    0    0     0     0 729801 719504 36 11 53  0  0
156  0      0 377748352      0 7983080    0    0     0     0 724469 686738 34 12 54  0  0
 3  0      0 377747456      0 7983080    0    0     0     0 795273 720825 36 11 53  0  0
117  0      0 377745824      0 7983080    0    0     0     0 735027 696578 35 11 54  0  0
42  0      0 377746144      0 7983080    0    0     0     0 688828 683535 34 11 55  0  0
 5  0      0 377749408      0 7983080    0    0     0     0 742203 707610 34 10 55  0  0
141  0      0 377750880      0 7983080    0    0     0     0 744210 702939 34 11 55  0  0
52  0      0 377753856      0 7983080    0    0     0     0 740931 697884 36 11 53  0  0
50  0      0 377752896      0 7983080    0    0     0     0 835155 714310 34 11 55  0  0
 0  0      0 377940736      0 7983080    0    0     0     0 139183 94387  5  2 94  0  0
 0  0      0 377941344      0 7983080    0    0     0     0  139  291  0  0 100  0  0
87  0      0 377779392      0 7983080    0    0     0     0 287851 349705 31  7 62  0  0
46  0      0 377790528      0 7983080    0    0     0     0 506131 523096 45 12 43  0  0
40  0      0 377786688      0 7983080    0    0     0     0 801273 500359 44 13 43  0  0
111  0      0 377760768      0 7983080    0    0     0     0 587308 544698 43 11 45  0  0
69  0      0 377763520      0 7983080    0    0     0     0 688351 633784 39 11 49  0  0
144  0      0 377761440      0 7983080    0    0     0     0 652145 672177 40 10 49  0  0
procs -----------memory---------- ---swap-- -----io---- -system-- ------cpu-----
 r  b   swpd   free   buff  cache   si   so    bi    bo   in   cs us sy id wa st
137  0      0 377757440      0 7983080    0    0     0     0 1103141 623403 41 11 48  0  0
 3  0      0 377741184      0 7983080    0    0     0     0 724139 660005 40 12 48  0  0
158  0      0 377751648      0 7983084    0    0     0     0 661511 636217 40 11 50  0  0
10  0      0 377751808      0 7983084    0    0     0     0 674251 649671 40 12 48  0  0
57  0      0 377750976      0 7983084    0    0     0     0 718135 655242 39 11 50  0  0
71  0      0 377746432      0 7983084    0    0     0     0 972979 653855 41 12 48  0  0
132  0      0 377749280      0 7983084    0    0     0     0 694503 645769 41 11 48  0  0
105  0      0 377748480      0 7983084    0    0     0     0 649675 664825 41 12 48  0  0
131  0      0 377746496      0 7983084    0    0     0     0 895693 658444 41 11 48  0  0
193  0      0 377744768      0 7983084    0    0     0     0 646469 632356 39 11 50  0  0
116  0      0 377745280      0 7983084    0    0     0     0 673289 654443 40 11 49  0  0
 1  0      0 377736352      0 7983084    0    0     0     0 898188 656166 40 11 49  0  0
94  0      0 377736096      0 7983084    0    0     0     0 784458 670744 40 12 48  0  0
 3  0      0 377740160      0 7983084    0    0     0     0 680217 663617 40 12 48  0  0
 1  0      0 377744576      0 7983084    0    0     0     0 842742 655296 39 12 49  0  0
 1  0      0 377741504      0 7983084    0    0     0     0 701059 667140 40 12 48  0  0
 3  0      0 377740736      0 7983084    0    0     0     0 724719 672832 40 12 48  0  0
108  0      0 377739584      0 7983084    0    0     0     0 711320 666287 40 12 48  0  0
111  0      0 377734720      0 7983084    0    0     0     0 827212 655206 40 11 49  0  0
51  0      0 377739072      0 7983084    0    0     0     0 750280 657396 41 12 47  0  0
38  0      0 377741024      0 7983084    0    0     0     0 706073 668702 41 12 48  0  0
procs -----------memory---------- ---swap-- -----io---- -system-- ------cpu-----
 r  b   swpd   free   buff  cache   si   so    bi    bo   in   cs us sy id wa st
17  0      0 377742784      0 7983084    0    0     0     0 798906 695735 39 12 49  0  0
145  0      0 377741696      0 7983084    0    0     0     0 666996 660526 40 11 49  0  0
145  0      0 377744032      0 7983084    0    0     0     0 662351 674601 41 11 48  0  0
156  0      0 377744576      0 7983084    0    0     0     0 677434 643700 40 12 48  0  0
156  0      0 377744768      0 7983084    0    0     0     0 696147 673353 39 12 49  0  0
104  0      0 377748160      0 7983084    0    0     0     0 782944 656643 40 11 49  0  0
55  0      0 377753792      0 7983084    0    0     0     0 684428 650875 42 12 47  0  0
42  0      0 377747040      0 7983084    0    0     0     0 695211 650719 40 11 49  0  0
162  0      0 377746304      0 7983084    0    0     0     0 838435 681575 41 12 47  0  0
111  0      0 377746304      0 7983084    0    0     0     0 740590 669742 41 11 48  0  0
161  0      0 377742432      0 7983084    0    0     0     0 705225 683527 40 11 48  0  0
119  0      0 377749696      0 7983084    0    0     0     0 660430 659333 41 11 47  0  0
71  0      0 377747296      0 7983084    0    0     0     0 781920 669230 41 11 47  0  0
94  0      0 377748640      0 7983084    0    0     0     0 770662 649065 40 12 48  0  0
45  0      0 377749344      0 7983084    0    0     0     0 753920 658051 40 11 49  0  0
82  0      0 377749664      0 7983084    0    0     0     0 698269 685635 40 12 48  0  0
 3  0      0 377749824      0 7983084    0    0     0     0 777435 644575 41 11 48  0  0
 3  0      0 377753664      0 7983084    0    0     0     0 766480 664770 41 11 48  0  0
 1  0      0 377747648      0 7983084    0    0     0     0 722454 662453 41 11 48  0  0
156  0      0 377748928      0 7983084    0    0     0     0 765333 642270 40 12 48  0  0
97  0      0 377754368      0 7983084    0    0     0     0 649762 682104 41 12 47  0  0
procs -----------memory---------- ---swap-- -----io---- -system-- ------cpu-----
 r  b   swpd   free   buff  cache   si   so    bi    bo   in   cs us sy id wa st
 3  0      0 377747456      0 7983084    0    0     0     0 741291 661823 40 11 49  0  0
183  0      0 377748608      0 7983084    0    0     0     0 753154 652967 41 12 48  0  0
65  0      0 377756672      0 7983088    0    0     0     0 716342 643691 39 10 50  0  0
110  0      0 377750880      0 7983088    0    0     0     0 712934 674800 40 11 49  0  0
29  0      0 377746944      0 7983088    0    0     0     0 751201 664842 40 11 49  0  0
179  0      0 377746112      0 7983088    0    0     0     0 751020 652170 40 12 48  0  0
 3  0      0 377743968      0 7983088    0    0     0     0 713135 671478 40 11 49  0  0
99  0      0 377750880      0 7983088    0    0     0     0 695133 643487 38 12 50  0  0
112  0      0 377747904      0 7983088    0    0     0     0 734087 645687 39 11 50  0  0
163  0      0 377749024      0 7983088    0    0     0     0 718095 664260 40 11 49  0  0
156  0      0 377742912      0 7983088    0    0     0     0 771299 649137 40 12 48  0  0
179  0      0 377749760      0 7983088    0    0     0     0 714125 666540 40 11 48  0  0
 0  0      0 377929728      0 7983088    0    0     0     0 89277 58961  3  1 96  0  0
 0  0      0 377930784      0 7983088    0    0     0     0  297  385  0  0 100  0  0
148  0      0 377774304      0 7983088    0    0     0     0 308359 372580 37  8 55  0  0
 1  0      0 377779424      0 7983088    0    0     0     0 729738 502136 45 14 40  0  0
12  0      0 377773760      0 7983088    0    0     0     0 574323 491945 46 12 41  0  0
172  0      0 377731488      0 7983088    0    0     0     0 715620 568598 43 11 45  0  0
100  0      0 377725760      0 7983088    0    0     0     0 646108 610063 42 11 47  0  0
165  0      0 377730112      0 7983088    0    0     0     0 618869 613939 43 12 45  0  0
194  0      0 377731392      0 7983088    0    0     0     0 683161 594602 44 11 45  0  0
procs -----------memory---------- ---swap-- -----io---- -system-- ------cpu-----
 r  b   swpd   free   buff  cache   si   so    bi    bo   in   cs us sy id wa st
176  0      0 377735520      0 7983088    0    0     0     0 879377 600158 43 10 47  0  0
133  0      0 377731008      0 7983088    0    0     0     0 615606 562069 41 11 48  0  0
70  0      0 377724864      0 7983088    0    0     0     0 683256 634835 43 12 45  0  0
88  0      0 377728768      0 7983088    0    0     0     0 578754 601119 44 12 44  0  0
27  0      0 377731552      0 7983120    0    0     0     0 664398 615303 44 11 45  0  0
 3  0      0 377726400      0 7983120    0    0     0     0 945802 593858 42 12 46  0  0
177  0      0 377724064      0 7983120    0    0     0     0 707701 611371 44 11 45  0  0
150  0      0 377721440      0 7983120    0    0     0     0 680920 612277 43 12 46  0  0
 3  0      0 377724416      0 7983120    0    0     0     0 1028140 602113 42 13 45  0  0
 1  0      0 377714432      0 7983120    0    0     0     0 767217 602715 44 12 44  0  0
142  0      0 377721344      0 7983120    0    0     0     0 719033 610337 44 12 44  0  0
85  0      0 377717152      0 7983120    0    0     0     0 898163 634600 44 13 43  0  0
192  0      0 377721984      0 7983240    0    0     0     0 660664 539334 37 11 52  0  0
16  0      0 377711712      0 7983240    0    0     0     0 740529 635995 43 12 45  0  0
129  0      0 377723232      0 7983240    0    0     0     0 1033392 621391 43 12 45  0  0
162  0      0 377718944      0 7983240    0    0     0     0 828781 606791 44 12 44  0  0
100  0      0 377722336      0 7983240    0    0     0     0 734972 592429 43 12 45  0  0
75  0      0 377726720      0 7983240    0    0     0     0 837171 606981 44 11 45  0  0
167  0      0 377722624      0 7983240    0    0     0     0 729370 636154 43 12 45  0  0
169  0      0 377730240      0 7983244    0    0     0     0 661008 628763 44 12 44  0  0
 3  0      0 377729952      0 7983244    0    0     0     0 929190 630229 43 13 44  0  0
procs -----------memory---------- ---swap-- -----io---- -system-- ------cpu-----
 r  b   swpd   free   buff  cache   si   so    bi    bo   in   cs us sy id wa st
 3  0      0 377724864      0 7983244    0    0     0     0 744025 626573 43 12 46  0  0
157  0      0 377727616      0 7983244    0    0     0     0 669845 610519 44 11 45  0  0
166  0      0 377733152      0 7983248    0    0     0     0 644961 612904 44 12 44  0  0
109  0      0 377719744      0 7983248    0    0     0     0 865565 604385 43 12 45  0  0
108  0      0 377728480      0 7983248    0    0     0     0 626283 625776 43 12 45  0  0
11  0      0 377721472      0 7983248    0    0     0     0 749780 619089 44 11 45  0  0
82  0      0 377727520      0 7983248    0    0     0     0 666700 615964 43 12 45  0  0
99  0      0 377724640      0 7983248    0    0     0     0 691432 616569 43 12 45  0  0
97  0      0 377716928      0 7983248    0    0     0     0 788525 631395 42 11 47  0  0
52  0      0 377720320      0 7983248    0    0     0     0 770481 607101 43 12 45  0  0
166  0      0 377724128      0 7983248    0    0     0     0 699166 624643 44 12 44  0  0
124  0      0 377720416      0 7983248    0    0     0     0 663942 622029 44 12 44  0  0
13  0      0 377726240      0 7983248    0    0     0     0 667312 628436 44 12 45  0  0
63  0      0 377735392      0 7983248    0    0     0     0 596356 590167 42 11 47  0  0
152  0      0 377723232      0 7983248    0    0     0     0 779352 604045 41 12 47  0  0
62  0      0 377722912      0 7983248    0    0     0     0 810884 593061 44 12 44  0  0
 1  0      0 377725312      0 7983248    0    0     0     0 674152 610568 43 12 45  0  0
70  0      0 377724128      0 7983248    0    0     0     0 685151 603738 42 12 46  0  0
108  0      0 377721024      0 7983248    0    0     0     0 803408 618071 42 12 46  0  0
153  0      0 377725056      0 7983248    0    0     0     0 680415 628593 43 11 45  0  0
48  0      0 377721984      0 7983248    0    0     0     0 711804 590431 42 11 46  0  0
procs -----------memory---------- ---swap-- -----io---- -system-- ------cpu-----
 r  b   swpd   free   buff  cache   si   so    bi    bo   in   cs us sy id wa st
78  0      0 377723808      0 7983248    0    0     0     0 821144 630047 44 12 44  0  0
60  0      0 377719040      0 7983248    0    0     0     0 669621 612368 43 11 45  0  0
101  0      0 377730528      0 7983248    0    0     0     0 682927 609048 44 12 44  0  0
93  0      0 377728992      0 7983248    0    0     0     0 719600 619704 43 12 45  0  0
186  0      0 377726592      0 7983248    0    0     0     0 725707 613263 42 12 47  0  0
136  0      0 377725088      0 7983248    0    0     0     0 773979 619399 44 12 44  0  0
 1  0      0 377725472      0 7983248    0    0     0     0 710627 615058 42 11 47  0  0
110  0      0 377729280      0 7983248    0    0     0     0 682777 610866 44 12 45  0  0
 3  0      0 377727296      0 7983248    0    0     0     0 645702 618606 43 12 44  0  0
41  0      0 377722464      0 7983248    0    0     0     0 788284 612472 43 12 46  0  0
 1  0      0 377724320      0 7983248    0    0     0     0 750209 626443 44 12 44  0  0
 1  0      0 377933504      0 7982928    0    0     0     0 7535 2229  0  0 100  0  0
 0  0      0 377934432      0 7982928    0    0     0     0   96   96  0  0 100  0  0
 1  0      0 377756064      0 7982832    0    0     0     0 330116 398023 42 10 48  0  0
163  0      0 377762112      0 7982832    0    0     0     0 557394 449202 49 12 38  0  0
178  0      0 377758464      0 7982832    0    0     0     0 507431 456979 49 13 38  0  0
99  0      0 377741664      0 7982832    0    0     0     0 624461 549123 43 12 45  0  0
 3  0      0 377734784      0 7982832    0    0     0     0 588221 535757 43 12 45  0  0
72  0      0 377729888      0 7982832    0    0     0     0 582797 546306 47 13 40  0  0
 3  0      0 377729504      0 7982836    0    0     0     0 616716 562990 44 12 44  0  0
136  0      0 377728544      0 7982836    0    0     0     0 626940 573480 46 13 41  0  0
procs -----------memory---------- ---swap-- -----io---- -system-- ------cpu-----
 r  b   swpd   free   buff  cache   si   so    bi    bo   in   cs us sy id wa st
203  0      0 377737152      0 7982836    0    0     0     0 617903 555127 44 11 45  0  0
84  0      0 377723840      0 7982836    0    0     0     0 1095491 552507 44 12 43  0  0
136  0      0 377721184      0 7982836    0    0     0     0 600089 551322 46 13 41  0  0
153  0      0 377723104      0 7982840    0    0     0     0 645700 551810 43 13 44  0  0
177  0      0 377721248      0 7982840    0    0     0     0 624504 562609 45 13 42  0  0
101  0      0 377725728      0 7982840    0    0     0     0 626351 561690 45 13 42  0  0
169  0      0 377726496      0 7982840    0    0     0     0 916528 566784 45 14 42  0  0
 3  0      0 377723328      0 7982840    0    0     0     0 734428 568456 44 13 43  0  0
203  0      0 377719776      0 7982840    0    0     0     0 710292 568988 46 13 41  0  0
55  0      0 377718560      0 7982840    0    0     0     0 679042 569153 45 13 42  0  0
17  0      0 377721664      0 7982840    0    0     0     0 817174 536528 44 13 43  0  0
132  0      0 377721792      0 7982840    0    0     0     0 692061 576782 47 12 41  0  0
157  0      0 377725760      0 7982840    0    0     0     0 611711 589867 45 13 42  0  0
201  0      0 377724864      0 7982840    0    0     0     0 819373 568078 45 13 42  0  0
185  0      0 377720768      0 7982840    0    0     0     0 627580 556369 45 13 43  0  0
162  0      0 377702336      0 7982840    0    0     0     0 690277 528433 43 13 44  0  0
 1  0      0 377718784      0 7982840    0    0     0     0 733834 553827 46 13 42  0  0
143  0      0 377720896      0 7982840    0    0     0     0 772555 554149 46 12 42  0  0
 3  0      0 377721824      0 7982840    0    0     0     0 642674 567042 45 12 43  0  0
200  0      0 377722432      0 7982840    0    0     0     0 639747 567481 47 12 41  0  0
179  0      0 377722592      0 7982840    0    0     0     0 782705 557799 45 13 42  0  0
procs -----------memory---------- ---swap-- -----io---- -system-- ------cpu-----
 r  b   swpd   free   buff  cache   si   so    bi    bo   in   cs us sy id wa st
101  0      0 377720736      0 7982840    0    0     0     0 689556 556724 43 12 45  0  0
137  0      0 377717920      0 7982840    0    0     0     0 704332 549827 46 12 42  0  0
137  0      0 377714944      0 7982840    0    0     0     0 917688 546386 45 12 42  0  0
199  0      0 377719392      0 7982840    0    0     0     0 603075 539888 43 11 46  0  0
 6  0      0 377709792      0 7982840    0    0     0     0 738869 550996 45 12 44  0  0
168  0      0 377715520      0 7982840    0    0     0     0 873845 548922 46 13 42  0  0
64  0      0 377713312      0 7982840    0    0     0     0 706317 570772 44 12 43  0  0
189  0      0 377711136      0 7982840    0    0     0     0 727286 562994 46 13 41  0  0
95  0      0 377713888      0 7982840    0    0     0     0 792056 553897 44 13 43  0  0
61  0      0 377712832      0 7982840    0    0     0     0 775732 549301 45 13 43  0  0
146  0      0 377712320      0 7982840    0    0     0     0 691884 559974 45 12 42  0  0
203  0      0 377718240      0 7982840    0    0     0     0 776199 533594 47 12 41  0  0
150  0      0 377713856      0 7982840    0    0     0     0 676491 563514 46 13 41  0  0
 3  0      0 377712576      0 7982840    0    0     0     0 672836 568366 46 13 41  0  0
61  0      0 377713472      0 7982840    0    0     0     0 674251 547962 45 12 44  0  0
175  0      0 377712672      0 7982840    0    0     0     0 675669 566473 47 12 41  0  0
 6  0      0 377718528      0 7982840    0    0     0     0 658536 571013 46 12 42  0  0
99  0      0 377715232      0 7982840    0    0     0     0 681518 548858 45 11 43  0  0
76  0      0 377716832      0 7982840    0    0     0     0 806213 548119 44 12 44  0  0
149  0      0 377716160      0 7982840    0    0     0     0 674809 565824 47 12 41  0  0
162  0      0 377725248      0 7982840    0    0     0     0 629589 570962 45 12 43  0  0
procs -----------memory---------- ---swap-- -----io---- -system-- ------cpu-----
 r  b   swpd   free   buff  cache   si   so    bi    bo   in   cs us sy id wa st
154  0      0 377726304      0 7982840    0    0     0     0 667202 568948 46 12 42  0  0
88  0      0 377721344      0 7982840    0    0     0     0 650732 532590 46 12 42  0  0
41  0      0 377723776      0 7982840    0    0     0     0 649413 568785 46 12 42  0  0
134  0      0 377726496      0 7982844    0    0     0     0 694804 565711 45 13 42  0  0
171  0      0 377722304      0 7982844    0    0     0     0 658520 588596 44 13 43  0  0
 8  0      0 377731328      0 7982844    0    0     0     0 696186 566594 43 12 45  0  0
59  0      0 377722048      0 7982844    0    0     0     0 745317 562502 46 13 41  0  0
 1  0      0 377730464      0 7982844    0    0     0     0 636208 560841 44 12 44  0  0
13  0      0 377724768      0 7982844    0    0     0     0 641147 578955 44 13 43  0  0
 0  0      0 377937888      0 7982844    0    0     0     0 576073 507424 39 11 50  0  0
 1  0      0 377943104      0 7982844    0    0     0     0  375  615  0  0 100  0  0
 4  0      0 377741856      0 7982844    0    0     0     0 8626 16327  0  0 99  0  0
116  0      0 377677312      0 7982848    0    0     0     0 326147 382734 47 10 43  0  0
14  0      0 377680416      0 7982848    0    0     0     0 770205 427577 48 14 38  0  0
142  0      0 377626240      0 7982848    0    0     0     0 502559 452791 48 12 40  0  0
 3  0      0 377655616      0 7982848    0    0     0     0 541011 497861 43 10 47  0  0
135  0      0 377638624      0 7982848    0    0     0     0 779665 507477 44 12 44  0  0
95  0      0 377635136      0 7982848    0    0     0     0 653499 542615 47 13 40  0  0
179  0      0 377642496      0 7982848    0    0     0     0 584111 515110 46 12 42  0  0
184  0      0 377620608      0 7982848    0    0     0     0 1039345 533044 44 13 42  0  0
14  0      0 377627968      0 7982848    0    0     0     0 735903 546953 45 13 42  0  0
procs -----------memory---------- ---swap-- -----io---- -system-- ------cpu-----
 r  b   swpd   free   buff  cache   si   so    bi    bo   in   cs us sy id wa st
53  0      0 377638208      0 7982848    0    0     0     0 817579 524493 44 12 44  0  0
142  0      0 377632128      0 7982848    0    0     0     0 637113 519905 45 12 43  0  0
188  0      0 377621024      0 7982848    0    0     0     0 1279305 522364 45 14 41  0  0
121  0      0 377630560      0 7982848    0    0     0     0 865054 488875 46 12 42  0  0
188  0      0 377633216      0 7982848    0    0     0     0 623310 512522 46 11 43  0  0
44  0      0 377623424      0 7982848    0    0     0     0 850911 527709 47 13 40  0  0
118  0      0 377629408      0 7982848    0    0     0     0 715540 513145 46 13 41  0  0
 9  0      0 377620544      0 7982848    0    0     0     0 742600 524647 45 12 43  0  0
187  0      0 377620896      0 7982848    0    0     0     0 957007 515908 44 12 44  0  0
73  0      0 377624576      0 7982848    0    0     0     0 734420 511090 46 13 41  0  0
201  0      0 377623712      0 7982848    0    0     0     0 689860 521298 46 12 41  0  0
141  0      0 377626176      0 7982848    0    0     0     0 886257 538209 47 13 40  0  0
125  0      0 377610784      0 7982848    0    0     0     0 714101 502439 45 12 43  0  0
 6  0      0 377620736      0 7982848    0    0     0     0 896957 517810 45 13 42  0  0
 3  0      0 377625856      0 7982848    0    0     0     0 656383 530733 45 13 42  0  0
201  0      0 377613888      0 7982848    0    0     0     0 722293 525200 46 13 42  0  0
178  0      0 377623584      0 7982848    0    0     0     0 728213 540426 43 12 45  0  0
143  0      0 377627168      0 7982848    0    0     0     0 767884 502379 45 13 42  0  0
23  0      0 377620160      0 7982848    0    0     0     0 706277 554381 45 13 43  0  0
73  0      0 377619776      0 7982848    0    0     0     0 784099 530329 47 14 39  0  0
172  0      0 377622752      0 7982848    0    0     0     0 734298 502407 46 13 42  0  0
procs -----------memory---------- ---swap-- -----io---- -system-- ------cpu-----
 r  b   swpd   free   buff  cache   si   so    bi    bo   in   cs us sy id wa st
 3  0      0 377630880      0 7982848    0    0     0     0 687525 537984 45 13 42  0  0
72  0      0 377626944      0 7982848    0    0     0     0 653331 512652 47 12 41  0  0
204  0      0 377627296      0 7982852    0    0     0     0 636412 524750 47 12 41  0  0
54  0      0 377632832      0 7982856    0    0     0     0 559314 524206 47 13 40  0  0
186  0      0 377631040      0 7982856    0    0     0     0 701350 536342 46 13 40  0  0
95  0      0 377629344      0 7982856    0    0     0     0 691802 537788 46 13 42  0  0
179  0      0 377632128      0 7982856    0    0     0     0 652009 532592 47 12 41  0  0
95  0      0 377630912      0 7982856    0    0     0     0 703077 532674 45 12 43  0  0
128  0      0 377623872      0 7982856    0    0     0     0 790609 511733 45 13 42  0  0
59  0      0 377630464      0 7982856    0    0     0     0 738692 548841 47 13 41  0  0
112  0      0 377629600      0 7982856    0    0     0     0 723560 522682 46 12 42  0  0
121  0      0 377645280      0 7982856    0    0     0     0 606858 474041 44 11 45  0  0
 3  0      0 377620768      0 7982856    0    0     0     0 678574 499031 45 11 44  0  0
150  0      0 377621888      0 7982856    0    0     0     0 670676 515668 47 12 41  0  0
162  0      0 377621344      0 7982856    0    0     0     0 675480 528925 47 13 40  0  0
 3  0      0 377622848      0 7982856    0    0     0     0 724332 528361 45 12 42  0  0
92  0      0 377622720      0 7982856    0    0     0     0 726198 504395 45 12 43  0  0
104  0      0 377621568      0 7982856    0    0     0     0 657732 514298 46 13 42  0  0
61  0      0 377626976      0 7982856    0    0     0     0 665848 496594 46 12 42  0  0
187  0      0 377628160      0 7982856    0    0     0     0 673712 515580 47 12 40  0  0
137  0      0 377623904      0 7982856    0    0     0     0 689880 513572 45 12 43  0  0
procs -----------memory---------- ---swap-- -----io---- -system-- ------cpu-----
 r  b   swpd   free   buff  cache   si   so    bi    bo   in   cs us sy id wa st
150  0      0 377625696      0 7982856    0    0     0     0 669840 540371 46 13 41  0  0
48  0      0 377629888      0 7982856    0    0     0     0 665844 520072 47 13 40  0  0
13  0      0 377634560      0 7982856    0    0     0     0 661416 511525 45 12 44  0  0
83  0      0 377618048      0 7982856    0    0     0     0 710112 523038 46 13 41  0  0
 6  0      0 377625152      0 7982856    0    0     0     0 627824 524069 46 13 42  0  0
189  0      0 377623104      0 7982856    0    0     0     0 608565 523158 46 12 41  0  0
156  0      0 377633408      0 7982856    0    0     0     0 697978 491327 43 11 46  0  0
122  0      0 377637984      0 7982856    0    0     0     0 581522 506275 46 12 42  0  0
 0  0      0 377918144      0 7982856    0    0     0     0 460478 326153 28  7 64  0  0
 0  0      0 377921440      0 7982856    0    0     0     0  110  114  0  0 100  0  0
 3  0      0 377713824      0 7982856    0    0     0     0 50246 73828  9  2 90  0  0
182  0      0 377707616      0 7983048    0    0     0     0 358548 389765 52 12 35  0  0
120  0      0 377716960      0 7983048    0    0     0     0 593033 376152 52 13 35  0  0
201  0      0 377687360      0 7983048    0    0     0     0 545051 443004 50 12 38  0  0
161  0      0 377711936      0 7983048    0    0     0     0 514519 412995 44 11 45  0  0
185  0      0 377704704      0 7983048    0    0     0     0 417128 421567 39 10 51  0  0
15  0      0 377691648      0 7983056    0    0     0     0 571480 472694 48 12 40  0  0
49  0      0 377703104      0 7983056    0    0     0     0 513981 431522 46 11 42  0  0
 3  0      0 377690528      0 7983056    0    0     0     0 519145 449992 49 11 40  0  0
154  0      0 377698304      0 7983056    0    0     0     0 508442 438646 47 11 42  0  0
204  0      0 377689216      0 7983056    0    0     0     0 604732 458466 48 12 40  0  0
procs -----------memory---------- ---swap-- -----io---- -system-- ------cpu-----
 r  b   swpd   free   buff  cache   si   so    bi    bo   in   cs us sy id wa st
10  0      0 377689088      0 7983056    0    0     0     0 1068154 465834 47 13 41  0  0
28  0      0 377681696      0 7983056    0    0     0     0 607616 465951 49 12 39  0  0
 9  0      0 377674624      0 7983056    0    0     0     0 651847 469391 48 12 41  0  0
184  0      0 377680128      0 7983060    0    0     0     0 565666 465484 50 12 38  0  0
170  0      0 377684864      0 7983060    0    0     0     0 665759 491502 48 13 39  0  0
196  0      0 377685440      0 7983060    0    0     0     0 580585 486911 47 12 41  0  0
147  0      0 377676992      0 7983060    0    0     0     0 981525 449565 47 13 39  0  0
200  0      0 377674944      0 7983060    0    0     0     0 638680 472654 49 12 39  0  0
160  0      0 377682336      0 7983060    0    0     0     0 557825 458375 48 13 40  0  0
182  0      0 377684256      0 7983060    0    0     0     0 594211 454725 49 12 39  0  0
 3  0      0 377687232      0 7983060    0    0     0     0 653929 503798 48 13 39  0  0
157  0      0 377686656      0 7983060    0    0     0     0 719866 463183 50 13 37  0  0
204  0      0 377686848      0 7983060    0    0     0     0 588680 483332 49 11 40  0  0
204  0      0 377686592      0 7983060    0    0     0     0 583538 473808 51 12 37  0  0
201  0      0 377682144      0 7983060    0    0     0     0 678385 455649 48 12 40  0  0
119  0      0 377685376      0 7983060    0    0     0     0 641727 466750 50 13 37  0  0
35  0      0 377691744      0 7983060    0    0     0     0 561866 484055 51 12 37  0  0
136  0      0 377687040      0 7983060    0    0     0     0 726083 474775 51 12 36  0  0
175  0      0 377690368      0 7983060    0    0     0     0 519782 457994 50 12 37  0  0
196  0      0 377690816      0 7983060    0    0     0     0 615879 460824 49 13 39  0  0
128  0      0 377700096      0 7983060    0    0     0     0 568321 447162 44 12 44  0  0
procs -----------memory---------- ---swap-- -----io---- -system-- ------cpu-----
 r  b   swpd   free   buff  cache   si   so    bi    bo   in   cs us sy id wa st
149  0      0 377693568      0 7983060    0    0     0     0 565078 477884 52 12 36  0  0
143  0      0 377693920      0 7983060    0    0     0     0 698801 469013 48 12 40  0  0
164  0      0 377682240      0 7983060    0    0     0     0 602350 477771 48 12 40  0  0
 3  0      0 377687456      0 7983060    0    0     0     0 665038 467056 48 12 40  0  0
 1  0      0 377684480      0 7983060    0    0     0     0 718193 482326 48 13 39  0  0
100  0      0 377686624      0 7983060    0    0     0     0 633729 469705 48 11 41  0  0
74  0      0 377686848      0 7983060    0    0     0     0 615970 464386 47 12 41  0  0
202  0      0 377690432      0 7983060    0    0     0     0 571138 453464 47 11 42  0  0
204  0      0 377705088      0 7983060    0    0     0     0 483404 435811 44 10 46  0  0
100  0      0 377696864      0 7983060    0    0     0     0 614314 464799 49 13 38  0  0
195  0      0 377688384      0 7983060    0    0     0     0 660570 452042 49 12 39  0  0
172  0      0 377686016      0 7983060    0    0     0     0 605832 469558 49 13 37  0  0
193  0      0 377688128      0 7983060    0    0     0     0 674058 458135 49 12 38  0  0
 3  0      0 377688064      0 7983060    0    0     0     0 632587 461343 48 12 40  0  0
130  0      0 377690176      0 7983060    0    0     0     0 586391 477606 50 13 37  0  0
69  0      0 377693216      0 7983060    0    0     0     0 559571 467770 48 12 39  0  0
10  0      0 377698048      0 7983060    0    0     0     0 590723 453081 47 11 42  0  0
200  0      0 377684800      0 7983060    0    0     0     0 694712 458795 49 12 39  0  0
12  0      0 377683776      0 7983060    0    0     0     0 623688 474013 46 13 41  0  0
 3  0      0 377681408      0 7983060    0    0     0     0 578864 464328 49 12 39  0  0
18  0      0 377689408      0 7983060    0    0     0     0 642519 459748 48 12 40  0  0
procs -----------memory---------- ---swap-- -----io---- -system-- ------cpu-----
 r  b   swpd   free   buff  cache   si   so    bi    bo   in   cs us sy id wa st
90  0      0 377689568      0 7983060    0    0     0     0 570770 441133 47 12 41  0  0
183  0      0 377686688      0 7983060    0    0     0     0 553001 470765 50 12 38  0  0
176  0      0 377691008      0 7983060    0    0     0     0 609722 462434 49 13 39  0  0
 3  0      0 377697280      0 7983064    0    0     0     0 609105 473943 47 12 41  0  0
187  0      0 377688640      0 7983064    0    0     0     0 661153 471859 49 12 39  0  0
79  0      0 377693408      0 7983064    0    0     0     0 619814 469534 49 11 40  0  0
183  0      0 377691808      0 7983064    0    0     0     0 561296 455180 51 12 37  0  0
 0  0      0 377948064      0 7983064    0    0     0     0 347432 255040 27  7 66  0  0
 0  0      0 377947520      0 7983064    0    0     0     0  301  488  0  0 100  0  0
164  0      0 377710816      0 7983064    0    0     0     0 77387 97405 15  3 82  0  0
80  0      0 377706176      0 7983128    0    0     0     0 362014 350607 53 13 35  0  0
204  0      0 377714784      0 7983128    0    0     0     0 944688 353468 51 14 34  0  0
204  0      0 377691552      0 7983128    0    0     0     0 588384 391042 50 11 38  0  0
161  0      0 377689216      0 7983128    0    0     0     0 516572 425468 49 11 40  0  0
150  0      0 377668704      0 7983128    0    0     0     0 495682 414831 47 11 43  0  0
115  0      0 377677376      0 7983128    0    0     0     0 1193094 427898 48 14 38  0  0
205  0      0 377672672      0 7983128    0    0     0     0 525791 419046 49 11 40  0  0
144  0      0 377680512      0 7983128    0    0     0     0 625746 434896 51 12 37  0  0
 3  0      0 377678752      0 7983128    0    0     0     0 608374 443891 51 11 38  0  0
197  0      0 377681152      0 7983128    0    0     0     0 1048502 425058 48 12 40  0  0
133  0      0 377671616      0 7983128    0    0     0     0 590916 441674 50 11 38  0  0
procs -----------memory---------- ---swap-- -----io---- -system-- ------cpu-----
 r  b   swpd   free   buff  cache   si   so    bi    bo   in   cs us sy id wa st
12  0      0 377676544      0 7983128    0    0     0     0 615383 399806 49 11 40  0  0
103  0      0 377677696      0 7983128    0    0     0     0 548826 414888 48 11 41  0  0
201  0      0 377675360      0 7983128    0    0     0     0 774801 424912 49 11 39  0  0
 3  0      0 377669248      0 7983128    0    0     0     0 615583 435521 51 11 38  0  0
183  0      0 377672640      0 7983128    0    0     0     0 614393 421539 51 12 37  0  0
78  0      0 377660768      0 7983128    0    0     0     0 564767 427545 51 11 38  0  0
24  0      0 377663168      0 7983128    0    0     0     0 899413 423812 48 12 40  0  0
94  0      0 377668032      0 7983128    0    0     0     0 603618 412734 48 11 41  0  0
12  0      0 377670304      0 7983128    0    0     0     0 608724 442315 50 12 38  0  0
105  0      0 377661760      0 7983128    0    0     0     0 1053301 420632 48 12 40  0  0
169  0      0 377660192      0 7983128    0    0     0     0 647868 436070 48 10 41  0  0
187  0      0 377663008      0 7983128    0    0     0     0 616552 426834 49 12 40  0  0
17  0      0 377665440      0 7983128    0    0     0     0 941295 429386 50 13 37  0  0
 3  0      0 377666752      0 7983128    0    0     0     0 582580 429626 50 11 39  0  0
 3  0      0 377664192      0 7983128    0    0     0     0 583413 403491 52 11 37  0  0
118  0      0 377668800      0 7983128    0    0     0     0 771223 443151 50 12 38  0  0
188  0      0 377672800      0 7983128    0    0     0     0 565118 416750 49 11 40  0  0
 4  0      0 377668640      0 7983128    0    0     0     0 624626 414856 49 12 39  0  0
162  0      0 377668576      0 7983128    0    0     0     0 762902 419959 51 13 37  0  0
67  0      0 377669376      0 7983128    0    0     0     0 584372 412476 50 11 38  0  0
 3  0      0 377674048      0 7983128    0    0     0     0 569924 427677 49 10 40  0  0
procs -----------memory---------- ---swap-- -----io---- -system-- ------cpu-----
 r  b   swpd   free   buff  cache   si   so    bi    bo   in   cs us sy id wa st
193  0      0 377682176      0 7983128    0    0     0     0 536557 420686 45 11 44  0  0
126  0      0 377675808      0 7983128    0    0     0     0 796691 438836 49 12 39  0  0
186  0      0 377677600      0 7983128    0    0     0     0 572876 429649 51 11 38  0  0
131  0      0 377683488      0 7983132    0    0     0     0 597097 438847 50 12 38  0  0
198  0      0 377677408      0 7983132    0    0     0     0 729277 444654 49 11 39  0  0
145  0      0 377677280      0 7983132    0    0     0     0 549692 425318 48 11 41  0  0
192  0      0 377674656      0 7983132    0    0     0     0 621917 433268 50 12 38  0  0
166  0      0 377675200      0 7983132    0    0     0     0 683524 430838 52 11 38  0  0
64  0      0 377676256      0 7983132    0    0     0     0 701723 423385 51 12 37  0  0
184  0      0 377677952      0 7983132    0    0     0     0 603746 432835 53 11 36  0  0
195  0      0 377686464      0 7983132    0    0     0     0 596369 413832 51 12 37  0  0
70  0      0 377693472      0 7983132    0    0     0     0 522112 445336 51 12 38  0  0
189  0      0 377689824      0 7983132    0    0     0     0 564454 416102 50 11 39  0  0
 8  0      0 377681504      0 7983132    0    0     0     0 655522 453309 50 12 38  0  0
192  0      0 377688224      0 7983132    0    0     0     0 725859 448578 54 12 34  0  0
 3  0      0 377695680      0 7983132    0    0     0     0 538840 418581 50 11 39  0  0
 3  0      0 377678016      0 7983132    0    0     0     0 623271 430795 50 12 38  0  0
152  0      0 377680704      0 7983132    0    0     0     0 723108 429387 50 12 37  0  0
78  0      0 377684768      0 7983132    0    0     0     0 572209 430537 51 12 37  0  0
204  0      0 377685472      0 7983132    0    0     0     0 551311 400480 49 12 39  0  0
10  0      0 377688896      0 7983132    0    0     0     0 488787 397911 44 11 46  0  0
procs -----------memory---------- ---swap-- -----io---- -system-- ------cpu-----
 r  b   swpd   free   buff  cache   si   so    bi    bo   in   cs us sy id wa st
129  0      0 377685856      0 7983132    0    0     0     0 678158 455609 50 12 38  0  0
34  0      0 377679360      0 7983132    0    0     0     0 767812 422772 49 11 40  0  0
202  0      0 377673312      0 7983132    0    0     0     0 633422 426757 49 11 40  0  0
135  0      0 377677376      0 7983132    0    0     0     0 609813 445739 49 11 40  0  0
199  0      0 377671360      0 7983132    0    0     0     0 720591 428818 49 12 39  0  0
201  0      0 377680288      0 7983132    0    0     0     0 647504 432949 52 12 36  0  0
 0  0      0 377915680      0 7983132    0    0     0     0 294530 188341 21  6 74  0  0
 0  0      0 377916256      0 7983132    0    0     0     0  269  408  0  0 100  0  0
