procs -----------memory---------- ---swap-- -----io---- -system-- ------cpu-----
 r  b   swpd   free   buff  cache   si   so    bi    bo   in   cs us sy id wa st
 1  0  87240 5751484  57424 1176212    4   30   358    83  356   59  7  3 90  0  0
 0  0  87240 5620796  58492 1247168    4    0 22224    96 10060 26262 13  5 82  0  0
 9  0  87240 5620544  58492 1247548    0    0     0     0 2712 3301  6  1 93  0  0
 0  0  87240 5622592  58492 1239292    0    0     0     0 2709 3386  6  1 94  0  0
 0  0  87240 5622088  58492 1239292    0    0     0     0 2700 3261  7  1 92  0  0
19  0  87240 5622088  58492 1239292    0    0     0     0 2681 3216  7  1 93  0  0
 1  0  87240 5599768  58584 1249732    0    0     0 19260 4006 5971 10  2 88  0  0
 2  0  87240 5589144  58584 1250412    0    0    32     0 4810 7311 13  2 86  0  0
 1  0  87240 5580212  58584 1250424    0    0     0   172 4559 7237 12  1 87  0  0
 0  0  87240 5573296  58584 1250504    0    0     0     0 4384 6480 11  1 88  0  0
 7  0  87240 5565092  58584 1250512    0    0     0     0 4261 6430 11  1 88  0  0
 1  0  87240 5557196  58596 1250560    0    0     0    72 4445 6892 10  1 89  0  0
 1  0  87240 5549048  58596 1250608    0    0     0     0 4662 7453 13  1 86  0  0
 0  0  87240 5539052  58596 1250620    0    0     0     0 4693 7288 12  2 87  0  0
 0  0  87240 5527376  58596 1250700    0    0     0     0 4873 7806 13  1 86  0  0
 0  0  87240 5513564  58596 1250564    0    0     0     0 4458 6739 11  1 88  0  0
 0  0  87240 5509308  58604 1250724    0    0     0    72 4186 6070 10  1 89  0  0
 0  0  87240 5507544  58620 1251264    0    0     0    92 4824 7465 11  1 88  0  0
 1  0  87240 5506536  58620 1250768    0    0     0     0 4554 6994 10  1 89  0  0
 1  0  87240 5506284  58620 1250616    0    0     0     0 4452 6662  9  1 90  0  0
 1  0  87240 5504800  58620 1250792    0    0     0     8 4189 6195  9  1 90  0  0
procs -----------memory---------- ---swap-- -----io---- -system-- ------cpu-----
 r  b   swpd   free   buff  cache   si   so    bi    bo   in   cs us sy id wa st
 0  0  87240 5504044  58620 1250832    0    0     0    32 4273 6296  9  1 90  0  0
 0  0  87240 5499444  58628 1250876    0    0     0    44 4609 7024  9  1 90  0  0
 6  0  87240 5499444  58628 1250892    0    0     0     4 4370 6463  9  1 90  0  0
 0  0  87240 5498436  58628 1250752    0    0     0     0 4573 7071  9  1 90  0  0
 0  0  87240 5497680  58628 1250924    0    0     0     0 4213 6189  9  1 91  0  0
 0  0  87240 5497176  58628 1250948    0    0     0     0 4087 5833  9  1 90  0  0
 0  0  87240 5496424  58636 1250928    0    0     0    20 4618 7250  9  2 89  0  0
 2  0  87240 5495416  58636 1250952    0    0     0    32 4500 7140 10  1 89  0  0
 0  0  87240 5494912  58636 1250956    0    0     0     0 4329 6522  9  1 90  0  0
 6  0  87240 5494408  58636 1251036    0    0     0     0 4204 6124 10  1 89  0  0
 0  0  87240 5493652  58636 1250824    0    0     0   220 4211 6361  8  1 91  0  0
 1  0  87240 5491900  58636 1251064    0    0     0     0 4509 6853 11  1 89  0  0
 0  0  87240 5491172  58644 1251096    0    0     0    52 4469 6733  9  1 90  0  0
 1  0  87240 5490672  58644 1251080    0    0     0     0 4488 7243 10  2 88  0  0
 0  0  87240 5489412  58644 1251004    0    0     0     0 4128 5984  9  1 90  0  0
 1  0  87240 5488908  58644 1251020    0    0     0   428 4114 5943  9  1 90  0  0
 0  0  87240 5487648  58644 1251044    0    0     0     0 4573 6897  9  1 90  0  0
 3  0  87240 5486640  58652 1251052    0    0     0    72 4400 6832 10  2 88  0  0
 0  0  87240 5486388  58652 1251132    0    0     0     0 4229 6186  9  1 90  0  0
 0  0  87240 5486136  58652 1251116    0    0     0     0 4132 6016  9  1 90  0  0
 1  0  87240 5485884  58652 1251124    0    0     0     0 4184 6099  8  1 91  0  0
procs -----------memory---------- ---swap-- -----io---- -system-- ------cpu-----
 r  b   swpd   free   buff  cache   si   so    bi    bo   in   cs us sy id wa st
 0  0  87240 5483364  58652 1251136    0    0     0     0 4558 6612 11  1 88  0  0
 1  0  87240 5482608  58660 1250992    0    0     0    16 4321 6409 10  1 89  0  0
 1  0  87240 5482608  58660 1251236    0    0     0     0 4599 7049 10  1 89  0  0
 9  0  87240 5482608  58660 1251248    0    0     0     0 4185 6407  9  1 90  0  0
 1  0  87240 5482356  58660 1251292    0    0     0     0 4058 5903  9  1 90  0  0
 2  0  87240 5481604  58660 1251312    0    0     0     0 4466 7005  9  2 90  0  0
 0  0  87240 5480848  58668 1251328    0    0     0    20 4441 6974  9  1 89  0  0
 0  0  87240 5480596  58668 1251340    0    0     0     0 4280 6257  9  1 90  0  0
 0  0  87240 5480092  58668 1251292    0    0     0     0 4226 6061  9  2 89  0  0
 0  0  87240 5479364  58668 1251284    0    0     0     0 4194 6268  9  1 90  0  0
16  0  87240 5479112  58668 1251292    0    0     0     0 4287 6494  9  1 90  0  0
 1  0  87240 5478860  58676 1251300    0    0     0    20 4320 6308  9  1 90  0  0
 0  0  87240 5477600  58676 1251344    0    0     0     0 4481 6875 10  2 88  0  0
 1  0  87240 5477600  58676 1251352    0    0     0     0 4189 6143  8  2 90  0  0
 1  0  87240 5477600  58676 1251428    0    0     0    28 4145 6063  9  1 90  0  0
 1  0  87240 5477096  58676 1251604    0    0     0     0 4493 6853  9  1 89  0  0
 0  0  87240 5477096  58684 1251388    0    0     0    56 4315 6540  9  1 90  0  0
 0  0  87240 5477096  58684 1251488    0    0     0     0 4323 6302  9  1 89  0  0
 1  0  87240 5477096  58684 1251424    0    0     0     0 4160 6146  9  1 89  0  0
 0  0  87240 5476592  58684 1251704    0    0     0     0 4191 6130  9  1 90  0  0
 2  0  87240 5476592  58684 1251964    0    0     0     8 4418 6529 10  1 89  0  0
procs -----------memory---------- ---swap-- -----io---- -system-- ------cpu-----
 r  b   swpd   free   buff  cache   si   so    bi    bo   in   cs us sy id wa st
 0  0  87240 5476592  58692 1251724    0    0     0    68 4358 6544  8  1 91  0  0
 0  0  87240 5476088  58692 1251552    0    0     0     8 4420 6910 10  1 89  0  0
 0  0  87240 5476088  58692 1251560    0    0     0     0 4108 6179  9  1 90  0  0
 0  0  87240 5476088  58692 1251512    0    0     0     0 3987 5737  8  1 90  0  0
 0  0  87240 5476088  58692 1251528    0    0     0   432 4535 6822 10  1 89  0  0
 1  0  87240 5475836  58700 1251536    0    0     0    48 4488 6718 10  1 89  0  0
 0  0  87240 5475836  58700 1251552    0    0     0     0 4335 6280  9  1 90  0  0
 1  0  87240 5475836  58700 1251568    0    0     0     0 4179 6191  9  1 90  0  0
 1  0  87240 5475584  58700 1251584    0    0     0     0 4289 6199  9  1 90  0  0
 1  0  87240 5475332  58716 1251804    0    0     0   168 4476 6781 10  2 88  0  0
 1  0  87240 5474840  58716 1251632    0    0     0    56 4376 6581  9  1 90  0  0
 0  0  87240 5474588  58716 1251648    0    0     0     0 4487 6689 11  1 88  0  0
 0  0  87240 5474588  58716 1251412    0    0     0     0 4279 6274  9  1 90  0  0
 0  0  87240 5474336  58716 1251620    4    0     4     0 4156 6116  8  1 91  0  0
 0  0  87240 5474084  58724 1251652    0    0     0   112 4658 7256 10  1 89  0  0
 0  0  87240 5474084  58724 1251660    0    0     0     0 4540 6987 10  1 89  0  0
 9  0  87240 5474084  58724 1251732    0    0     0     0 4337 6315  9  1 90  0  0
 0  0  87240 5474084  58724 1251684    0    0     0     0 4194 6049  9  1 90  0  0
 0  0  87240 5474084  58724 1251860    0    0     0    12 4190 6079  9  1 90  0  0
 1  0  87240 5473328  58732 1251908    0    0     0   296 4360 6487 10  1 89  0  0
 1  0  87240 5473328  58732 1252180    0    0     0     0 4331 6333  9  1 90  0  0
procs -----------memory---------- ---swap-- -----io---- -system-- ------cpu-----
 r  b   swpd   free   buff  cache   si   so    bi    bo   in   cs us sy id wa st
 0  0  87240 5473328  58732 1251924    0    0     0     0 4552 6927 10  1 89  0  0
 7  0  87240 5473076  58732 1251732    0    0     0     0 4169 6184  9  2 90  0  0
 0  0  87240 5473076  58732 1251732    0    0     0     0 4052 5941  9  1 90  0  0
 0  0  87240 5471816  58740 1251824    0    0     0   104 4641 7136 10  1 89  0  0
 0  0  87240 5471564  58740 1251832    0    0     0     0 4450 6815 10  1 89  0  0
 1  0  87240 5471060  58740 1251852    0    0     0     0 4313 6290  9  1 90  0  0
 0  0  87240 5470808  58740 1251868    0    0     0     0 4068 5960  9  1 90  0  0
 0  0  87240 5470556  58740 1251872    0    0     0     0 4138 6156  9  1 90  0  0
10  0  87240 5470304  58748 1251884    0    0     0    36 4326 6300 10  1 89  0  0
 0  0  87240 5469548  58748 1251908    0    0     0     0 4250 6582  9  1 89  0  0
 0  0  87240 5469044  58748 1251920    0    0     0     0 4464 6746 10  1 89  0  0
 0  0  87240 5468792  58748 1251936    0    0     0     0 4178 6189  9  1 90  0  0
 0  0  87240 5467784  58748 1252012    0    0     0     0 4066 5990  9  1 89  0  0
 0  0  87240 5467028  58756 1252012    0    0     0    16 4630 7196 10  1 90  0  0
 0  0  87240 5466300  58756 1252080    0    0     0     0 4477 6747 10  1 89  0  0
 1  0  87240 5465544  58756 1251864    0    0     0     0 4333 6356 10  1 89  0  0
 1  0  87240 5464536  58756 1251872    0    0     0     0 4107 6250  9  1 90  0  0
 0  0  87240 5464536  58756 1251900    0    0     0     0 4101 5982  9  1 90  0  0
 0  0  87240 5464032  58764 1251884    0    0     0    28 4353 6498  9  1 90  0  0
 0  0  87240 5463780  58764 1252068    0    0     0     0 4393 6473  9  1 89  0  0
 0  0  87240 5462520  58764 1252140    0    0     0     0 4577 6919 10  2 88  0  0
procs -----------memory---------- ---swap-- -----io---- -system-- ------cpu-----
 r  b   swpd   free   buff  cache   si   so    bi    bo   in   cs us sy id wa st
 0  0  87240 5461512  58764 1252416    0    0     0     0 4191 6285  8  1 90  0  0
 1  0  87240 5460756  58764 1252460    0    0     0    20 4102 5979  9  1 90  0  0
 2  0  87240 5459748  58772 1251964    0    0     0    48 4559 7004 10  1 89  0  0
 0  0  87240 5459244  58772 1251980    0    0     0     0 4448 6909 10  1 89  0  0
 0  0  87240 5458740  58772 1251988    0    0     0     0 4330 6484  9  1 90  0  0
 1  0  87240 5457984  58772 1252200    0    0     0     0 4179 6121  8  1 91  0  0
 1  0  87240 5457732  58772 1252208    0    0     0     0 4171 6147  9  1 90  0  0
 1  0  87240 5456976  58780 1252240    0    0     0    52 4495 6840  9  1 90  0  0
 1  0  87240 5456220  58780 1252220    0    0     0     0 4342 6614 10  1 89  0  0
 0  0  87240 5454456  58780 1252224    0    0     0     0 4573 7290 10  1 89  0  0
 0  0  87240 5454456  58780 1252236    0    0     0     0 4152 6222  8  1 90  0  0
 1  0  87240 5454204  58780 1252240    0    0     0     0 4035 5875  9  1 90  0  0
 3  0  87240 5454204  58788 1252252    0    0     0    16 4505 6969  9  2 89  0  0
10  0  87240 5453952  58788 1252176    0    0     0   444 4358 6540 10  1 89  0  0
 0  0  87240 5453448  58788 1252288    0    0     0     0 4302 6352  9  1 90  0  0
 7  0  87240 5453448  58788 1252308    0    0     0     0 4034 5942  9  1 90  0  0
 1  0  87240 5452944  58788 1252380    0    0     0     0 4198 6164  9  1 90  0  0
 0  0  87240 5452944  58796 1252544    0    0     0    32 4460 6781  9  2 89  0  0
 1  0  87240 5452944  58796 1252340    0    0     0    76 4410 6725  9  1 90  0  0
 2  0  87240 5452192  58796 1252424    0    0     0     0 4472 6720  9  1 90  0  0
 0  0  87240 5452192  58796 1252428    0    0     0     0 4202 6118  9  1 90  0  0
procs -----------memory---------- ---swap-- -----io---- -system-- ------cpu-----
 r  b   swpd   free   buff  cache   si   so    bi    bo   in   cs us sy id wa st
 0  0  87240 5452192  58796 1252304    0    0     0     0 4001 5866  9  1 91  0  0
 0  1  87240 5451940  58796 1252480    0    0     0    24 4542 6864  9  1 89  0  0
 0  0  87240 5451940  58804 1253008    0    0     0   104 4448 6737 10  1 89  0  0
 0  0  87240 5451940  58804 1253076    0    0     0     0 4238 6249  9  1 90  0  0
 0  0  87240 5451940  58804 1252832    0    0     0     0 4156 6198 10  1 89  0  0
 0  0  87240 5451688  58804 1252596    0    0     0    12 4226 6193  9  1 90  0  0
 0  0  87240 5451436  58804 1252380    0    0     0     0 4378 6702 10  1 89  0  0
 1  0  87240 5451436  58812 1252544    0    0     0    40 4384 6768  9  1 89  0  0
10  0  87240 5451436  58812 1252608    0    0     0    76 4491 6768 10  1 89  0  0
 0  0  87240 5451436  58812 1252620    0    0     0     0 4097 6077  9  2 90  0  0
 1  0  87240 5450932  58812 1252632    0    0     0     0 4088 5900  9  1 90  0  0
 0  0  87240 5450932  58812 1252648    0    0     0     0 4571 7020 10  2 89  0  0
 0  0  87240 5450932  58820 1252736    0    0     0    40 4348 6521  9  1 89  0  0
 0  0  87240 5450932  58820 1252676    0    0     0    88 4337 6464 10  1 89  0  0
 0  0  87240 5450932  58820 1252692    0    0     0     0 4160 6098  9  1 90  0  0
 0  0  87240 5450708  58820 1252704    0    0     0     0 4136 6107  9  1 90  0  0
 0  0  87240 5450456  58820 1252716    0    0     0     0 4350 6354 10  1 89  0  0
 0  0  87240 5450456  58828 1252828    0    0     0    56 4345 6297  9  1 89  0  0
 0  0  87240 5450456  58828 1252680    0    0     0    80 4522 6894 10  1 89  0  0
 0  0  87240 5450204  58828 1252704    0    0     0     0 4175 6000  9  1 91  0  0
 1  0  87240 5450204  58828 1252768    0    0     0     0 3968 5687  8  1 91  0  0
procs -----------memory---------- ---swap-- -----io---- -system-- ------cpu-----
 r  b   swpd   free   buff  cache   si   so    bi    bo   in   cs us sy id wa st
20  0  87240 5449980  58828 1252832    0    0     0     0 4592 7105 10  1 89  0  0
 0  0  87240 5449980  58836 1252936    0    0     0    28 4318 6402  9  1 90  0  0
 1  0  87240 5449980  58836 1252956    0    0     0    80 4338 6618 10  1 89  0  0
 0  0  87240 5449728  58836 1252896    0    0     0     0 4165 6257  9  1 90  0  0
 0  0  87240 5449480  58836 1252868    0    0     0     0 4139 5955  9  1 90  0  0
 1  0  87240 5449480  58836 1252876    0    0     0    20 4562 7055 10  1 89  0  0
 0  0  87240 5449480  58844 1252912    0    0     0    56 4280 6319 10  1 89  0  0
 0  0  87240 5449480  58844 1253080    0    0     0    80 4527 6935 10  1 89  0  0
 0  0  87240 5449480  58844 1252920    0    0     0     0 4183 6221  9  1 90  0  0
 0  0  87240 5449228  58844 1252928    0    0     0     0 4044 5827  9  1 90  0  0
 1  0  87240 5449228  58844 1252792    0    0     0     0 4512 6832 10  1 88  0  0
 0  0  87240 5448976  58852 1252968    0    0     0    68 4323 6419 10  1 89  0  0
 0  0  87240 5448976  58852 1252816    0    0     0    80 4312 6333 10  1 90  0  0
 0  0  87240 5448976  58852 1252992    0    0     0     0 4186 6063  9  1 90  0  0
 1  0  87240 5448472  58852 1253004    0    0     0     0 4113 5852  8  1 90  0  0
 0  0  87240 5448220  58852 1252924    0    0     0     0 4269 6380  9  1 90  0  0
 0  0  87240 5448220  58860 1252948    0    0     0    28 4324 6311  9  1 90  0  0
 0  0  87240 5447968  58860 1253068    0    0     0    80 4500 6838 10  1 89  0  0
 1  0  87240 5447968  58860 1253076    0    0     0     0 4180 6134 10  1 90  0  0
 0  0  87240 5447968  58860 1253060    0    0     0     0 4096 6058  9  1 90  0  0
 0  0  87240 5447968  58860 1253044    0    0     0     0 4649 7145  9  1 90  0  0
procs -----------memory---------- ---swap-- -----io---- -system-- ------cpu-----
 r  b   swpd   free   buff  cache   si   so    bi    bo   in   cs us sy id wa st
 1  0  87240 5447968  58868 1253092    0    0     0    68 4296 6455 10  1 89  0  0
 0  0  87240 5447968  58868 1253132    0    0     0     0 4238 6290 10  2 89  0  0
 1  0  87240 5447968  58868 1253244    0    0     0    76 4241 6226  9  1 90  0  0
 0  0  87240 5447716  58868 1253256    0    0     0     0 4167 6284 10  1 89  0  0
 2  0  87240 5447716  58868 1253528    0    0     0     0 4375 6657  9  1 90  0  0
 0  0  87240 5447464  58876 1253696    0    0     0    24 4310 6439  9  1 90  0  0
 0  0  87240 5447464  58876 1253448    0    0     0     0 4368 6709 10  1 90  0  0
 8  0  87240 5447464  58876 1253200    0    0     0    80 4104 5966  8  1 90  0  0
 0  0  87240 5447212  58876 1253228    0    0     0     0 3966 5716  9  1 90  0  0
 0  0  87240 5446708  58876 1253304    0    0     0     0 4449 6874 10  1 89  0  0
 0  0  87240 5446456  58884 1253316    0    0     0    68 4462 6794 10  1 89  0  0
 0  0  87240 5446204  58884 1253328    0    0     0    12 4265 6319  9  2 89  0  0
 1  0  87240 5446204  58884 1253288    0    0     0    84 4302 6244 10  1 89  0  0
 1  0  87240 5446204  58884 1253300    0    0     0     0 4026 5696  8  1 91  0  0
 1  0  87240 5446204  58884 1253160    0    0     0     0 4353 6511 10  1 90  0  0
 0  0  87240 5445952  58892 1253320    0    0     0    56 4133 5910  9  2 90  0  0
 1  0  87240 5445952  58892 1253340    0    0     0     0 4452 6708 10  1 89  0  0
 0  0  87240 5445952  58892 1253360    0    0     0    76 4175 6079  9  1 90  0  0
 0  0  87240 5445700  58892 1253348    0    0     0     0 3998 5748  9  1 91  0  0
 1  0  87240 5444944  58892 1253392    0    0     0     0 4831 7315 11  1 88  0  0
 0  0  87240 5444692  58900 1253464    0    0     0    68 4471 6987  9  1 89  0  0
procs -----------memory---------- ---swap-- -----io---- -system-- ------cpu-----
 r  b   swpd   free   buff  cache   si   so    bi    bo   in   cs us sy id wa st
 9  0  87240 5444440  58900 1253420    0    0     0     0 4300 6360  9  1 89  0  0
 0  0  87240 5444440  58900 1253428    0    0     0    84 4194 6254  9  1 90  0  0
 1  0  87240 5444440  58900 1253444    0    0     0     0 4130 5831  9  1 90  0  0
 0  0  87240 5444440  58900 1253536    0    0     0     0 4534 6815 10  1 88  0  0
 0  0  87240 5444188  58908 1253504    0    0     0    28 4273 6340  9  1 90  0  0
 1  0  87240 5443936  58908 1253760    0    0     0     0 4554 6921  9  1 89  0  0
13  0  87240 5443432  58908 1254024    0    0     0    76 4210 6067  9  1 90  0  0
 1  0  87240 5443432  58908 1253528    0    0     0     0 4106 6018  9  1 90  0  0
 1  0  87240 5443432  58908 1253544    0    0     0     8 4638 7100 10  1 89  0  0
 0  0  87240 5443432  58916 1253552    0    0     0    68 4307 6505 10  1 89  0  0
 0  0  87240 5443432  58916 1253416    0    0     0     0 4289 6356  9  1 90  0  0
 0  0  87240 5443432  58916 1253420    0    0     0    84 4138 6008  9  1 90  0  0
 0  0  87240 5443432  58916 1253644    0    0     0     0 4094 6082  9  1 90  0  0
 8  0  87240 5443180  58916 1253424    0    0     0     0 4317 6397  9  1 90  0  0
 1  0  87240 5442676  58924 1253628    0    0     0    28 4189 6361  9  1 91  0  0
 1  0  87240 5442676  58924 1253648    0    0     0     0 4516 6886 10  1 89  0  0
 0  0  87240 5442424  58924 1253504    0    0     0    76 4151 5993  9  2 89  0  0
 0  0  87240 5442424  58924 1253512    0    0     0    12 4083 5762  8  1 91  0  0
 0  0  87240 5442424  58924 1253724    0    0     0     0 4687 7308 10  1 89  0  0
 0  0  87240 5442424  58932 1253736    0    0     0    68 4380 6543 10  2 89  0  0
 1  0  87240 5442424  58932 1253756    0    0     0     0 4337 6449  9  2 89  0  0
procs -----------memory---------- ---swap-- -----io---- -system-- ------cpu-----
 r  b   swpd   free   buff  cache   si   so    bi    bo   in   cs us sy id wa st
 0  0  87240 5442424  58932 1253772    0    0     0     0 4308 6470  9  1 90  0  0
 0  0  87240 5442424  58932 1253848    0    0     0    80 4144 6011  9  1 90  0  0
 0  0  87240 5442424  58932 1253796    0    0     0     0 4366 6448  9  1 90  0  0
 0  0  87240 5442424  58940 1253804    0    0     0    24 4169 6320  9  1 90  0  0
 0  0  87240 5442172  58940 1253800    0    0     0     0 4435 6642 10  1 89  0  0
 0  0  87240 5442172  58940 1253808    0    0     0     0 4149 6086  9  1 90  0  0
 1  0  87240 5442172  58940 1253816    0    0     0    80 4077 5802  9  1 91  0  0
13  0  87240 5442172  58940 1253808    0    0     0     0 4441 6990 10  1 89  0  0
 0  0  87240 5442172  58940 1253820    0    0     0     0 4256 6449 10  1 89  0  0
 2  0  87240 5442172  58948 1253896    0    0     0    24 4336 6307  9  2 89  0  0
 0  0  87240 5442172  58948 1253688    0    0     0     0 4211 6168 10  1 89  0  0
 0  0  87240 5442172  58948 1253928    0    0     0    80 4155 6159  9  2 90  0  0
 0  0  87240 5442172  58948 1253852    0    0     0     0 4342 6663  9  1 89  0  0
 0  0  87240 5442172  58948 1253852    0    0     0     0 4239 6176  9  1 90  0  0
 1  0  87240 5442172  58956 1253716    0    0     0    24 4428 6953 10  1 89  0  0
 0  0  87240 5441920  58956 1253884    0    0     0     0 4104 5944  8  1 90  0  0
 0  0  87240 5441920  58956 1253896    0    0     0    84 4125 6109  9  1 90  0  0
 0  0  87240 5441668  58956 1254068    0    0     0     0 4661 7208  9  1 89  0  0
 1  0  87240 5441668  58956 1254076    0    0     0     0 4260 6372 10  1 89  0  0
 9  0  87240 5441668  58964 1254088    0    0     0    68 4290 6166 10  1 90  0  0
 0  0  87240 5441668  58964 1253880    0    0     0     0 4104 5909  9  1 90  0  0
procs -----------memory---------- ---swap-- -----io---- -system-- ------cpu-----
 r  b   swpd   free   buff  cache   si   so    bi    bo   in   cs us sy id wa st
 0  0  87240 5441668  58964 1254052    0    0     0    80 4227 6149  9  1 90  0  0
 0  0  87240 5441668  58964 1254088    0    0     0    12 4461 6691 10  1 89  0  0
 0  0  87240 5441164  58964 1254200    0    0     0     0 4191 6100  8  1 90  0  0
 1  0  87240 5441164  58972 1254208    0    0     0    40 4433 6769 10  1 89  0  0
 0  0  87240 5441164  58972 1254400    0    0     0     0 4288 6339  9  1 90  0  0
 0  0  87240 5440912  58972 1254288    0    0     0     0 3986 5838  8  1 91  0  0
 1  0  87240 5440912  58972 1254280    0    0     0     0 4525 6906 10  1 89  0  0
 0  0  87240 5440912  58972 1254460    0    0     0     0 4380 6648 10  1 89  0  0
 0  0  87240 5440660  58980 1254708    0    0     0    52 4295 6086  9  2 90  0  0
 0  0  87240 5440660  58980 1254480    0    0     0     0 4220 6322  9  1 90  0  0
 0  0  87240 5440660  58980 1254232    0    0     0     8 4143 5975  9  1 90  0  0
 1  0  87240 5440660  58980 1254284    0    0     0     0 4289 6335 10  1 89  0  0
 0  0  87240 5440660  58980 1254292    0    0     0     0 4398 6461  9  1 90  0  0
 1  0  87240 5440408  58988 1254412    0    0     0    32 4575 6730 11  1 88  0  0
13  0  87240 5440408  58988 1254424    0    0     0     0 4120 5912  9  1 90  0  0
 1  0  87240 5440408  58988 1254372    0    0     0     0 4123 5790  9  1 90  0  0
 0  0  87240 5440408  58988 1254228    0    0     0     0 4505 6734 10  1 89  0  0
 1  0  87240 5440408  58988 1254240    0    0     0     0 4402 6651 10  1 89  0  0
 0  0  87240 5440156  58996 1254408    0    0     0    36 4325 6265 10  1 89  0  0
 0  0  87240 5440156  58996 1254432    0    0     0     0 4185 5989 10  1 89  0  0
 1  0  87240 5440156  58996 1254444    0    0     0     0 4131 6127  8  1 90  0  0
procs -----------memory---------- ---swap-- -----io---- -system-- ------cpu-----
 r  b   swpd   free   buff  cache   si   so    bi    bo   in   cs us sy id wa st
 1  0  87240 5439652  58996 1254540    0    0     0     0 4256 6130 10  1 89  0  0
 1  0  87240 5439652  58996 1254548    0    0     0     0 4325 6483 10  1 89  0  0
 1  0  87240 5439652  59004 1254516    0    0     0    20 4430 6867  9  1 90  0  0
 0  0  87240 5439652  59004 1254516    0    0     0     0 4196 6088  9  1 90  0  0
15  0  87240 5439652  59004 1254532    0    0     0     0 4131 6009  9  1 89  0  0
 0  0  87240 5439400  59004 1254552    0    0     0    12 4677 7204 11  1 88  0  0
 0  0  87240 5439400  59004 1254564    0    0     0     0 4326 6423  9  1 90  0  0
 0  0  87240 5439400  59012 1254580    0    0     0    52 4308 6324  9  2 89  0  0
 0  0  87240 5439400  59012 1254588    0    0     0     0 4240 6341 10  1 90  0  0
 1  0  87240 5439400  59020 1254592    0    0     0    24 4162 6193  9  1 90  0  0
 0  0  87240 5439400  59020 1254656    0    0     0   436 4329 6231  9  1 90  0  0
 3  0  87240 5439148  59020 1254600    4    0     4     0 4313 6401  8  1 90  0  0
 1  0  87240 5439148  59020 1254616    0    0     0     0 4498 6920 10  1 89  0  0
 0  0  87240 5439148  59020 1254696    0    0     0     0 4113 5845  9  1 90  0  0
 1  0  87240 5439148  59028 1254660    0    0     0    40 4147 5957  9  1 90  0  0
 0  0  87240 5438896  59028 1254688    0    0     0     0 4541 6964  9  1 89  0  0
 0  0  87240 5438896  59028 1254704    0    0     0     0 4363 6654  9  1 90  0  0
 0  0  87240 5438896  59028 1254716    0    0     0     0 4131 6080  9  0 90  0  0
 0  0  87240 5438644  59028 1254732    0    0     0     0 4159 6241 10  1 90  0  0
 1  0  87240 5438644  59036 1254756    0    0     0    16 4205 6268 10  1 89  0  0
 1  0  87240 5438644  59036 1254776    0    0     0     0 4434 6629 10  1 89  0  0
procs -----------memory---------- ---swap-- -----io---- -system-- ------cpu-----
 r  b   swpd   free   buff  cache   si   so    bi    bo   in   cs us sy id wa st
 1  0  87240 5438140  59036 1254816    0    0     0     0 4149 6380  8  1 91  0  0
 1  0  87240 5438140  59036 1254776    0    0     0     0 4553 7108 10  1 89  0  0
 1  0  87240 5438140  59036 1254756    0    0     0     0 4063 5804  9  1 90  0  0
 0  0  87240 5438140  59044 1254756    0    0     0    20 4113 5928  9  1 91  0  0
 0  0  87240 5437888  59044 1254860    0    0     0   256 4495 6798 10  2 89  0  0
 0  0  87240 5437636  59044 1254880    0    0     0     0 4402 6705 10  2 89  0  0
 0  0  87240 5437636  59044 1254900    0    0     0     0 4280 6256  9  1 90  0  0
 0  0  87240 5437384  59044 1254984    0    0     0     0 4213 6477  9  1 91  0  0
 0  0  87240 5437132  59052 1254932    0    0     0   116 4269 6234  9  1 90  0  0
 0  0  87240 5437132  59052 1255104    0    0     0    76 4313 6217  9  1 89  0  0
 0  0  87240 5437132  59052 1254960    0    0     0     0 4262 6479 10  1 89  0  0
10  0  87240 5437132  59052 1254916    0    0     0     0 4501 6902 10  2 89  0  0
 0  0  87240 5437132  59052 1254920    0    0     0     8 3981 5747  9  1 90  0  0
 1  0  87240 5436908  59060 1255036    0    0     0    40 4166 6020  9  1 90  0  0
 0  0  87240 5436908  59060 1255044    0    0     0     0 4532 6998  9  1 90  0  0
 0  0  87240 5436908  59060 1254912    0    0     0    80 4400 6748  9  1 90  0  0
 0  0  87240 5436908  59060 1255076    0    0     0     0 4218 6071  9  1 90  0  0
 0  0  87240 5436152  59060 1255068    0    0     0     0 4244 6184 10  1 89  0  0
 0  0  87240 5436152  59068 1255064    0    0     0    24 4285 6152  9  2 90  0  0
 0  0  87240 5436152  59068 1255088    0    0     0    24 4278 6280  9  1 90  0  0
 0  0  87240 5436152  59068 1255160    0    0     0    80 4214 6267  9  1 90  0  0
procs -----------memory---------- ---swap-- -----io---- -system-- ------cpu-----
 r  b   swpd   free   buff  cache   si   so    bi    bo   in   cs us sy id wa st
 0  0  87240 5436152  59068 1255152    0    0     0     0 4486 6882 10  1 89  0  0
 0  0  87240 5436152  59068 1255160    0    0     0     0 4131 6120  9  1 90  0  0
 0  0  87240 5436152  59076 1255108    0    0     0    24 4126 6023  9  1 90  0  0
 0  0  87240 5436152  59076 1255192    0    0     0     0 4498 6813  9  1 89  0  0
 0  0  87240 5436152  59076 1255208    0    0     0    80 4356 6548 10  1 89  0  0
 1  0  87240 5436152  59076 1255216    0    0     0     0 4260 6153  8  1 91  0  0
 0  0  87240 5436152  59076 1255232    0    0     0     0 4103 6207  8  1 90  0  0
 0  0  87240 5436152  59084 1255292    0    0     0    28 4338 6651 10  1 89  0  0
 0  0  87240 5436152  59084 1255248    0    0     0    12 4280 6128  9  1 90  0  0
 0  0  87240 5436152  59084 1255252    0    0     0    76 4357 6532  9  1 90  0  0
 0  0  87240 5435900  59084 1255276    0    0     0     0 4496 6697 10  2 88  0  0
 0  0  87240 5435900  59084 1255284    0    0     0     0 4118 5960  9  1 90  0  0
 0  0  87240 5435900  59084 1255304    0    0     0    12 4084 5925  9  1 90  0  0
 0  0  87240 5435648  59092 1255320    0    0     0    40 4554 6906 10  1 89  0  0
 0  0  87240 5435648  59092 1255336    0    0     0    84 4319 6432 10  2 89  0  0
 0  0  87240 5435648  59092 1255188    0    0     0     0 4264 6193 10  1 89  0  0
 0  0  87240 5435396  59092 1255420    0    0     0     0 4161 6113  9  1 90  0  0
 0  0  87240 5435396  59092 1255416    0    0     0     0 4336 6558  9  1 90  0  0
20  0  87240 5435396  59100 1255416    0    0     0    52 4328 6479  9  1 89  0  0
 0  0  87240 5435396  59100 1255456    0    0     0    76 4133 6253  9  1 90  0  0
 0  0  87240 5435396  59100 1255468    0    0     0     0 4494 6929  9  1 89  0  0
procs -----------memory---------- ---swap-- -----io---- -system-- ------cpu-----
 r  b   swpd   free   buff  cache   si   so    bi    bo   in   cs us sy id wa st
 0  0  87240 5435396  59100 1255268    0    0     0     0 4118 5887  9  1 90  0  0
 1  0  87240 5435396  59100 1255444    0    0     0     0 4040 5852  9  1 90  0  0
 0  0  87240 5435144  59132 1255312    0    0     0   132 4575 7156 10  1 89  0  0
 0  0  87240 5435144  59132 1255520    0    0     0    88 4471 6814 10  1 88  0  0
 0  0  87240 5435144  59132 1255496    0    0     0     0 4243 6180  9  2 89  0  0
 0  0  87240 5435144  59132 1255476    0    0     0     0 4100 6111  9  1 90  0  0
 1  0  87240 5435144  59132 1255488    0    0     0     0 4233 6395 10  1 89  0  0
 0  0  87240 5435144  59140 1255436    0    0     0    84 4337 6489 10  1 89  0  0
 0  0  87240 5435144  59140 1255452    0    0     0    76 4258 6373  9  2 89  0  0
 0  0  87240 5435144  59140 1255508    0    0     0     0 4503 6644 10  1 89  0  0
 0  0  87240 5434640  59140 1255356    0    0     0     0 4075 5805  9  1 91  0  0
 0  0  87240 5434640  59140 1255556    0    0     0     0 4108 5942  9  1 91  0  0
 4  0  87240 5434136  59140 1255584    0    0     0    20 4549 6898 10  1 89  0  0
 0  0  87240 5433884  59148 1255596    0    0     0   112 4279 6650 10  1 89  0  0
 0  0  87240 5433884  59148 1255608    0    0     0    20 4313 6257  9  2 89  0  0
 0  0  87240 5432624  59148 1255656    0    0     0     0 4255 6406  9  1 90  0  0
 0  0  87240 5432372  59148 1255656    0    0     0     0 4423 6727  9  1 90  0  0
 1  0  87240 5430860  59148 1255712    0    0     0     0 4444 6602 11  1 88  0  0
 1  0  87240 5430608  59156 1255732    0    0     0    48 4345 6468 10  1 89  0  0
 0  0  87240 5430104  59156 1255812    0    0     0    80 4444 6698 10  1 89  0  0
 1  0  87240 5429852  59156 1255816    0    0     0     0 4150 5861  9  2 90  0  0
procs -----------memory---------- ---swap-- -----io---- -system-- ------cpu-----
 r  b   swpd   free   buff  cache   si   so    bi    bo   in   cs us sy id wa st
 1  0  87240 5429600  59156 1255768    0    0     0     0 4237 6171  9  1 90  0  0
 1  0  87240 5429600  59156 1255780    0    0     0     0 4398 6626 10  2 88  0  0
 0  0  87240 5429600  59164 1255868    0    0     0    24 4450 6840  9  1 90  0  0
 0  0  87240 5429600  59164 1255872    0    0     0    80 4313 6239  9  1 90  0  0
17  0  87240 5429600  59164 1255832    0    0     0     0 4105 6024  9  1 90  0  0
 0  0  87240 5429600  59164 1255832    0    0     0     0 4241 6174  9  1 90  0  0
 0  0  87240 5429600  59164 1255888    0    0     0     0 4236 6199 10  1 89  0  0
 1  0  87240 5429600  59172 1255892    0    0     0    24 4408 6474  9  1 89  0  0
 0  0  87240 5429096  59172 1255820    0    0     0    80 4537 6824 11  1 88  0  0
 0  0  87240 5429096  59172 1255832    0    0     0     0 4192 6053  9  1 90  0  0
 1  0  87240 5428844  59172 1255836    0    0     0     0 4065 5982  9  1 91  0  0
 0  0  87240 5428844  59172 1255692    0    0     0     0 4391 6613  9  1 90  0  0
 0  0  87240 5428592  59180 1255868    0    0     0   192 4374 6637  9  1 90  0  0
 1  0  87240 5428592  59180 1256408    0    0     0    76 4257 6235  8  2 90  0  0
 0  0  87240 5428592  59180 1256472    0    0     0     0 4326 6276 10  1 89  0  0
 0  0  87240 5428592  59180 1256040    0    0     0     0 4188 6098  8  1 91  0  0
 0  0  87240 5428592  59180 1256004    0    0     0     0 4425 6640 10  1 89  0  0
 0  0  87240 5428592  59188 1256144    0    0     0    28 4333 6477  8  2 90  0  0
 0  0  87240 5428592  59188 1255996    0    0     0    80 4492 6853  9  1 89  0  0
 0  0  87240 5428592  59188 1256000    0    0     0     0 4066 6040  9  1 90  0  0
 1  0  87240 5428592  59188 1255944    0    0     0     0 4234 5989 10  1 90  0  0
procs -----------memory---------- ---swap-- -----io---- -system-- ------cpu-----
 r  b   swpd   free   buff  cache   si   so    bi    bo   in   cs us sy id wa st
 0  0  87240 5428592  59188 1255964    0    0     0    12 4503 6830  9  1 90  0  0
 0  0  87240 5428340  59196 1256044    0    0     0    28 4390 6522 10  1 89  0  0
 0  0  87240 5428340  59196 1256052    0    0     0    80 4269 6223  9  1 90  0  0
 0  0  87240 5428088  59196 1255912    0    0     0     0 4199 6419 10  1 89  0  0
 0  0  87240 5428088  59196 1255928    0    0     0     0 4325 6397 10  1 89  0  0
 0  0  87240 5428088  59196 1256100    0    0     0     0 4304 6308  9  1 90  0  0
 0  0  87240 5428088  59204 1256112    0    0     0    36 4270 6524 10  2 89  0  0
 0  0  87240 5428088  59204 1256136    0    0     0    84 4386 6657 10  1 89  0  0
 0  0  87240 5428088  59204 1256152    0    0     0     0 4104 5881  9  1 90  0  0
 1  0  87240 5427864  59204 1256192    0    0     0     0 4186 6290  9  1 90  0  0
 8  0  87240 5427612  59204 1256432    0    0     0     0 4354 6628  9  1 90  0  0
 0  0  87240 5427612  59212 1256232    0    0     0    36 4449 6642  9  2 89  0  0
 0  0  87240 5427612  59212 1256248    0    0     0    80 4260 6227  9  1 90  0  0
 0  0  87240 5427612  59212 1256228    0    0     0     0 4216 6182  9  1 90  0  0
 0  0  87240 5427612  59212 1256080    0    0     0     0 4287 6282  9  1 90  0  0
 0  0  87240 5427612  59228 1256616    0    0     0   104 4280 6344 10  1 89  0  0
 0  0  87240 5427360  59228 1256660    0    0     0    68 4344 6669  9  1 90  0  0
 0  0  87240 5427360  59228 1256328    0    0     0     0 4467 6873  9  1 89  0  0
 8  0  87240 5427360  59228 1256364    0    0     0    80 4193 6184  9  1 90  0  0
 1  0  87240 5427108  59228 1256312    0    0     0     0 4316 6288  9  1 90  0  0
 0  0  87240 5427108  59236 1256324    0    0     0    24 4367 6517 10  1 89  0  0
procs -----------memory---------- ---swap-- -----io---- -system-- ------cpu-----
 r  b   swpd   free   buff  cache   si   so    bi    bo   in   cs us sy id wa st
 0  0  87240 5427108  59236 1256344    0    0     0     0 4446 6566 10  1 89  0  0
 0  0  87240 5427108  59236 1256200    0    0     0     0 4180 6009  9  1 90  0  0
 0  0  87240 5426856  59236 1256376    0    0     0    80 4241 6138  9  1 90  0  0
 2  0  87240 5426856  59236 1256388    0    0     0     0 4255 6395  9  1 90  0  0
 3  0  87240 5426856  59244 1256408    0    0     0    84 4147 6166  9  1 90  0  0
 1  0  87240 5426856  59244 1256484    0    0     0     0 4297 6473  9  1 90  0  0
 0  0  87240 5426856  59244 1256500    0    0     0     0 4484 6670 10  1 89  0  0
 0  0  87240 5426856  59244 1256444    0    0     0    80 4172 6073  9  2 89  0  0
 1  0  87240 5426856  59244 1256432    0    0     0     0 4219 6304  8  1 90  0  0
 1  0  87240 5426632  59252 1256440    0    0     0    24 4426 6863 10  1 89  0  0
 0  0  87240 5426632  59252 1256460    0    0     0     0 4434 6996  9  1 89  0  0
 0  0  87240 5426632  59252 1256500    0    0     0     0 4184 6136  9  2 90  0  0
 0  0  87240 5426632  59252 1256584    0    0     0    80 4201 6173  9  1 89  0  0
 1  0  87240 5426632  59252 1256596    0    0     0     0 4343 6463 10  1 90  0  0
 0  0  87240 5426632  59260 1256608    0    0     0    40 4334 6278 10  1 89  0  0
 0  0  87240 5426380  59260 1257100    0    0     0     0 4370 6648  9  1 89  0  0
15  0  87240 5426128  59260 1257028    0    0     0     0 4347 6621  9  1 90  0  0
 1  0  87240 5426128  59260 1256520    0    0     0    80 4032 5929  9  1 90  0  0
 0  0  87240 5425876  59260 1256540    0    0     0     0 4158 5960  9  1 91  0  0
 0  0  87240 5425624  59268 1256612    0    0     0    24 4467 6872  9  1 90  0  0
 0  0  87240 5425624  59268 1256640    0    0     0     0 4374 6578 10  2 88  0  0
procs -----------memory---------- ---swap-- -----io---- -system-- ------cpu-----
 r  b   swpd   free   buff  cache   si   so    bi    bo   in   cs us sy id wa st
 0  0  87240 5425372  59268 1256812    0    0     0     0 4294 6387  9  1 89  0  0
 0  0  87240 5424868  59268 1256660    0    0     0    76 4231 6242  8  1 90  0  0
 2  0  87240 5424616  59268 1256832    0    0     0     0 4315 6408 10  1 89  0  0
 0  0  87240 5424616  59276 1256684    0    0     0    44 4159 6108  9  1 90  0  0
 1  0  87240 5424616  59276 1256704    0    0     0     0 4382 6624  9  1 90  0  0
 0  0  87240 5424616  59276 1256720    0    0     0     0 4386 6427 10  1 89  0  0
 1  0  87240 5424112  59276 1256572    0    0     0     0 4166 5969  9  1 90  0  0
 0  0  87240 5423608  59276 1256588    0    0     0    84 4230 6166  9  1 90  0  0
 0  0  87240 5422600  59284 1256764    0    0     0    48 4571 6803 11  1 88  0  0
 0  0  87240 5422348  59284 1256844    0    0     0     0 4461 6863  9  1 90  0  0
 2  0  87240 5422348  59284 1256852    0    0     0     0 4147 6026  9  2 89  0  0
 0  0  87240 5422096  59284 1256632    0    0     0     0 4172 6224  9  1 90  0  0
 0  0  87240 5421844  59284 1256808    0    0     0    84 4405 6670  9  1 90  0  0
 0  0  87240 5421844  59292 1256880    0    0     0    80 4352 6330  9  1 90  0  0
 1  0  87240 5421844  59292 1256908    0    0     0     0 4389 6562  9  1 90  0  0
 0  0  87240 5421844  59292 1256912    0    0     0     0 4333 6568 10  1 89  0  0
 1  0  87240 5421844  59292 1256776    0    0     0     8 4113 5868  9  1 91  0  0
 0  0  87240 5421844  59292 1257200    0    0     0    76 4400 6375 10  1 89  0  0
 1  0  87240 5421340  59300 1257412    0    0     0    28 4444 6635  9  1 90  0  0
 0  0  87240 5421340  59300 1257192    0    0     0     0 4440 6635 10  1 90  0  0
 8  0  87240 5421340  59300 1256964    0    0     0     0 4294 6125  9  1 90  0  0
procs -----------memory---------- ---swap-- -----io---- -system-- ------cpu-----
 r  b   swpd   free   buff  cache   si   so    bi    bo   in   cs us sy id wa st
 0  0  87240 5421340  59300 1256968    0    0     0     0 4173 6074  9  1 90  0  0
 7  0  87240 5421340  59300 1256824    0    0     0    80 4321 6346  9  1 90  0  0
 0  0  87240 5421340  59308 1256828    0    0     0    40 4203 6206 10  1 90  0  0
 0  0  87240 5421340  59308 1257076    0    0     0     0 4426 6443 10  1 89  0  0
 1  0  87240 5421340  59308 1257092    0    0     0     0 4510 6846 10  1 89  0  0
 0  0  87240 5421340  59308 1257036    0    0     0     0 4134 5918  9  1 91  0  0
 0  0  87240 5421340  59308 1257056    0    0     0    80 4246 6193  8  1 91  0  0
 1  0  87240 5421088  59316 1257068    0    0     0    28 4533 7150 10  1 90  0  0
 1  0  87240 5421088  59316 1257148    0    0     0     0 4375 6501  9  1 90  0  0
 0  0  87240 5421088  59316 1257096    0    0     0     0 4155 6015  9  2 89  0  0
 0  0  87240 5421088  59316 1257112    0    0     0     0 4116 6120  9  1 91  0  0
 0  0  87240 5420584  59316 1257132    0    0     0    80 4271 6346  9  1 90  0  0
 2  0  87240 5420332  59324 1257148    0    0     0    52 4352 6305 10  1 89  0  0
 2  0  87240 5420332  59324 1257240    0    0     0     0 4329 6487 10  1 89  0  0
 0  0  87240 5420332  59324 1257248    0    0     0     0 4359 6455 10  2 89  0  0
 0  0  87240 5420332  59324 1257120    0    0     0     0 4129 6011  9  1 89  0  0
 0  0  87240 5420332  59324 1257124    4    0     4    80 4201 6015 10  2 89  0  0
 1  0  87240 5420332  59332 1257156    0    0     0    24 4428 6900  9  1 90  0  0
 2  0  87240 5420332  59332 1257168    0    0     0     0 4300 6397 10  1 89  0  0
 0  0  87240 5420080  59332 1257700    0    0     0     0 4258 5914  9  1 90  0  0
 1  0  87240 5420080  59332 1257764    0    0     0     0 4261 6338  9  2 90  0  0
procs -----------memory---------- ---swap-- -----io---- -system-- ------cpu-----
 r  b   swpd   free   buff  cache   si   so    bi    bo   in   cs us sy id wa st
 1  0  87240 5419604  59332 1257552    0    0     0     0 4361 6643 10  1 89  0  0
 2  0  87240 5419352  59332 1257120    0    0     0    80 4219 6180  9  1 90  0  0
 0  0  87240 5419100  59340 1257236    0    0     0    36 4391 6684 10  1 89  0  0
 0  0  87240 5419100  59340 1257256    0    0     0     0 4372 6553 10  1 89  0  0
 0  0  87240 5419100  59340 1257100    0    0     0     0 4151 6204  9  2 90  0  0
 0  0  87240 5418848  59340 1257248    0    0     0     0 4150 6044  9  1 90  0  0
 1  1  87240 5418848  59348 1257244    0    0     0   100 4520 6988 10  2 89  0  0
 5  0  87240 5418848  59348 1257272    0    0     0     0 4412 6565 10  1 89  0  0
15  0  87240 5418848  59348 1257344    0    0     0     0 4121 5980  8  1 91  0  0
 0  0  87240 5418848  59348 1257336    0    0     0     0 4171 6078  9  1 90  0  0
 0  0  87240 5418848  59348 1257344    0    0     0     0 4378 6579  9  1 90  0  0
 1  1  87240 5418848  59356 1257352    0    0     0   124 4301 6181 10  1 90  0  0
 2  0  87240 5418848  59356 1257376    0    0     0    24 4344 6411  9  2 89  0  0
 1  0  87240 5418596  59356 1257400    0    0     0     0 4448 6876 10  1 89  0  0
 0  0  87240 5418344  59356 1257420    0    0     0     0 4028 5953  9  1 90  0  0
 1  0  87240 5418344  59356 1257484    0    0     0     0 4223 6076  9  1 90  0  0
 1  0  87240 5418344  59356 1257508    0    0     0   100 4417 6593 10  1 89  0  0
 0  0  87240 5418344  59364 1257460    0    0     0    28 4376 6547  9  1 90  0  0
 0  0  87240 5418344  59364 1257472    0    0     0     0 4185 5974 10  1 90  0  0
 0  0  87240 5418344  59364 1257484    0    0     0     0 4183 6057  9  1 90  0  0
 1  0  87240 5417840  59364 1258020    0    0     0     0 4392 6596 10  1 89  0  0
procs -----------memory---------- ---swap-- -----io---- -system-- ------cpu-----
 r  b   swpd   free   buff  cache   si   so    bi    bo   in   cs us sy id wa st
 0  0  87240 5417840  59364 1257520    0    0     0    80 4184 6178  9  2 90  0  0
 0  0  87240 5417840  59372 1257524    0    0     0    28 4321 6354  9  1 90  0  0
 3  0  87240 5417840  59372 1257608    0    0     0     0 4307 6447  9  1 90  0  0
 0  0  87240 5417840  59372 1257628    0    0     0     0 4127 6022  9  1 90  0  0
 1  0  87240 5417588  59372 1257632    0    0     0     0 4119 5950  8  1 90  0  0
 3  0  87240 5417588  59372 1257584    0    0     0    80 4421 6814  9  1 89  0  0
 0  0  87240 5417588  59380 1257596    0    0     0    40 4333 6415  9  2 89  0  0
 0  0  87240 5417588  59380 1257616    0    0     0     0 4172 5993  9  1 90  0  0
 0  0  87240 5417588  59380 1257624    0    0     0     0 4076 5948  9  1 90  0  0
 4  0  87240 5417588  59380 1257640    0    0     0     0 4410 6589 10  1 89  0  0
 0  0  87240 5417588  59380 1257748    0    0     0    76 4330 6445 10  1 89  0  0
 1  0  87240 5417588  59388 1257784    0    0     0    24 4470 6839  9  1 90  0  0
 0  0  87240 5417588  59388 1257796    0    0     0     0 4305 6523 10  1 89  0  0
24  0  87240 5417588  59388 1257516    0    0     0     0 4050 5617  9  1 90  0  0
 0  0  87240 5417588  59388 1257516    0    0     0     0 4073 5815  8  1 90  0  0
 0  0  87240 5417588  59388 1257700    0    0     0    84 4547 7199  9  1 90  0  0
 0  0  87240 5417588  59396 1257712    0    0     0    44 4329 6192  9  2 89  0  0
 0  0  87240 5417588  59396 1257728    0    0     0     0 4273 6297  9  1 90  0  0
 1  0  87240 5417588  59396 1257732    0    0     0     0 4222 6120 10  1 89  0  0
 0  0  87240 5416832  59396 1257852    0    0     0     0 4363 6521 10  1 89  0  0
 0  0  87240 5416832  59396 1257868    0    0     0    12 4432 6313 10  2 88  0  0
procs -----------memory---------- ---swap-- -----io---- -system-- ------cpu-----
 r  b   swpd   free   buff  cache   si   so    bi    bo   in   cs us sy id wa st
 1  0  87240 5416328  59404 1258396    0    0     0   100 4392 6414 10  1 89  0  0
 0  0  87240 5416328  59404 1258408    0    0     0     0 4327 6440  9  1 90  0  0
 6  0  87240 5416328  59404 1258012    0    0     0     0 4099 5904  9  1 90  0  0
 0  0  87240 5416328  59404 1258016    0    0     0     0 4233 6389  9  1 90  0  0
 0  0  87240 5416328  59404 1257976    0    0     0     0 4530 7386  9  1 90  0  0
 0  0  87240 5416328  59412 1257980    0    0     0   120 4380 6480  9  1 90  0  0
 0  0  87240 5416076  59412 1258060    0    0     0     0 4262 6085  9  1 90  0  0
 0  0  87240 5416076  59412 1258080    0    0     0     0 4229 6599  9  1 90  0  0
 1  0  87240 5416076  59412 1257864    0    0     0     0 4418 7101  9  1 90  0  0
 1  0  87240 5415572  59412 1258040    0    0     0     0 4246 6248  9  1 90  0  0
 1  0  87240 5415572  59420 1258048    0    0     0   100 4353 6360 10  1 90  0  0
 1  0  87240 5415320  59420 1258068    0    0     0    16 4315 6444 10  1 89  0  0
 0  0  87240 5415320  59420 1258080    0    0     0     0 4062 5884  9  1 89  0  0
 0  0  87240 5415320  59420 1258108    0    0     0     0 4315 6452  9  1 90  0  0
 0  0  87240 5415320  59420 1257956    0    0     0     0 4477 6864 10  1 89  0  0
 0  0  87240 5414816  59428 1258200    0    0     0   128 4282 6492  9  1 90  0  0
 0  0  87240 5414816  59428 1258200    0    0     0     0 4267 6092  9  1 90  0  0
 0  0  87240 5414816  59428 1258164    0    0     0     0 4197 6426  9  1 90  0  0
 0  0  87240 5414816  59428 1258176    0    0     0     0 4292 6293  9  1 90  0  0
 1  0  87240 5414564  59428 1258120    0    0     0     0 4202 6158  9  1 90  0  0
 9  0  87240 5414312  59436 1258104    0    0     0   144 4281 6315  9  1 90  0  0
procs -----------memory---------- ---swap-- -----io---- -system-- ------cpu-----
 r  b   swpd   free   buff  cache   si   so    bi    bo   in   cs us sy id wa st
 0  0  87240 5414312  59436 1258112    0    0     0     0 4292 6422  9  1 89  0  0
 0  0  87240 5413808  59436 1258700    0    0     0     0 4018 5614  9  1 90  0  0
 0  0  87240 5413808  59436 1258692    0    0     0    20 4147 6200  9  1 90  0  0
 0  0  87240 5413808  59436 1258444    0    0     0     0 4443 6695 10  1 89  0  0
 0  0  87240 5413808  59444 1258240    0    0     0   108 4324 6141  9  1 89  0  0
 0  0  87240 5413808  59444 1258092    0    0     0     0 4178 6189  9  1 90  0  0
 2  0  87240 5413808  59444 1258100    0    0     0     0 4159 6028  9  2 90  0  0
 0  0  87240 5413556  59444 1258276    0    0     0     0 4450 6635 10  1 89  0  0
 1  0  87240 5413332  59444 1258284    0    0     0     0 4345 6444 10  1 90  0  0
 0  0  87240 5413332  59452 1258284    0    0     0   112 4346 6458  9  1 90  0  0
 0  0  87240 5413332  59452 1258140    0    0     0     0 4299 6448  9  1 89  0  0
 0  0  87240 5413332  59452 1258140    0    0     0     0 4078 5670  9  1 90  0  0
 0  0  87240 5412828  59452 1258388    0    0     0     0 4329 6201  9  1 91  0  0
 0  0  87240 5412828  59452 1258388    0    0     0     0 4495 6980  9  1 89  0  0
 0  0  87240 5412828  59460 1258344    0    0     0   108 4283 6382  9  1 89  0  0
19  0  87240 5412828  59460 1258360    0    0     0     0 4163 6085  9  2 90  0  0
 0  0  87240 5412576  59460 1258384    0    0     0     0 4146 5958 10  1 89  0  0
 0  0  87240 5412576  59460 1258384    0    0     0     0 4322 6377  9  1 90  0  0
 0  0  87240 5412576  59460 1258504    0    0     0     0 4172 5980  9  1 90  0  0
 0  0  87240 5412576  59468 1258452    0    0     0   104 4348 6639 10  1 89  0  0
 0  0  87240 5412576  59468 1258476    0    0     0     0 4387 6475 10  1 89  0  0
procs -----------memory---------- ---swap-- -----io---- -system-- ------cpu-----
 r  b   swpd   free   buff  cache   si   so    bi    bo   in   cs us sy id wa st
 0  0  87240 5412576  59468 1258480    0    0     0     0 4109 5938  9  1 90  0  0
 4  0  87240 5412576  59468 1258496    0    0     0     0 4248 6232 10  1 89  0  0
 1  0  87240 5412576  59468 1258796    0    0     0     0 4482 6925 10  1 89  0  0
 1  0  87240 5412324  59476 1259088    0    0     0    28 4265 6274 10  1 89  0  0
 1  0  87240 5412324  59476 1258580    0    0     0    80 4148 6092 10  1 89  0  0
 8  0  87240 5412324  59476 1258664    0    0     0     0 4093 6043  9  1 90  0  0
 0  0  87240 5411820  59476 1258616    0    0     0     0 4243 6396  9  1 90  0  0
 0  0  87240 5411568  59476 1258636    0    0     0    12 4256 6195  9  1 90  0  0
 0  0  87240 5411568  59476 1258636    0    0     0     0 4232 6319  9  1 90  0  0
 0  0  87240 5411568  59484 1258656    0    0     0   112 4407 6636 10  1 89  0  0
 0  0  87240 5411568  59484 1258672    0    0     0     0 4125 6122  9  1 90  0  0
 0  0  87240 5411568  59484 1258532    0    0     0     0 4246 6469  9  0 91  0  0
 0  0  87240 5411316  59484 1258668    0    0     0     0 4435 6830 10  1 89  0  0
 0  0  87240 5411316  59484 1258748    0    0     0     0 4261 6266  9  1 90  0  0
 0  0  87240 5411316  59492 1258916    0    0     0   132 4144 6097  9  1 89  0  0
 1  0  87240 5411316  59492 1258716    0    0     0     0 4071 5942  9  1 89  0  0
 1  0  87240 5411316  59492 1258720    0    0     0     0 4383 6350 10  1 89  0  0
 0  0  87240 5411064  59492 1258744    0    0     0     0 4175 6200  9  1 90  0  0
 0  0  87240 5411064  59492 1258764    0    0     0     0 4268 6502  9  2 89  0  0
 1  0  87240 5410812  59500 1258652    0    0     0   108 4369 6389 10  1 89  0  0
 0  0  87240 5410812  59500 1258688    0    0     0     0 4086 6037  9  1 90  0  0
procs -----------memory---------- ---swap-- -----io---- -system-- ------cpu-----
 r  b   swpd   free   buff  cache   si   so    bi    bo   in   cs us sy id wa st
 1  0  87240 5410308  59500 1258872    0    0     0     0 4299 6406  8  1 91  0  0
 0  0  87240 5410308  59500 1258888    0    0     0     0 4298 6575 10  1 90  0  0
 0  0  87240 5410308  59500 1258844    0    0     0     0 4351 6459 10  1 89  0  0
 1  0  87240 5410308  59508 1258844    0    0     0   120 4163 6257  9  1 90  0  0
 1  0  87240 5409804  59508 1259376    0    0     0     8 4135 6004 10  1 89  0  0
 0  0  87240 5409552  59508 1259392    0    0     0     0 4463 6526  9  1 90  0  0
 0  0  87240 5409048  59508 1258916    0    0     0     0 4260 6357  9  1 89  0  0
 1  0  87240 5408040  59508 1258928    0    0     0     0 4510 6663 10  1 89  0  0
 0  0  87240 5407536  59516 1258924    0    0     0   124 4280 6364  9  1 90  0  0
 0  0  87240 5407284  59516 1258776    0    0     0     0 4103 5893  9  1 90  0  0
 1  0  87240 5407284  59516 1258952    0    0     0     0 4248 6403  9  1 89  0  0
 2  0  87240 5407032  59516 1259120    0    0     0     0 4495 6934 10  1 89  0  0
16  0  87240 5406780  59516 1259060    0    0     0    12 4207 6135 10  1 89  0  0
 0  0  87240 5406780  59524 1259104    0    0     0    40 4186 6211  9  1 90  0  0
 0  0  87240 5406780  59524 1259120    0    0     0    80 4198 6143  9  1 90  0  0
 0  0  87240 5406528  59524 1259064   12    0    92     0 4330 6304  9  2 90  0  0
 0  0  87240 5406528  59524 1259132    0    0     0     0 4312 6128  9  1 90  0  0
 0  0  87240 5406276  59524 1259148    0    0     0     0 4390 6770  9  1 90  0  0
 0  0  87240 5406276  59532 1259164    0    0     0    36 4304 6427 10  1 89  0  0
 0  0  87240 5406276  59532 1259172    0    0     0    76 4023 5808  9  1 90  0  0
 2  0  87240 5406276  59532 1259188    0    0     0   120 4352 6499  9  1 90  0  0
procs -----------memory---------- ---swap-- -----io---- -system-- ------cpu-----
 r  b   swpd   free   buff  cache   si   so    bi    bo   in   cs us sy id wa st
 0  0  87240 5406276  59532 1259212    0    0     0     0 4365 6745  9  1 90  0  0
 0  0  87240 5406276  59532 1259224    0    0     0     0 4197 6060  9  1 90  0  0
 0  0  87240 5406276  59540 1259236    0    0     0    48 4180 5936  9  1 90  0  0
 0  0  87240 5406276  59540 1259348    0    0     0    84 4143 5985 10  1 89  0  0
 0  0  87240 5406024  59540 1259744    0    0     0     0 4320 6460 10  1 89  0  0
 0  0  87240 5405772  59540 1259852    0    0     0     0 4207 6240  9  1 90  0  0
 0  0  87240 5405772  59540 1259356    4    0     4     0 4280 6360  9  1 90  0  0
14  0  87240 5405772  59548 1259376    0    0     0    24 4268 6280  9  1 90  0  0
 0  0  87240 5405772  59548 1259356    0    0     0    80 4149 5887  9  1 90  0  0
 0  0  87240 5405772  59548 1259368    0    0     0     0 4313 6579 10  1 89  0  0
 0  0  87240 5405772  59548 1259356    0    0     0     0 4479 6723 10  1 89  0  0
 0  0  87240 5405772  59548 1259364    0    0     0     0 4227 6190 10  1 89  0  0
 0  0  87240 5405772  59556 1259444    0    0     0    44 4263 6260 10  1 89  0  0
 1  0  87240 5405772  59556 1259392    0    0     0    80 4089 5969  9  2 89  0  0
 0  0  87240 5405520  59556 1259408    0    0     0     0 4316 6302  9  1 90  0  0
 0  0  87240 5405520  59556 1259420    0    0     0    12 4216 6193  9  1 90  0  0
 1  0  87240 5405268  59556 1259436    0    0     0     0 4473 6789  9  1 89  0  0
 6  0  87240 5405268  59564 1259452    0    0     0    24 4250 6340 10  2 89  0  0
 8  0  87240 5405268  59564 1259460    0    0     0    80 3939 5716  8  2 90  0  0
 0  0  87240 5405016  59564 1259480    0    0     0     0 4339 6475  9  1 90  0  0
 1  0  87240 5405016  59564 1259564    0    0     0     0 4464 6736 10  1 88  0  0
procs -----------memory---------- ---swap-- -----io---- -system-- ------cpu-----
 r  b   swpd   free   buff  cache   si   so    bi    bo   in   cs us sy id wa st
 1  0  87240 5404764  59564 1259420    0    0     0     0 4259 6245  9  2 90  0  0
 1  0  87240 5404764  59572 1259596    0    0     0    36 4166 6070  9  1 90  0  0
 0  0  87240 5404764  59572 1259576    0    0     0     0 4166 6166  8  1 90  0  0
 0  0  87240 5404512  59572 1259592    0    0     0    80 4280 6498  9  1 90  0  0
 0  0  87240 5404512  59572 1259624    0    0     0     0 4323 6206  9  1 90  0  0
 2  0  87240 5404512  59572 1259640    0    0     0     0 4438 6781 10  1 89  0  0
 0  0  87240 5404512  59580 1259920    0    0     0    40 4213 6308  9  1 90  0  0
 0  0  87240 5404260  59580 1260148    0    0     0     8 4084 5715  9  1 90  0  0
 2  0  87240 5404260  59580 1259660    0    0     0    76 4248 6228 10  1 90  0  0
 1  0  87240 5404260  59580 1259644    0    0     0     0 4480 6958 10  1 89  0  0
 3  0  87240 5404260  59580 1259660    0    0     0     0 4254 6374 10  1 89  0  0
 1  0  87240 5404260  59592 1259672    0    0     0    88 4201 6240  9  1 90  0  0
 0  0  87240 5404008  59592 1259684    0    0     0     0 4104 5923  9  1 90  0  0
12  0  87240 5404008  59592 1259700    0    0     0    84 4344 6495  9  2 89  0  0
 0  0  87240 5404008  59592 1259712    0    0     0     0 4180 6258  9  1 90  0  0
 0  0  87240 5404008  59592 1259788    0    0     0    16 4433 6710 10  1 89  0  0
 0  0  87240 5404008  59604 1259804    0    0     0    40 4250 6203 10  1 89  0  0
 0  0  87240 5404008  59604 1259752    0    0     0     0 4251 6174 10  1 89  0  0
 0  0  87240 5404008  59604 1259768    0    0     0    76 4294 6398  9  1 90  0  0
 0  0  87240 5404008  59604 1259784    0    0     0     0 4579 6987  9  1 90  0  0
 0  0  87240 5404008  59604 1259796    0    0     0    12 4316 6337  9  1 90  0  0
procs -----------memory---------- ---swap-- -----io---- -system-- ------cpu-----
 r  b   swpd   free   buff  cache   si   so    bi    bo   in   cs us sy id wa st
 1  0  87240 5404008  59616 1259812    0    0     0    60 4214 6176  9  2 89  0  0
