procs -----------memory---------- ---swap-- -----io---- -system-- ------cpu-----
 r  b   swpd   free   buff  cache   si   so    bi    bo   in   cs us sy id wa st
 4  0      0 148004816  35240 5076272    0    0     0     7    0    0 42  1 56  0  0
 5  1      0 148003808  35240 5076272    0    0     0     0 13070 14361  2  0 98  0  0
 2  1      0 148001440  35240 5076272    0    0     0     0 12917 14181  2  0 98  0  0
 3  1      0 148001440  35244 5076268    0    0     0    40 12787 14165  2  0 98  0  0
12  0      0 147940560  35244 5121480    0    0     0     0 28635 38177  2  0 97  0  0
11  0      0 147944128  35244 5122536    0    0     0     0 14002 16771  2  0 97  0  0
14  0      0 147939360  35244 5122560    0    0     0    12 13113 13351  2  0 98  0  0
17  0      0 147932640  36296 5123060    0    0  1159     0 15101 23239  2  0 97  1  0
14  0      0 147923232  36364 5123720    0    0    65     0 13682 14534  2  0 97  0  0
13  0      0 147934464  37924 5129152    0    0  1528     0 16486 27439  2  0 97  0  0
10  1      0 147923072  39308 5135120    0    0  1349    44 16615 25699  2  0 97  0  0
12  0      0 147915088  40688 5142764    0    0  1401    36 15493 26157  2  0 97  0  0
13  0      0 147901184  42876 5151396    0    0  2153     0 16927 32608  2  0 97  0  0
11  0      0 147892512  44732 5158408    0    0  1840     0 16241 30117  2  0 97  0  0
10  0      0 147878176  46636 5166772    0    0  1924     0 16318 30204  2  0 97  0  0
12  0      0 147868832  48472 5173680    0    0  1832    44 16329 29814  2  0 97  0  0
19  0      0 147856992  50212 5181716    0    0  1720     0 16162 28914  2  0 97  0  0
13  0      0 147845280  52212 5191220    0    0  1979     0 16470 30998  2  1 97  0  0
10  1      0 147832752  54440 5202528    0    0  2218     0 18056 33119  2  1 97  0  0
12  1      0 147818816  56260 5210764    0    0  1825     0 17892 30387  2  1 97  0  0
 8  1      0 147810624  57384 5214984    0    0  1132     0 15468 25322  2  0 97  0  0
procs -----------memory---------- ---swap-- -----io---- -system-- ------cpu-----
 r  b   swpd   free   buff  cache   si   so    bi    bo   in   cs us sy id wa st
 9  0      0 147712480  57404 5310872    0    0     4   108 39679 60689  2  1 97  0  0
 7  0      0 147698128  57456 5312036    0    0    53     0 13340 15559  2  0 98  0  0
 3  0      0 147683968  57456 5312036    0    0     0     0 12831 15251  2  0 98  0  0
 7  0      0 147670096  57456 5314296    0    0     0     0 13532 16615  2  0 98  0  0
11  0      0 147663984  57456 5314140    0    0     0     0 13774 16062  2  0 97  0  0
12  0      0 147645184  57504 5314092    0    0    42    56 13336 15692  2  0 98  0  0
13  0      0 147636448  57504 5314140    0    0     0     0 12945 15603  2  0 98  0  0
12  0      0 147627984  57504 5314140    0    0     0     0 12861 16052  2  0 98  0  0
11  0      0 147621584  57504 5314140    0    0     0     0 12837 15855  2  0 98  0  0
13  0      0 147604576  57504 5314140    0    0     0     0 12918 15752  2  0 98  0  0
12  0      0 147585280  57504 5314140    0    0     0    24 12939 15766  2  0 98  0  0
12  0      0 147567536  57504 5314148    0    0     0     0 13071 15956  2  0 98  0  0
10  0      0 147560000  57504 5314148    0    0     0     0 12808 16552  2  0 98  0  0
13  0      0 147548144  57504 5320592    0    0     0     0 15045 19418  2  0 97  0  0
12  0      0 147538432  57504 5331716    0    0     0     0 17828 21071  2  0 97  0  0
13  0      0 147537008  57508 5332880    0    0     0    60 13509 15839  2  0 98  0  0
12  0      0 147507760  57508 5362536    0    0     0     0 21348 28743  2  0 97  0  0
10  0      0 147493088  57508 5377576    0    0     0     0 21066 28921  2  0 97  0  0
10  0      0 147491840  57508 5378216    0    0     0     0 13577 15956  2  0 97  0  0
14  0      0 147476480  57508 5393680    0    0     0     0 17941 22628  2  0 97  0  0
12  0      0 147475696  57508 5394328    0    0     0    40 13311 16188  2  0 98  0  0
procs -----------memory---------- ---swap-- -----io---- -system-- ------cpu-----
 r  b   swpd   free   buff  cache   si   so    bi    bo   in   cs us sy id wa st
10  0      0 147471664  57508 5395080    0    0     0     0 13249 16006  2  0 98  0  0
11  0      0 147448320  57508 5395832    0    0     0     0 13175 16075  2  0 98  0  0
12  0      0 147425056  57508 5398188    0    0     0     0 13723 16967  2  0 97  0  0
14  0      0 147411776  57512 5402400    0    0     0    40 14159 17866  2  0 97  0  0
14  0      0 147404512  57512 5410596    0    0     0     4 16048 20485  2  0 97  0  0
14  0      0 147404944  57512 5410596    0    0     0     0 13127 15707  2  0 97  0  0
11  0      0 147389184  57512 5425956    0    0     0     0 18001 21869  3  0 97  0  0
11  0      0 147388896  57512 5425956    0    0     0     0 12832 15813  2  0 97  0  0
12  0      0 147388912  57512 5425956    0    0     0     0 12976 15658  2  0 98  0  0
12  0      0 147374512  57516 5441100    0    0     0     4 17521 23550  2  0 97  0  0
12  0      0 147360512  57516 5450012    0    0     0     0 16871 20725  2  0 97  0  0
21  0      0 147358832  57516 5450012    0    0     0     0 13734 16340  2  0 97  0  0
12  0      0 147359424  57516 5449956    0    0     0     0 17697 21140  3  1 97  0  0
11  0      0 147359424  57516 5449956    0    0     0     0 16915 22018  2  0 97  0  0
11  0      0 147346688  57516 5449956    0    0     0     0 13026 15595  2  0 98  0  0
10  0      0 147335696  57516 5449956    0    0     0     0 13027 15977  2  0 98  0  0
 9  0      0 147333344  57524 5449992    0    0     0    48 14353 16598  2  0 97  0  0
 6  0      0 147332448  57524 5449992    0    0     0     0 13834 16489  2  0 97  0  0
14  0      0 147315936  57524 5465480    0    0     0     0 17613 23922  2  0 97  0  0
13  0      0 147315968  57524 5465480    0    0     0     0 12845 15584  2  0 98  0  0
12  0      0 147313024  57524 5465480    0    0     0     0 12851 15635  2  0 97  0  0
procs -----------memory---------- ---swap-- -----io---- -system-- ------cpu-----
 r  b   swpd   free   buff  cache   si   so    bi    bo   in   cs us sy id wa st
11  0      0 147312624  57532 5465472    0    0     0    44 12974 14818  2  0 97  0  0
11  0      0 147312944  57532 5465472    0    0     0     0 12963 14782  2  0 98  0  0
 9  0      0 147312256  57532 5465480    0    0     0     0 12821 15165  2  0 98  0  0
 8  0      0 147312256  57532 5465480    0    0     0    16 12852 15460  2  0 98  0  0
11  0      0 147312224  57532 5465480    0    0     0     0 12885 15873  2  0 98  0  0
 9  0      0 147312224  57532 5465480    0    0     0     0 12960 15828  2  0 98  0  0
12  0      0 147312640  57532 5465480    0    0     0     0 14627 16031  2  0 97  0  0
12  0      0 147308832  57532 5468380    0    0     0     0 14200 17594  2  0 97  0  0
11  0      0 147308688  57540 5468468    0    0     0    60 13079 15561  2  0 98  0  0
12  0      0 147304288  57540 5468468    0    0     0     0 13023 15244  2  0 97  0  0
11  0      0 147304288  57540 5468468    0    0     0     0 12839 15265  2  0 98  0  0
13  0      0 147304288  57540 5468476    0    0     0     0 12985 15376  2  0 98  0  0
12  0      0 147304608  57540 5468476    0    0     0     0 13177 15815  2  0 97  0  0
12  0      0 147302560  57540 5468476    0    0     0    48 13194 15123  2  0 98  0  0
13  0      0 147302560  57540 5468476    0    0     0     0 13131 15664  2  0 97  0  0
11  0      0 147303008  57540 5468476    0    0     0     0 13959 15839  3  0 97  0  0
 9  0      0 147297968  57548 5468468    0    0     0    44 14408 15241  2  0 97  0  0
11  0      0 147276848  57548 5468472    0    0     0     0 13129 14596  2  0 98  0  0
 9  0      0 147275744  57548 5468580    0    0     0     0 12801 13996  2  0 98  0  0
11  0      0 147273632  57548 5468580    0    0     0     0 12869 14096  2  0 98  0  0
10  0      0 147273760  57548 5468580    0    0     0     0 12884 14402  2  0 98  0  0
procs -----------memory---------- ---swap-- -----io---- -system-- ------cpu-----
 r  b   swpd   free   buff  cache   si   so    bi    bo   in   cs us sy id wa st
11  0      0 147273744  57548 5468580    0    0     0     0 12863 14280  2  0 98  0  0
10  0      0 147273744  57556 5468572    0    0     0    12 12905 14322  2  0 98  0  0
45  0      0 147248864  57556 5468584    0    0     0    36 14068 13709  2  0 97  0  0
28  0      0 147237024  57556 5468728    0    0     0     0 14149 15505  2  0 97  0  0
569  0      0 147216160  57556 5468728    0    0     0     0 13887 14754  2  0 97  0  0
21  0      0 147195488  57560 5468756    0    0     0    52 14272 13502  2  0 97  0  0
10  0      0 147174816  57560 5469008    0    0     0     0 14114 15150  2  0 97  0  0
13  0      0 147156128  57560 5469008    0    0     0     0 13371 15124  2  0 98  0  0
63  0      0 147132848  57560 5469008    0    0     0     0 13008 13385  2  0 97  0  0
14  0      0 147108384  57560 5469008    0    0     0     0 12772 12276  2  0 98  0  0
23  0      0 147097632  57560 5469104    0    0     0     0 13710 14487  2  0 97  0  0
12  0      0 147089872  57568 5469180    0    0     0    72 14310 13497  2  0 97  0  0
59  0      0 147070576  57568 5469244    0    0     0     0 13854 14924  2  0 97  0  0
35  0      0 147065696  57568 5469276    0    0     0     0 12528 12475  2  0 98  0  0
60  0      0 147049696  57568 5469388    0    0     0     0 15383 14274  2  1 97  0  0
36  0      0 147054080  57568 5469564    0    0     0     0 15369 14254  2  0 97  0  0
43  0      0 147052592  57568 5469684    0    0     0     0 14652 14887  2  0 97  0  0
34  0      0 147047248  57576 5469680    0    0     0    68 13283 14802  2  0 97  0  0
47  0      0 147039968  57576 5469708    0    0     0     0 15153 17773  2  0 97  0  0
21  0      0 147037264  57576 5469708    0    0     0     0 13057 14477  2  0 98  0  0
134  0      0 147033664  57576 5469708    0    0     0     0 13188 12974  2  0 97  0  0
procs -----------memory---------- ---swap-- -----io---- -system-- ------cpu-----
 r  b   swpd   free   buff  cache   si   so    bi    bo   in   cs us sy id wa st
72  0      0 147022080  57576 5469748    0    0     0     0 13799 15772  2  0 97  0  0
68  0      0 147023216  57580 5469744    0    0     0    36 12867 13876  2  0 97  0  0
153  0      0 147009920  57580 5469864    0    0     0     0 14709 17034  2  0 97  0  0
166  0      0 146997056  57580 5469864    0    0     0     0 12351 12242  2  0 97  0  0
157  0      0 146989600  57580 5469864    0    0     0     0 12078 12069  2  0 98  0  0
141  1      0 146982272  57580 5469864    0    0     0     0 12205 13801  2  0 97  0  0
41  0      0 146979200  57580 5469880    0    0     0    52 12282 15321  2  0 97  0  0
25  0      0 146972480  57580 5469928    0    0     0     0 13423 14865  2  0 97  0  0
27  0      0 146957952  57580 5469988    0    0     0     0 13642 14441  2  0 97  0  0
27  0      0 146938160  57580 5470080    0    0     0     0 13699 13921  2  0 97  0  0
22  0      0 146922496  57580 5470080    0    0     0     0 13825 14380  2  0 97  0  0
36  0      0 146919120  57580 5470080    0    0     0     0 13960 14949  2  0 97  0  0
31  0      0 146917344  57580 5470080    0    0     0     0 12134 11177  2  0 98  0  0
248  1      0 146911936  57588 5470244    0    0     0    44 13747 11813  2  0 97  0  0
21  1      0 146898672  57588 5470328    0    0     0     0 14342 13307  2  0 97  0  0
377  1      0 146895024  57588 5470328    0    0     0     0 14136 13857  2  0 97  0  0
148  1      0 146890496  57588 5470440    0    0     0    24 11604 9722  2  0 97  0  0
193  1      0 146879888  57588 5470100    0    0     0     0 14223 16793  2  0 97  0  0
103  1      0 146862752  57588 5470108    0    0     0     0 15193 17898  2  0 97  0  0
165  0      0 146852016  57592 5470124    0    0     0    52 13679 14915  2  0 97  0  0
240  0      0 146838784  57592 5470116    0    0     0     0 12704 13411  2  0 98  0  0
procs -----------memory---------- ---swap-- -----io---- -system-- ------cpu-----
 r  b   swpd   free   buff  cache   si   so    bi    bo   in   cs us sy id wa st
238  0      0 146827808  57592 5470120    0    0     0    20 11921 11852  2  0 97  0  0
186  0      0 146819168  57592 5470120    0    0     0     0 12006 13389  2  0 98  0  0
72  0      0 146813776  57592 5470128    0    0     0     0 12345 14851  2  0 97  0  0
36  0      0 146794288  57592 5470196    0    0     0     0 14513 16064  2  0 97  0  0
41  0      0 146782864  57600 5470248    0    0     0    40 15586 15041  2  0 97  0  0
32  0      0 146777488  57600 5470252    0    0     0     0 13821 14177  2  0 97  0  0
51  0      0 146771856  57600 5470252    0    0     0     0 13857 13844  2  0 97  0  0
70  0      0 146766960  57600 5470252    0    0     0     0 13665 14180  2  0 97  0  0
59  0      0 146755872  57600 5470272    0    0     0     0 13475 15033  2  0 98  0  0
65  0      0 146748192  57608 5470292    0    0     0    32 13315 15008  2  0 98  0  0
37  0      0 146745056  57612 5470288    0    0     0    44 12641 14907  2  0 97  0  0
112  0      0 146736512  57612 5470320    0    0     0     0 12440 12544  3  0 97  0  0
79  0      0 146729344  57612 5470340    0    0     0     0 14268 13323  2  0 97  0  0
53  0      0 146721648  57612 5470156    0    0     0     0 15667 17245  2  0 97  0  0
97  0      0 146713296  57612 5469780    0    0     0     0 13910 13990  2  0 97  0  0
86  0      0 146705008  57612 5469780    0    0     0     0 12850 13341  2  0 98  0  0
86  0      0 146696000  57612 5469780    0    0     0     0 13092 14108  2  0 97  0  0
104  0      0 146693536  57612 5469792    0    0     0     0 12884 14434  2  0 98  0  0
18  0      0 146688672  57620 5469784    0    0     0    44 13375 15721  2  0 97  0  0
15  0      0 146658272  57620 5469860    0    0     0     0 13411 14146  2  0 98  0  0
38  0      0 146641536  57620 5469860    0    0     0     4 14897 14296  2  0 97  0  0
procs -----------memory---------- ---swap-- -----io---- -system-- ------cpu-----
 r  b   swpd   free   buff  cache   si   so    bi    bo   in   cs us sy id wa st
18  0      0 146626016  57620 5470612    0    0     0     0 13294 13797  2  0 98  0  0
160  0      0 146604160  57620 5470612    0    0     0     0 13294 12972  2  0 97  0  0
30  0      0 146602976  57620 5470612    0    0     0     0 12212 11324  2  0 98  0  0
507  0      0 146595392  57620 5470612    0    0     0     0 11483 9613  2  0 97  0  0
91  0      0 146590272  57620 5470612    0    0     0    80 12001 11490  2  0 98  0  0
45  0      0 146580864  57620 5471356    0    0     0     0 13219 13384  2  0 97  0  0
69  0      0 146576736  57620 5471356    0    0     0     0 12896 13631  2  0 98  0  0
244  0      0 146572128  57620 5471356    0    0     0     0 11524 10759  2  0 97  0  0
65  0      0 146567440  57620 5471360    0    0     0     0 13534 14400  2  0 97  0  0
93  0      0 146549808  57628 5471500    0    0     0    40 15440 20776  2  0 97  0  0
172  0      0 146541568  57628 5471540    0    0     0     0 11713 12266  2  0 98  0  0
215  0      0 146529760  57628 5471540    0    0     0     0 11663 11131  2  0 97  0  0
190  0      0 146520672  57628 5471540    0    0     0     0 11625 12233  2  0 98  0  0
148  0      0 146505568  57628 5471560    0    0     0     0 13401 13809  2  0 97  0  0
137  0      0 146495712  57628 5471564    0    0     0     8 12428 14765  2  0 97  0  0
25  0      0 146488832  57628 5471572    0    0     0     0 12895 15517  2  0 97  0  0
54  0      0 146482848  57628 5471572    0    0     0     0 13307 14447  2  0 98  0  0
54  0      0 146468592  57628 5471572    0    0     0     0 13512 13676  2  0 97  0  0
56  0      0 146456256  57636 5471564    0    0     0    24 13391 13472  2  0 97  0  0
82  0      0 146448816  57636 5471584    0    0     0    24 14126 15859  2  0 97  0  0
85  0      0 146444384  57636 5471584    0    0     0     0 13440 13620  3  0 97  0  0
procs -----------memory---------- ---swap-- -----io---- -system-- ------cpu-----
 r  b   swpd   free   buff  cache   si   so    bi    bo   in   cs us sy id wa st
41  0      0 146437680  57636 5471584    0    0     0     0 12874 14389  2  0 97  0  0
 9  0      0 146430944  57636 5471588    0    0     0     0 14077 15813  3  0 97  0  0
11  0      0 146409824  57636 5471592    0    0     0     0 13381 14182  2  0 98  0  0
11  0      0 146395200  57636 5471596    0    0     0     0 13222 14245  2  0 97  0  0
12  0      0 146388608  57636 5471596    0    0     0     0 13390 14188  2  0 98  0  0
14  0      0 146386016  57636 5471808    0    0     0     0 13536 12752  2  0 97  0  0
22  0      0 146383296  57640 5471812    0    0     0    52 20264 21396  3  1 96  0  0
27  0      0 146376672  57640 5471864    0    0     0     0 16029 16998  2  0 97  0  0
13  0      0 146373408  57640 5471876    0    0     0     0 13781 13633  2  0 98  0  0
34  0      0 146371248  57640 5471876    0    0     0     0 13384 13167  2  0 98  0  0
22  0      0 146367008  57640 5471876    0    0     0     0 13789 13404  2  0 97  0  0
19  0      0 146366368  57640 5472008    0    0     0     0 13569 13966  2  0 97  0  0
23  1      0 146362384  57640 5472016    0    0     0     0 14375 14872  2  0 97  0  0
 9  0      0 146360896  57640 5472056    0    0     0    20 13726 14361  2  0 97  0  0
19  0      0 146353344  57640 5472064    0    0     0     0 13909 14308  2  0 97  0  0
33  0      0 146351488  57640 5472052    0    0     0     0 13463 13762  2  0 98  0  0
37  0      0 146345184  57640 5472060    0    0     0     0 14938 15259  2  0 97  0  0
11  0      0 146343520  57640 5472080    0    0     0    44 13832 14019  2  0 98  0  0
11  0      0 146343392  57640 5472080    0    0     0    16 13057 14748  2  0 97  0  0
13  0      0 146343424  57640 5472052    0    0     0     0 13039 15180  2  0 98  0  0
39  0      0 146341088  57640 5472128    0    0     0     0 14520 13050  2  0 97  0  0
procs -----------memory---------- ---swap-- -----io---- -system-- ------cpu-----
 r  b   swpd   free   buff  cache   si   so    bi    bo   in   cs us sy id wa st
37  0      0 146329264  57648 5472152    0    0     0    68 16083 14750  2  0 97  0  0
40  0      0 146335152  57648 5472144    0    0     0     0 14876 15199  2  0 97  0  0
22  0      0 146335584  57648 5472028    0    0     0     0 13390 14836  2  0 98  0  0
190  0      0 146332352  57648 5472088    0    0     0     0 13728 14049  2  0 97  0  0
13  0      0 146332416  57648 5472168    0    0     0     0 13411 13376  2  0 98  0  0
12  0      0 146332512  57656 5472160    0    0     0    40 13737 14130  2  0 97  0  0
61  0      0 146332512  57664 5472152    0    0     0    32 12993 12243  2  0 98  0  0
22  0      0 146329600  57664 5472288    0    0     0    16 14516 13776  2  0 97  0  0
51  0      0 146328160  57664 5472324    0    0     0     0 14927 13342  3  1 97  0  0
123  0      0 146325104  57664 5472484    0    0     0     0 13757 11783  2  0 97  0  0
29  0      0 146324048  57664 5472516    0    0     0     0 12537 11417  2  0 98  0  0
24  0      0 146319872  57664 5472448    0    0     0     0 15024 14559  2  0 97  0  0
21  0      0 146319120  57668 5472520    0    0     0    64 13836 14356  2  0 97  0  0
15  0      0 146315856  57668 5472536    0    0     0     0 13579 13869  2  0 98  0  0
78  0      0 146312256  57668 5472536    0    0     0     0 13405 12220  2  0 97  0  0
334  0      0 146309808  57668 5472536    0    0     0     0 14558 13374  2  0 97  0  0
240  0      0 146307344  57668 5472536    0    0     0     0 9510 9625  2  0 97  0  0
46  0      0 146301248  57672 5472532    0    0     0    28 16863 18424  2  0 97  0  0
96  0      0 146292640  57672 5472524    0    0     0     0 13415 13562  2  0 98  0  0
90  0      0 146287088  57672 5472524    0    0     0     0 12517 12650  2  0 97  0  0
69  0      0 146283376  57672 5472492    0    0     0     0 12700 13326  2  0 97  0  0
procs -----------memory---------- ---swap-- -----io---- -system-- ------cpu-----
 r  b   swpd   free   buff  cache   si   so    bi    bo   in   cs us sy id wa st
121  0      0 146281264  57672 5472492    0    0     0     0 12615 14094  2  0 98  0  0
60  0      0 146279712  57680 5472484    0    0     0    40 13044 14979  2  0 97  0  0
 8  0      0 146277152  57680 5472624    0    0     0     0 13975 14102  2  0 97  0  0
16  0      0 146276288  57680 5472664    0    0     0     0 13353 12849  2  0 98  0  0
15  0      0 146275648  57680 5472664    0    0     0     0 13451 13167  2  0 97  0  0
11  1      0 146274912  57680 5472664    0    0     0     0 14313 13254  2  0 97  0  0
118  0      0 146274912  57680 5472664    0    0     0    36 13919 12838  2  0 97  0  0
18  0      0 146274912  57680 5472664    0    0     0     0 13212 12951  2  0 97  0  0
48  0      0 146273792  57680 5473416    0    0     0     0 12831 12153  2  0 97  0  0
31  0      0 146271392  57680 5473064    0    0     0     0 14638 13926  2  0 97  0  0
19  0      0 146272896  57688 5473072    0    0     0    44 14540 13150  2  0 97  0  0
13  0      0 146268736  57688 5473076    0    0     0    36 13754 12901  2  0 97  0  0
10  0      0 146262576  57688 5473076    0    0     0     0 13582 12940  2  0 98  0  0
20  0      0 146253888  57688 5473076    0    0     0     0 13540 13162  2  0 98  0  0
55  0      0 146249360  57688 5473076    0    0     0     0 14093 13029  2  0 97  0  0
38  0      0 146244608  57688 5473076    0    0     0     0 13517 12757  2  0 97  0  0
19  0      0 146241968  57696 5473068    0    0     0    64 13222 12734  2  0 98  0  0
23  0      0 146239232  57696 5473068    0    0     0     0 14153 12630  3  0 97  0  0
35  0      0 146237120  57696 5473068    0    0     0     0 13156 12446  2  0 97  0  0
18  0      0 146234400  57696 5473392    0    0     0     0 14653 13337  3  0 97  0  0
13  0      0 146231456  57696 5473412    0    0     0     0 13396 12511  2  0 98  0  0
procs -----------memory---------- ---swap-- -----io---- -system-- ------cpu-----
 r  b   swpd   free   buff  cache   si   so    bi    bo   in   cs us sy id wa st
60  0      0 146229856  57696 5473416    0    0     0     0 13241 12043  2  0 98  0  0
18  0      0 146218928  57696 5473424    0    0     0     0 13726 12827  2  0 97  0  0
69  0      0 146210544  57696 5473424    0    0     0     0 14305 12824  2  0 97  0  0
 9  0      0 146204192  57704 5473416    0    0     0    48 13952 12953  2  0 97  0  0
 4  0      0 146199552  57704 5473416    0    0     0     0 13419 13069  2  0 98  0  0
32  0      0 146197376  57704 5473416    0    0     0     0 12933 12104  2  0 97  0  0
55  0      0 146189136  57704 5474184    0    0     0     0 13520 12890  2  0 98  0  0
59  0      0 146186432  57704 5474208    0    0     0     0 13399 12955  2  0 97  0  0
29  0      0 146183696  57704 5474216    0    0     0     0 13665 13280  2  0 97  0  0
27  0      0 146177280  57704 5474216    0    0     0     0 14322 12733  2  0 97  0  0
119  0      0 146175232  57704 5474216    0    0     0     0 13483 12220  2  0 97  0  0
61  0      0 146166048  57704 5474304    0    0     0     0 14147 12736  2  0 98  0  0
19  0      0 146163936  57704 5474328    0    0     0     0 13507 12421  2  0 97  0  0
12  0      0 146153744  57704 5474436    0    0     0     0 15082 12933  2  0 97  0  0
61  0      0 146153632  57712 5474428    0    0     0    44 13273 12383  2  0 98  0  0
90  0      0 146151632  57712 5474428    0    0     0     0 13088 12047  2  0 97  0  0
23  0      0 146149792  57712 5475020    0    0     0     0 13054 12621  2  0 97  0  0
31  0      0 146149648  57712 5475032    0    0     0     0 12426 11509  2  0 98  0  0
 9  0      0 146148096  57712 5474912    0    0     0     0 15622 14108  2  0 97  0  0
15  1      0 146148256  57712 5474912    0    0     0     0 13527 12633  2  0 97  0  0
16  0      0 146146128  57712 5474960    0    0     0    32 13129 12231  2  0 97  0  0
procs -----------memory---------- ---swap-- -----io---- -system-- ------cpu-----
 r  b   swpd   free   buff  cache   si   so    bi    bo   in   cs us sy id wa st
17  0      0 146139728  57712 5474960    0    0     0     0 13915 12913  2  0 97  0  0
79  0      0 146139248  57712 5474960    0    0     0     0 12661 11963  2  0 98  0  0
35  0      0 146136048  57720 5474952    0    0     0    40 13476 13746  2  0 97  0  0
46  0      0 146132432  57720 5474952    0    0     0     0 13623 13401  2  0 98  0  0
132  0      0 146128416  57720 5474952    0    0     0     0 13466 12917  2  0 98  0  0
25  0      0 146124768  57720 5474952    0    0     0     0 13888 13284  3  0 97  0  0
43  0      0 146104752  57720 5474952    0    0     0     0 13548 12828  2  0 97  0  0
12  0      0 146070624  57720 5474952    0    0     0     0 14603 14229  2  0 97  0  0
70  0      0 146059456  57720 5474952    0    0     0     0 14730 13057  2  0 97  0  0
73  0      0 146041984  57720 5475120    0    0     0    24 13235 12818  2  0 97  0  0
13  0      0 146037440  57720 5475128    0    0     0     0 13041 12600  2  0 98  0  0
10  0      0 146032928  57720 5475132    0    0     0     0 13679 13902  2  0 97  0  0
 8  0      0 146028496  57728 5475128    0    0     0    48 13522 13871  2  0 98  0  0
34  0      0 146026448  57728 5475128    0    0     0     0 13114 13222  2  0 97  0  0
14  0      0 146024800  57728 5475128    0    0     0     0 14595 13247  2  0 97  0  0
10  0      0 146020560  57728 5475128    0    0     0     0 13726 13069  2  0 97  0  0
15  0      0 146020560  57728 5475128    0    0     0     0 13487 13354  2  0 98  0  0
92  0      0 146019856  57728 5475800    0    0     0     0 12965 13398  2  0 98  0  0
 9  0      0 146015472  57728 5475984    0    0     0     0 13502 13590  2  0 98  0  0
12  0      0 146011232  57732 5476016    0    0     0    40 13872 13085  2  0 98  0  0
12  0      0 146006528  57732 5476016    0    0     0     0 13675 13177  2  0 97  0  0
procs -----------memory---------- ---swap-- -----io---- -system-- ------cpu-----
 r  b   swpd   free   buff  cache   si   so    bi    bo   in   cs us sy id wa st
38  0      0 146006528  57732 5476016    0    0     0     0 13367 12796  2  0 98  0  0
19  0      0 146006576  57732 5476016    0    0     0     0 13364 13151  2  0 98  0  0
136  0      0 146005136  57732 5476016    0    0     0     0 13311 12217  2  0 97  0  0
32  0      0 146005136  57732 5476016    0    0     0    12 14651 12542  2  0 97  0  0
103  0      0 146005136  57732 5476016    0    0     0     0 12052 11226  2  0 97  0  0
106  0      0 146004512  57732 5476016    0    0     0     0 12557 11725  2  0 97  0  0
75  0      0 146004000  57732 5476016    0    0     0     0 12829 11988  2  0 97  0  0
27  0      0 146003456  57732 5476336    0    0     0     0 14164 12862  2  0 97  0  0
65  0      0 146000992  57740 5476492    0    0     0    40 14084 13108  2  0 97  0  0
41  0      0 146000864  57740 5476524    0    0     0     0 13282 12807  2  0 97  0  0
33  0      0 146000864  57740 5476524    0    0     0     0 13791 12826  2  0 98  0  0
17  0      0 146000880  57740 5476516    0    0     0     0 13992 13233  2  0 97  0  0
83  1      0 146000880  57740 5476516    0    0     0     0 13715 12991  2  0 97  0  0
30  0      0 146000336  57740 5476516    0    0     0    40 13819 12741  2  0 97  0  0
23  0      0 146000432  57740 5476516    0    0     0     0 14261 13170  3  0 97  0  0
91  0      0 146000432  57740 5476516    0    0     0     0 13724 13509  2  0 98  0  0
33  0      0 145999920  57740 5476516    0    0     0     0 13038 12811  2  0 97  0  0
91  0      0 145999920  57740 5476516    0    0     0     0 13071 12302  2  0 98  0  0
21  0      0 145997024  57740 5476516    0    0     0     0 13344 12783  2  0 98  0  0
33  0      0 145997024  57740 5476516    0    0     0     0 13304 12921  2  0 97  0  0
13  0      0 145997024  57740 5476516    0    0     0     0 13704 13259  2  0 98  0  0
procs -----------memory---------- ---swap-- -----io---- -system-- ------cpu-----
 r  b   swpd   free   buff  cache   si   so    bi    bo   in   cs us sy id wa st
20  0      0 145998800  57740 5477368    0    0     0     0 22363 23100  3  1 96  0  0
82  0      0 145998288  57740 5477436    0    0     0     0 17088 18088  2  0 97  0  0
94  0      0 145998384  57740 5477436    0    0     0     0 13742 12102  2  0 97  0  0
24  0      0 145998384  57740 5477440    0    0     0     0 13717 12476  2  0 97  0  0
100  0      0 145998144  57740 5477440    0    0     0     0 13251 12131  2  0 98  0  0
 7  0      0 145998144  57748 5477432    0    0     0    16 14229 13515  2  0 98  0  0
23  0      0 145998976  57748 5477712    0    0     0     0 13917 13332  2  0 97  0  0
10  0      0 145996768  57748 5477788    0    0     0    16 13355 12204  2  0 97  0  0
13  0      0 145996704  57748 5477792    0    0     0     0 13649 12733  2  0 98  0  0
17  0      0 145996656  57748 5477860    0    0     0     0 14028 13300  2  0 98  0  0
120  0      0 145996960  57748 5477672    0    0     0     0 15513 14292  2  0 97  0  0
72  0      0 145996960  57756 5477664    0    0     0    60 13529 12138  2  0 97  0  0
204  0      0 145996960  57756 5477664    0    0     0     0 13278 12320  2  0 97  0  0
88  0      0 145996960  57756 5477664    0    0     0     0 12945 12137  2  0 97  0  0
14  0      0 145996960  57756 5477664    0    0     0     0 13309 12339  2  0 98  0  0
62  0      0 145995952  57756 5477720    0    0     0     0 14907 13389  2  0 97  0  0
35  0      0 145995840  57756 5477924    0    0     0     0 13863 12631  2  0 97  0  0
27  0      0 145991600  57756 5477928    0    0     0     0 13313 12805  2  0 97  0  0
37  0      0 145991600  57756 5477928    0    0     0     0 14127 13560  2  0 98  0  0
293  0      0 145993056  57756 5477972    0    0     0     0 13750 12200  2  0 97  0  0
60  0      0 145992944  57760 5477920    0    0     0    44 12715 11980  2  0 97  0  0
procs -----------memory---------- ---swap-- -----io---- -system-- ------cpu-----
 r  b   swpd   free   buff  cache   si   so    bi    bo   in   cs us sy id wa st
97  0      0 145993120  57760 5477936    0    0     0     0 12954 12168  2  0 98  0  0
340  0      0 145993184  57760 5477940    0    0     0     0 12952 11920  2  0 98  0  0
16  0      0 145992160  57760 5477940    0    0     0     0 13321 12192  3  0 97  0  0
 4  0      0 145991552  57760 5477940    0    0     0     0 15213 13273  2  0 97  0  0
 6  0      0 145991536  57760 5478520    0    0     0     0 13822 13102  2  0 97  0  0
142  0      0 145988160  57760 5478824    0    0     0     0 13990 11931  2  0 97  0  0
38  0      0 145986704  57760 5479072    0    0     0     0 14041 13126  2  0 98  0  0
161  0      0 145986592  57760 5479080    0    0     0     0 13336 12463  2  0 97  0  0
46  0      0 145986336  57760 5479096    0    0     0     0 13748 12708  2  0 98  0  0
81  0      0 145986720  57768 5479088    0    0     0    40 13790 12789  2  0 97  0  0
21  0      0 145986208  57768 5479088    0    0     0     0 13126 12574  2  0 98  0  0
98  0      0 145984688  57768 5479088    0    0     0     0 13660 12012  2  0 97  0  0
202  0      0 145985728  57768 5479524    0    0     0     0 12728 11912  2  0 97  0  0
18  0      0 145985856  57768 5479528    0    0     0     0 13109 12374  2  0 97  0  0
20  0      0 145985248  57768 5479532    0    0     0     0 14586 12796  2  0 97  0  0
74  0      0 145985248  57768 5479532    0    0     0     0 13470 12181  2  0 97  0  0
104  0      0 145983120  57776 5479524    0    0     0    56 12792 12109  2  0 98  0  0
40  0      0 145983104  57776 5479524    0    0     0     0 13205 12385  2  0 97  0  0
43  0      0 145983104  57776 5479524    0    0     0     0 13472 12781  2  0 98  0  0
54  0      0 145983888  57776 5479524    0    0     0     0 13817 14046  2  0 97  0  0
57  0      0 145985456  57776 5479524    0    0     0     0 13778 13308  2  0 98  0  0
procs -----------memory---------- ---swap-- -----io---- -system-- ------cpu-----
 r  b   swpd   free   buff  cache   si   so    bi    bo   in   cs us sy id wa st
15  0      0 145985424  57776 5479528    0    0     0    12 13947 12845  2  0 97  0  0
47  0      0 145985952  57776 5479528    0    0     0     0 14152 13054  2  0 97  0  0
100  0      0 145985760  57784 5479240    0    0     0    64 14152 12783  2  0 97  0  0
16  0      0 145986304  57784 5479244    0    0     0     0 13964 12974  2  0 97  0  0
216  0      0 145986656  57784 5479288    0    0     0     0 14492 13303  2  0 97  0  0
135  0      0 145984544  57784 5479296    0    0     0    16 12148 11180  2  0 97  0  0
72  0      0 145984544  57784 5479296    0    0     0     0 12852 11280  2  0 97  0  0
24  0      0 145982976  57784 5479648    0    0     0     0 13642 12529  2  0 98  0  0
18  0      0 145981888  57788 5479960    0    0     0    48 13202 12675  2  0 97  0  0
15  0      0 145981888  57788 5479960    0    0     0     0 13227 13230  2  0 98  0  0
40  0      0 145981888  57788 5479964    0    0     0     0 14138 12811  2  0 98  0  0
10  0      0 145982208  57788 5480076    0    0     0     0 14139 13220  3  0 97  0  0
56  0      0 145981888  57788 5480180    0    0     0     0 14098 12610  2  0 97  0  0
47  0      0 145982144  57788 5480180    0    0     0     0 12938 12236  2  0 97  0  0
56  0      0 145982272  57788 5480364    0    0     0     0 13909 12391  2  0 97  0  0
85  0      0 145979888  57788 5480364    0    0     0     0 13284 12409  2  0 97  0  0
90  0      0 145979888  57788 5480364    0    0     0     0 13840 12748  2  0 97  0  0
19  0      0 145980400  57788 5480364    0    0     0     0 13588 13387  2  0 98  0  0
162  0      0 145980400  57788 5480364    0    0     0     0 13940 13433  2  0 98  0  0
29  0      0 145980400  57788 5480364    0    0     0     0 13101 12523  2  0 98  0  0
44  0      0 145980400  57788 5480364    0    0     0     0 13035 12175  2  0 97  0  0
procs -----------memory---------- ---swap-- -----io---- -system-- ------cpu-----
 r  b   swpd   free   buff  cache   si   so    bi    bo   in   cs us sy id wa st
124  0      0 145980400  57788 5480364    0    0     0     0 13411 11912  2  0 97  0  0
275  0      0 145980400  57788 5480364    0    0     0     0 12985 12454  2  0 98  0  0
85  0      0 145979968  57788 5480364    0    0     0     0 12837 12386  2  0 97  0  0
23  0      0 145978304  57788 5480364    0    0     0     0 14165 12853  2  0 97  0  0
16  0      0 145975936  57788 5480364    0    0     0     0 13636 13152  2  0 98  0  0
16  0      0 145975936  57788 5480364    0    0     0     0 13944 13459  2  0 98  0  0
15  0      0 145975904  57788 5480364    0    0     0     0 13043 11750  2  0 97  0  0
82  0      0 145974416  57788 5480364    0    0     0     0 14304 12690  2  0 97  0  0
96  0      0 145974416  57792 5480360    0    0     0    40 12770 11751  2  0 98  0  0
193  0      0 145974416  57792 5480360    0    0     0    60 13774 12252  2  0 97  0  0
25  0      0 145974416  57792 5480360    0    0     0     0 13077 11948  2  0 97  0  0
41  0      0 145974416  57792 5480360    0    0     0     0 12514 11680  2  0 97  0  0
12  0      0 145972640  57792 5480360    0    0     0     0 14235 12744  2  0 97  0  0
40  0      0 145972640  57792 5480360    0    0     0     0 13922 14039  2  0 98  0  0
19  0      0 145970144  57800 5481104    0    0     0    64 13390 12822  2  0 97  0  0
21  0      0 145970144  57800 5481104    0    0     0     0 13788 12951  2  0 98  0  0
11  0      0 145970144  57800 5481104    0    0     0     0 13921 13320  2  0 98  0  0
17  0      0 145970656  57800 5481104    0    0     0     0 13347 12626  2  0 98  0  0
213  0      0 145970656  57800 5481104    0    0     0     0 13839 12841  2  0 97  0  0
238  0      0 145970656  57808 5481096    0    0     0    28 12730 11761  2  0 97  0  0
17  0      0 145970656  57808 5481096    0    0     0     0 13625 12638  3  0 97  0  0
procs -----------memory---------- ---swap-- -----io---- -system-- ------cpu-----
 r  b   swpd   free   buff  cache   si   so    bi    bo   in   cs us sy id wa st
12  0      0 145972672  57808 5481892    0    0     0     0 13352 12895  2  0 97  0  0
16  0      0 145971952  57808 5482036    0    0     0     0 14842 13315  2  0 97  0  0
29  0      0 145970272  57808 5482108    0    0     0     0 14592 13086  2  0 97  0  0
16  0      0 145967232  57808 5482108    0    0     0     0 14062 12753  2  0 98  0  0
13  0      0 145967264  57808 5482112    0    0     0     0 13544 12874  2  0 97  0  0
13  0      0 145967264  57808 5482112    0    0     0     0 13518 12928  2  0 98  0  0
12  0      0 145967264  57812 5482108    0    0     0    44 14053 12895  2  0 98  0  0
22  0      0 145967264  57812 5482108    0    0     0     0 13718 13369  2  0 98  0  0
22  0      0 145966736  57812 5482108    0    0     0     0 15300 13490  2  0 97  0  0
13  0      0 145966736  57812 5482108    0    0     0     0 14407 13348  2  0 97  0  0
68  0      0 145966736  57812 5482108    0    0     0     0 13187 12222  2  0 98  0  0
47  0      0 145966736  57812 5482108    0    0     0     0 13160 12369  2  0 97  0  0
175  0      0 145965680  57812 5482108    0    0     0     0 13325 12868  2  0 98  0  0
17  0      0 145962144  57812 5482108    0    0     0     0 13674 12761  2  0 97  0  0
59  0      0 145962144  57816 5482104    0    0     0    40 13694 12437  2  0 98  0  0
13  0      0 145961536  57816 5482104    0    0     0     0 13292 13206  2  0 98  0  0
13  0      0 145937936  57816 5482104    0    0     0     0 13232 13600  2  0 98  0  0
 9  0      0 145921488  57816 5482104    0    0     0     0 13322 14579  2  0 98  0  0
11  0      0 145920848  57816 5482104    0    0     0     0 13800 13131  2  0 97  0  0
31  0      0 145920848  57816 5482104    0    0     0     0 13346 12452  2  0 97  0  0
38  0      0 145918688  57816 5482104    0    0     0     0 13550 12771  2  0 98  0  0
procs -----------memory---------- ---swap-- -----io---- -system-- ------cpu-----
 r  b   swpd   free   buff  cache   si   so    bi    bo   in   cs us sy id wa st
60  0      0 145919200  57816 5482104    0    0     0     0 14285 13282  2  0 97  0  0
35  0      0 145914800  57816 5482104    0    0     0     0 13354 13074  2  0 97  0  0
155  0      0 145917056  57820 5483076    0    0     0    68 13690 13660  2  0 97  0  0
14  0      0 145915232  57820 5483112    0    0     0     0 13584 13558  2  0 97  0  0
37  0      0 145915200  57820 5483112    0    0     0     0 13770 13072  2  0 98  0  0
20  0      0 145913264  57820 5482884    0    0     0     0 14015 13206  2  0 97  0  0
 9  0      0 145909232  57820 5482884    0    0     0     0 13241 13931  2  0 98  0  0
17  0      0 145902848  57820 5482884    0    0     0     4 13113 13445  2  0 98  0  0
62  0      0 145900016  57820 5482884    0    0     0     0 13683 13348  3  0 97  0  0
30  0      0 145900224  57820 5482884    0    0     0     0 13855 12736  2  0 98  0  0
36  0      0 145900224  57820 5482884    0    0     0     0 13983 12848  2  0 97  0  0
42  0      0 145900224  57820 5482884    0    0     0     0 13350 12642  2  0 98  0  0
25  0      0 145896096  57824 5482880    0    0     0     8 13521 13189  2  0 97  0  0
18  0      0 145895568  57824 5482880    0    0     0     0 13386 12962  2  0 98  0  0
227  0      0 145895568  57824 5482880    0    0     0     0 12820 12574  2  0 97  0  0
36  0      0 145897680  57824 5483632    0    0     0     0 20759 21322  3  1 96  0  0
64  0      0 145897728  57824 5483660    0    0     0     0 13437 12042  2  0 97  0  0
30  0      0 145897792  57832 5483660    0    0     0    44 13570 12506  2  0 97  0  0
27  0      0 145897664  57832 5483660    0    0     0     0 14082 12787  2  0 97  0  0
41  0      0 145897296  57832 5483660    0    0     0     0 13286 12349  2  0 97  0  0
25  0      0 145897472  57832 5483660    0    0     0     0 13151 12738  2  0 98  0  0
procs -----------memory---------- ---swap-- -----io---- -system-- ------cpu-----
 r  b   swpd   free   buff  cache   si   so    bi    bo   in   cs us sy id wa st
15  0      0 145896896  57832 5483664    0    0     0     0 14201 12859  2  0 97  0  0
17  0      0 145894528  57832 5483664    0    0     0     0 13475 13293  2  0 98  0  0
 8  0      0 145894528  57832 5483664    0    0     0     0 13858 13104  2  0 98  0  0
17  0      0 145894528  57832 5483664    0    0     0     0 13846 13509  2  0 97  0  0
139  0      0 145893888  57832 5484032    0    0     0     0 14141 12671  2  0 97  0  0
34  0      0 145893888  57832 5484032    0    0     0     0 13191 11774  2  0 97  0  0
17  0      0 145894448  57836 5484172    0    0     0    40 14640 12847  2  0 98  0  0
32  0      0 145893536  57836 5484272    0    0     0     0 13928 13024  2  0 97  0  0
16  0      0 145892384  57836 5484572    0    0     0     0 13153 12287  2  0 98  0  0
25  0      0 145888016  57836 5484700    0    0     0     0 13879 12954  2  0 97  0  0
108  0      0 145891584  57836 5484700    0    0     0     0 14850 12207  2  0 97  0  0
10  0      0 145888848  57836 5484700    0    0     0     0 12937 12048  2  0 98  0  0
12  0      0 145888848  57836 5484700    0    0     0     0 13218 12726  2  0 98  0  0
71  0      0 145888848  57836 5484700    0    0     0     0 13376 12644  2  0 97  0  0
22  0      0 145888848  57836 5484700    0    0     0     0 13745 12804  2  0 98  0  0
32  0      0 145888848  57840 5484696    0    0     0    40 14194 12833  2  0 97  0  0
11  0      0 145889184  57840 5484696    0    0     0    44 13652 13390  2  0 98  0  0
14  0      0 145888576  57840 5484696    0    0     0     0 14968 14008  3  0 97  0  0
216  0      0 145888576  57840 5484696    0    0     0     0 13793 12192  2  0 97  0  0
105  0      0 145886032  57840 5484696    0    0     0     0 12695 11788  2  0 97  0  0
139  0      0 145884496  57840 5485612    0    0     0     0 13710 12199  2  0 97  0  0
procs -----------memory---------- ---swap-- -----io---- -system-- ------cpu-----
 r  b   swpd   free   buff  cache   si   so    bi    bo   in   cs us sy id wa st
15  0      0 145882928  57840 5485364    0    0     0     0 13590 12531  2  0 97  0  0
38  0      0 145883200  57840 5485376    0    0     0     0 14187 13772  2  0 97  0  0
58  0      0 145883488  57840 5485412    0    0     0     0 13670 12996  2  0 97  0  0
12  0      0 145884224  57848 5485436    0    0     0    40 14199 14036  2  0 98  0  0
11  0      0 145885808  57848 5485416    0    0     0     0 13493 13527  2  0 98  0  0
75  0      0 145886224  57848 5485416    0    0     0    28 14614 13750  2  0 97  0  0
231  0      0 145886288  57848 5485416    0    0     0     0 14313 13599  2  0 97  0  0
41  0      0 145886576  57848 5485416    0    0     0     0 13912 12387  2  0 97  0  0
31  0      0 145886048  57848 5485416    0    0     0     0 13031 11916  2  0 98  0  0
30  0      0 145885552  57848 5485416    0    0     0     0 13807 12784  2  0 97  0  0
64  0      0 145882976  57856 5485408    0    0     0    52 12786 12160  2  0 97  0  0
79  0      0 145881952  57856 5485408    0    0     0     0 12954 11923  2  0 98  0  0
35  0      0 145881952  57856 5485408    0    0     0     0 13061 11893  2  0 97  0  0
28  0      0 145881952  57856 5485408    0    0     0     0 14000 12485  2  0 97  0  0
115  0      0 145881952  57856 5485408    0    0     0     0 12934 12248  2  0 97  0  0
67  0      0 145881568  57856 5485408    0    0     0     0 14003 12481  2  0 97  0  0
185  0      0 145881568  57856 5485408    0    0     0     0 15249 13842  2  0 97  0  0
21  0      0 145879984  57856 5485740    0    0     0     0 14359 12717  2  0 97  0  0
11  0      0 145880448  57856 5485984    0    0     0     0 13758 13277  2  0 97  0  0
12  0      0 145880256  57856 5486232    0    0     0     0 13718 13322  2  0 98  0  0
18  0      0 145876992  57860 5486232    0    0     0    48 14539 13406  2  0 97  0  0
procs -----------memory---------- ---swap-- -----io---- -system-- ------cpu-----
 r  b   swpd   free   buff  cache   si   so    bi    bo   in   cs us sy id wa st
36  0      0 145876992  57860 5486232    0    0     0     0 14937 13389  2  0 98  0  0
10  0      0 145876976  57860 5486232    0    0     0     0 14864 13828  2  0 98  0  0
14  0      0 145877472  57860 5486232    0    0     0     0 14570 13560  2  0 97  0  0
 8  0      0 145877472  57860 5486232    0    0     0     0 13506 12919  2  0 98  0  0
17  0      0 145877472  57860 5486232    0    0     0     0 13480 12799  2  0 98  0  0
23  0      0 145877472  57860 5486232    0    0     0     0 14298 12998  3  0 97  0  0
34  0      0 145877472  57860 5486232    0    0     0     0 13148 12116  2  0 98  0  0
160  0      0 145877472  57860 5486232    0    0     0     0 14015 12661  2  0 97  0  0
19  0      0 145877472  57860 5486232    0    0     0     0 13192 12178  2  0 97  0  0
18  0      0 145872928  57860 5486232    0    0     0     0 13940 12773  2  0 97  0  0
23  0      0 145872928  57860 5486232    0    0     0     0 13864 12690  2  0 97  0  0
10  0      0 145872928  57860 5486232    0    0     0     0 13576 13862  2  0 98  0  0
19  0      0 145873440  57860 5486232    0    0     0     0 13714 13374  2  0 98  0  0
45  0      0 145873968  57860 5486232    0    0     0     0 13367 12651  2  0 97  0  0
118  0      0 145873968  57860 5486232    0    0     0    48 13232 12377  2  0 98  0  0
92  0      0 145873456  57860 5486232    0    0     0     0 14319 12710  2  0 97  0  0
255  0      0 145873456  57860 5486232    0    0     0     0 12429 11263  2  0 97  0  0
39  0      0 145873456  57860 5486232    0    0     0     0 12779 11883  2  0 98  0  0
85  0      0 145873328  57860 5486232    0    0     0     0 13431 12751  2  0 97  0  0
31  0      0 145871232  57860 5486232    0    0     0    16 13053 12658  2  0 97  0  0
29  0      0 145871232  57860 5486232    0    0     0     0 13296 13305  2  0 98  0  0
procs -----------memory---------- ---swap-- -----io---- -system-- ------cpu-----
 r  b   swpd   free   buff  cache   si   so    bi    bo   in   cs us sy id wa st
12  0      0 145871232  57860 5486984    0    0     0     0 13585 13941  2  0 97  0  0
12  0      0 145871232  57860 5486984    0    0     0     0 13263 12634  2  0 97  0  0
19  0      0 145870512  57860 5486984    0    0     0     0 14880 13274  2  0 97  0  0
21  0      0 145870512  57864 5486980    0    0     0    60 13540 12579  2  0 97  0  0
23  0      0 145870512  57864 5486980    0    0     0     0 13665 13091  2  0 97  0  0
159  0      0 145870512  57864 5486980    0    0     0     0 13569 12893  2  0 98  0  0
194  0      0 145872128  57864 5487032    0    0     0     0 14187 13153  2  0 97  0  0
11  0      0 145871920  57864 5486656    0    0     0     0 15279 13726  2  0 97  0  0
14  0      0 145868608  57864 5487416    0    0     0    16 14201 13165  2  0 98  0  0
273  0      0 145867536  57864 5487576    0    0     0     0 13312 12080  2  0 97  0  0
12  0      0 145867536  57864 5487576    0    0     0     0 12898 12009  2  0 97  0  0
108  0      0 145866832  57864 5487576    0    0     0     0 13297 12407  2  0 98  0  0
83  0      0 145866816  57872 5487568    0    0     0    44 12622 11768  2  0 97  0  0
150  0      0 145866816  57872 5487568    0    0     0     0 13029 11684  2  0 98  0  0
19  0      0 145866816  57872 5487568    0    0     0     0 14079 12405  3  0 97  0  0
44  0      0 145866288  57872 5487568    0    0     0     0 13241 12062  2  0 98  0  0
17  0      0 145865536  57872 5487568    0    0     0     0 14802 13644  2  0 97  0  0
45  0      0 145864096  57872 5487568    0    0     0     0 15677 13155  2  0 97  0  0
31  0      0 145860864  57872 5487568    0    0     0     0 13950 12536  2  0 97  0  0
23  0      0 145860864  57872 5487568    0    0     0     0 14158 12886  2  0 97  0  0
44  0      0 145860864  57872 5487568    0    0     0     0 13438 12262  2  0 98  0  0
procs -----------memory---------- ---swap-- -----io---- -system-- ------cpu-----
 r  b   swpd   free   buff  cache   si   so    bi    bo   in   cs us sy id wa st
19  0      0 145860864  57872 5487568    0    0     0     0 12619 11500  2  0 97  0  0
67  0      0 145860864  57880 5487560    0    0     0    44 13626 12119  2  0 98  0  0
31  0      0 145860864  57880 5487560    0    0     0     0 13519 13354  2  0 98  0  0
13  0      0 145860592  57880 5487560    0    0     0     0 14922 13231  2  0 97  0  0
126  0      0 145860592  57880 5487560    0    0     0     0 13525 13585  2  0 98  0  0
22  0      0 145860592  57880 5487560    0    0     0     0 13027 12563  2  0 98  0  0
272  0      0 145861104  57880 5487560    0    0     0     0 14410 14397  2  0 98  0  0
98  0      0 145858944  57880 5487560    0    0     0     0 12602 11661  2  0 97  0  0
26  0      0 145858944  57888 5487552    0    0     0    40 13299 12483  2  0 98  0  0
172  0      0 145859456  57888 5488304    0    0     0     0 13394 12855  2  0 98  0  0
65  0      0 145859456  57888 5488304    0    0     0     0 12776 12099  2  0 97  0  0
67  0      0 145859456  57888 5488304    0    0     0     0 13052 12247  2  0 97  0  0
26  0      0 145859184  57888 5488304    0    0     0    12 13225 12018  2  0 97  0  0
56  0      0 145859184  57888 5488304    0    0     0     0 13536 12972  2  0 98  0  0
21  0      0 145859184  57888 5488304    0    0     0     0 13212 12751  2  0 97  0  0
72  0      0 145863712  57888 5488640    0    0     0     0 12653 11935  2  0 97  0  0
10  0      0 145863856  57888 5488716    0    0     0     0 13303 12335  2  0 97  0  0
10  0      0 145860896  57896 5488924    0    0     0    60 13897 12765  2  0 97  0  0
28  0      0 145860832  57896 5488928    0    0     0     0 13312 13052  2  0 98  0  0
19  0      0 145861008  57896 5488936    0    0     0     0 14169 13350  2  0 97  0  0
 9  0      0 145859472  57896 5489684    0    0     0     0 13770 12458  2  0 97  0  0
procs -----------memory---------- ---swap-- -----io---- -system-- ------cpu-----
 r  b   swpd   free   buff  cache   si   so    bi    bo   in   cs us sy id wa st
131  0      0 145858432  57896 5489684    0    0     0     0 14387 12637  2  0 97  0  0
143  0      0 145857936  57904 5489676    0    0     0    44 12722 11653  2  0 97  0  0
98  0      0 145857424  57904 5490180    0    0     0     0 13212 12147  3  0 97  0  0
88  0      0 145856896  57904 5490180    0    0     0     0 13273 12431  2  0 98  0  0
13  0      0 145856816  57904 5490180    0    0     0     0 13847 13502  2  0 97  0  0
 8  0      0 145856240  57904 5490180    0    0     0     0 14043 14645  2  0 97  0  0
10  0      0 145844128  57904 5490508    0    0     0     0 13076 13465  2  0 98  0  0
12  0      0 145829696  57904 5490540    0    0     0     0 13726 13434  2  0 98  0  0
12  0      0 145828928  57904 5490584    0    0     0     0 19795 18467  3  1 96  0  0
15  0      0 145826848  57904 5490592    0    0     0     0 17708 20771  2  0 97  0  0
30  0      0 145826848  57904 5490596    0    0     0     0 14404 13268  2  0 97  0  0
29  0      0 145826848  57904 5490596    0    0     0     0 13590 12986  2  0 98  0  0
260  0      0 145826848  57904 5490596    0    0     0     0 12853 12296  2  0 97  0  0
23  0      0 145824560  57904 5490596    0    0     0     0 12940 12675  2  0 97  0  0
14  0      0 145824560  57912 5490588    0    0     0    20 13127 12918  2  0 98  0  0
21  0      0 145823520  57912 5490588    0    0     0     0 13848 13993  2  0 97  0  0
17  0      0 145821376  57912 5490588    0    0     0     0 13709 14343  2  0 97  0  0
44  0      0 145821376  57912 5490588    0    0     0     0 13230 12846  2  0 98  0  0
23  0      0 145817584  57912 5490588    0    0     0     0 12919 12615  2  0 98  0  0
11  0      0 145817584  57912 5490588    0    0     0     0 13166 12814  2  0 97  0  0
44  0      0 145818176  57912 5491080    0    0     0     0 14897 13574  2  0 97  0  0
procs -----------memory---------- ---swap-- -----io---- -system-- ------cpu-----
 r  b   swpd   free   buff  cache   si   so    bi    bo   in   cs us sy id wa st
19  0      0 145817728  57920 5491108    0    0     0    40 13421 13504  2  0 98  0  0
20  0      0 145818272  57920 5491228    0    0     0     0 13814 13070  2  0 97  0  0
39  0      0 145819264  57920 5491200    0    0     0     0 13130 13032  2  0 97  0  0
126  0      0 145819216  57920 5491252    0    0     0     0 12736 12249  2  0 97  0  0
21  0      0 145820128  57924 5491212    0    0     0    36 14392 13400  2  0 97  0  0
11  0      0 145816288  57924 5491324    0    0     0     8 13435 13146  2  0 97  0  0
56  0      0 145816736  57924 5491300    0    0     0     0 13114 13214  2  0 97  0  0
85  0      0 145816752  57924 5491308    0    0     0     0 12953 11637  2  0 97  0  0
63  0      0 145816752  57924 5491308    0    0     0     0 12933 12024  2  0 97  0  0
55  0      0 145816352  57928 5491304    0    0     0    44 13847 13110  2  0 97  0  0
142  0      0 145814496  57928 5491464    0    0     0    48 13685 12359  2  0 97  0  0
24  0      0 145814016  57928 5491464    0    0     0     0 13947 12680  3  0 97  0  0
29  0      0 145814816  57928 5492132    0    0     0     0 14362 13460  2  0 97  0  0
19  0      0 145815312  57928 5492168    0    0     0     0 14264 13051  2  0 97  0  0
56  0      0 145813072  57928 5492336    0    0     0     0 14164 12935  2  0 97  0  0
105  0      0 145811840  57928 5492356    0    0     0     0 14173 12512  2  0 97  0  0
22  0      0 145811392  57928 5492364    0    0     0     0 13278 12431  2  0 97  0  0
38  0      0 145811872  57928 5492176    0    0     0     0 13906 13306  2  0 97  0  0
295  0      0 145811712  57928 5492340    0    0     0     0 14275 11965  2  0 98  0  0
373  0      0 145811712  57936 5492348    0    0     0    40 12650 11622  2  0 97  0  0
 8  0      0 145811712  57936 5492360    0    0     0    12 11430 11148  2  0 97  0  0
procs -----------memory---------- ---swap-- -----io---- -system-- ------cpu-----
 r  b   swpd   free   buff  cache   si   so    bi    bo   in   cs us sy id wa st
16  0      0 145810832  57936 5492680    0    0     0     0 14539 13508  2  0 97  0  0
10  0      0 145810656  57936 5492692    0    0     0     0 13960 13151  2  0 97  0  0
18  0      0 145811168  57936 5492752    0    0     0     0 13653 13327  2  0 97  0  0
53  0      0 145811184  57936 5492752    0    0     0     0 13106 12328  2  0 98  0  0
47  0      0 145809168  57944 5492856    0    0     0    40 13769 12768  2  0 97  0  0
72  0      0 145809360  57944 5492936    0    0     0     0 14079 12915  2  0 97  0  0
27  0      0 145809120  57944 5492980    0    0     0     0 13905 12845  2  0 98  0  0
88  0      0 145808976  57944 5493072    0    0     0     0 13002 12551  2  0 97  0  0
27  0      0 145808976  57944 5493072    0    0     0     0 13976 13434  2  0 97  0  0
22  0      0 145808992  57944 5493308    0    0     0     0 14580 13539  2  0 97  0  0
24  0      0 145808992  57944 5493308    0    0     0     0 14057 13617  2  0 98  0  0
279  0      0 145808352  57944 5493300    0    0     0     0 15250 14901  2  0 97  0  0
226  0      0 145808320  57944 5493312    0    0     0     0 12762 11645  2  0 97  0  0
20  0      0 145808000  57944 5493328    0    0     0     0 12679 11888  2  0 97  0  0
15  0      0 145805952  57944 5493480    0    0     0     0 14110 13577  2  0 97  0  0
150  0      0 145805760  57948 5493488    0    0     0    48 12426 11373  2  0 97  0  0
49  0      0 145805984  57948 5493484    0    0     0     0 13347 12277  2  0 98  0  0
10  0      0 145806160  57948 5493484    0    0     0     0 13620 13192  2  0 98  0  0
14  0      0 145806688  57948 5493484    0    0     0     0 13500 13931  2  0 98  0  0
20  0      0 145806688  57948 5493484    0    0     0     0 13442 12871  2  0 97  0  0
93  0      0 145806688  57948 5493484    0    0     0     0 13649 12521  3  0 97  0  0
procs -----------memory---------- ---swap-- -----io---- -system-- ------cpu-----
 r  b   swpd   free   buff  cache   si   so    bi    bo   in   cs us sy id wa st
25  0      0 145806688  57948 5493484    0    0     0     0 13099 12681  2  0 97  0  0
121  0      0 145806176  57948 5493484    0    0     0     0 13087 12533  2  0 97  0  0
144  0      0 145806176  57948 5493484    0    0     0     0 13508 12582  2  0 98  0  0
19  0      0 145803552  57948 5493484    0    0     0    20 12346 11504  2  0 97  0  0
29  0      0 145803024  57948 5493484    0    0     0     0 15949 13574  2  0 97  0  0
58  0      0 145803680  57948 5493948    0    0     0     0 14121 12754  2  0 97  0  0
31  0      0 145803168  57948 5493948    0    0     0     0 13081 12547  2  0 98  0  0
16  0      0 145802752  57948 5494420    0    0     0     0 13458 12996  2  0 97  0  0
15  0      0 145803040  57952 5494476    0    0     0    60 13249 12501  2  0 97  0  0
49  0      0 145803040  57952 5494476    0    0     0     0 13552 12255  2  0 98  0  0
60  0      0 145802512  57952 5494476    0    0     0     0 13791 12798  2  0 98  0  0
24  0      0 145801984  57952 5494476    0    0     0     0 13603 12720  2  0 97  0  0
14  0      0 145801456  57952 5494476    0    0     0     0 13391 12641  2  0 97  0  0
29  0      0 145797952  57952 5494900    0    0     0     0 15297 13704  2  0 97  0  0
58  0      0 145798624  57952 5495008    0    0     0     0 14720 12776  2  0 97  0  0
153  0      0 145798624  57952 5495012    0    0     0     0 12972 12027  2  0 98  0  0
36  0      0 145798752  57952 5495012    0    0     0     0 13271 12491  2  0 97  0  0
56  0      0 145797328  57952 5495064    0    0     0     0 14527 13468  2  0 97  0  0
97  0      0 145797504  57960 5495060    0    0     0    40 12813 11559  2  0 97  0  0
24  0      0 145797600  57960 5495088    0    0     0     0 13123 11827  2  0 97  0  0
17  0      0 145796416  57960 5495088    0    0     0     0 14113 13344  2  0 97  0  0
procs -----------memory---------- ---swap-- -----io---- -system-- ------cpu-----
 r  b   swpd   free   buff  cache   si   so    bi    bo   in   cs us sy id wa st
18  0      0 145798336  57960 5495232    0    0     0     0 14784 13313  2  0 97  0  0
31  0      0 145800656  57960 5495248    0    0     0     0 15422 13925  2  0 97  0  0
81  0      0 145797984  57960 5495248    0    0     0    16 13541 12670  2  0 98  0  0
37  0      0 145797984  57960 5495248    0    0     0     0 12731 12000  2  0 98  0  0
78  0      0 145797456  57960 5495248    0    0     0     0 13133 12311  2  0 97  0  0
17  0      0 145797456  57968 5495240    0    0     0    48 13303 12639  2  0 98  0  0
51  0      0 145796928  57968 5495240    0    0     0     0 13642 13254  2  0 97  0  0
17  0      0 145796432  57968 5495240    0    0     0     0 13120 11762  2  0 97  0  0
38  0      0 145795904  57968 5495240    0    0     0     0 13886 12781  3  0 97  0  0
79  0      0 145795392  57968 5495240    0    0     0     0 12789 11491  2  0 98  0  0
53  0      0 145796400  57968 5495444    0    0     0     0 13950 12335  2  0 97  0  0
34  0      0 145796288  57968 5495460    0    0     0     0 14703 13231  2  0 97  0  0
16  0      0 145794288  57968 5495376    0    0     0     0 14843 13195  2  0 97  0  0
14  0      0 145794432  57968 5495372    0    0     0     0 13945 13704  2  0 98  0  0
38  0      0 145807312  57968 5495540    0    0     0     0 13939 13459  2  0 97  0  0
14  0      0 146937280  57968 5495500    0    0     0     0 13700 12931  2  0 98  0  0
