procs -----------memory---------- ---swap-- -----io---- -system-- ------cpu-----
 r  b   swpd   free   buff  cache   si   so    bi    bo   in   cs us sy id wa st
 0  0      0 377942176      0 7983592    0    0     0     0    1    0  0  0 100  0  0
 0  0      0 377892736      0 7983596    0    0     0     0 361067 324866  7  3 90  0  0
 1  0      0 377894016      0 7983596    0    0     0     0 449666 358158  9  3 88  0  0
38  0      0 377855232      0 7983596    0    0     0     0 522202 367889 10  4 87  0  0
 1  0      0 377849600      0 7983596    0    0     0     0 546560 538615 10  6 84  0  0
53  0      0 377868192      0 7983596    0    0     0     0 479489 541998 11  6 83  0  0
 1  0      0 377866400      0 7983596    0    0     0     0 579242 537844 11  6 83  0  0
47  0      0 377865504      0 7983596    0    0     0     0 534492 554821 12  6 83  0  0
53  0      0 377866912      0 7983596    0    0     0     0 516804 548551 12  6 82  0  0
27  0      0 377866560      0 7983596    0    0     0     0 567590 540090 11  6 83  0  0
78  0      0 377865920      0 7983588    0    0     0     0 560901 560929 12  6 82  0  0
66  0      0 377860768      0 7983588    0    0     0     0 586015 563433 12  6 82  0  0
 2  0      0 377863968      0 7983588    0    0     0     0 566927 568078 12  6 82  0  0
29  0      0 377852416      0 7983588    0    0     0     0 552575 560251 12  6 82  0  0
 1  0      0 377853632      0 7983588    0    0     0     0 555811 572469 12  6 82  0  0
85  0      0 377853600      0 7983588    0    0     0     0 596819 588087 12  6 82  0  0
36  0      0 377845888      0 7983588    0    0     0     0 558511 578103 12  6 82  0  0
59  0      0 377851392      0 7983588    0    0     0     0 572050 586087 12  6 82  0  0
65  0      0 377850720      0 7983588    0    0     0     0 583153 579657 12  6 82  0  0
 1  0      0 377853536      0 7983588    0    0     0     0 568458 591925 12  7 81  0  0
 1  0      0 377852992      0 7983588    0    0     0     0 570088 594918 12  6 81  0  0
procs -----------memory---------- ---swap-- -----io---- -system-- ------cpu-----
 r  b   swpd   free   buff  cache   si   so    bi    bo   in   cs us sy id wa st
 2  0      0 377857472      0 7983588    0    0     0     0 582647 597863 12  7 81  0  0
24  0      0 377858592      0 7983588    0    0     0     0 573249 587279 12  6 82  0  0
18  0      0 377854432      0 7983588    0    0     0     0 577080 595561 13  6 81  0  0
 1  0      0 377854432      0 7983588    0    0     0     0 597113 605987 13  7 81  0  0
 1  0      0 377856000      0 7983588    0    0     0     0 607800 612384 12  7 81  0  0
 1  0      0 377856864      0 7983588    0    0     0     0 585372 604227 13  6 81  0  0
72  0      0 377856256      0 7983588    0    0     0     0 587376 602250 12  7 81  0  0
 1  0      0 377857600      0 7983588    0    0     0     0 566444 600408 13  6 81  0  0
42  0      0 377862592      0 7983588    0    0     0     0 579321 600159 13  7 81  0  0
 2  0      0 377860224      0 7983588    0    0     0     0 604377 587423 12  6 81  0  0
41  0      0 377859328      0 7983588    0    0     0     0 592623 596977 12  7 81  0  0
 1  0      0 377857376      0 7983588    0    0     0     0 606889 607088 12  7 81  0  0
82  0      0 377860256      0 7983588    0    0     0     0 581673 583781 12  6 82  0  0
86  0      0 377858656      0 7983588    0    0     0     0 561047 590443 12  7 82  0  0
 2  0      0 377859040      0 7983588    0    0     0     0 556455 599655 12  7 81  0  0
 1  0      0 377863104      0 7983588    0    0     0     0 565073 593304 12  7 82  0  0
 1  0      0 377864576      0 7983588    0    0     0     0 575534 582031 12  7 82  0  0
47  0      0 377860736      0 7983588    0    0     0     0 581102 597459 12  7 81  0  0
20  0      0 377870048      0 7983588    0    0     0     0 584737 598434 12  6 82  0  0
81  0      0 377869440      0 7983588    0    0     0     0 602540 596414 12  7 81  0  0
42  0      0 377870464      0 7983588    0    0     0     0 565876 597302 12  7 81  0  0
procs -----------memory---------- ---swap-- -----io---- -system-- ------cpu-----
 r  b   swpd   free   buff  cache   si   so    bi    bo   in   cs us sy id wa st
61  0      0 377871744      0 7983588    0    0     0     0 567603 597648 12  7 81  0  0
29  0      0 377869120      0 7983592    0    0     0     0 544735 597641 12  6 81  0  0
19  0      0 377869088      0 7983592    0    0     0     0 602881 591398 12  6 82  0  0
35  0      0 377867168      0 7983592    0    0     0     0 582541 589560 12  6 81  0  0
52  0      0 377869792      0 7983592    0    0     0     0 579554 604615 12  7 81  0  0
31  0      0 377869280      0 7983592    0    0     0     0 574379 594216 12  6 81  0  0
47  0      0 377867712      0 7983592    0    0     0     0 566752 614727 12  6 81  0  0
46  0      0 377868576      0 7983592    0    0     0     0 609093 606382 12  6 81  0  0
34  0      0 377868480      0 7983592    0    0     0     0 583208 600348 12  6 81  0  0
71  0      0 377868640      0 7983592    0    0     0     0 585836 589482 12  6 82  0  0
 1  0      0 377870688      0 7983592    0    0     0     0 583096 597680 12  7 81  0  0
 5  0      0 377872800      0 7983592    0    0     0     0 568799 596132 12  6 81  0  0
24  0      0 377870848      0 7983592    0    0     0     0 560010 608824 12  7 81  0  0
52  0      0 377869632      0 7983592    0    0     0     0 591843 598668 12  6 81  0  0
85  0      0 377869248      0 7983592    0    0     0     0 583970 602081 12  7 81  0  0
 1  0      0 377871360      0 7983592    0    0     0     0 583080 604691 12  7 81  0  0
63  0      0 377870880      0 7983592    0    0     0     0 580341 609384 12  7 81  0  0
17  0      0 377871616      0 7983592    0    0     0     0 592586 604362 12  6 82  0  0
 0  0      0 377947392      0 7983592    0    0     0     0 542841 579904 12  6 82  0  0
 0  0      0 377947648      0 7983592    0    0     0     0  146  187  0  0 100  0  0
20  0      0 377917792      0 7983592    0    0     0     0 1860 3931  0  0 100  0  0
procs -----------memory---------- ---swap-- -----io---- -system-- ------cpu-----
 r  b   swpd   free   buff  cache   si   so    bi    bo   in   cs us sy id wa st
 1  0      0 377910880      0 7983592    0    0     0     0 411122 376973 10  3 87  0  0
49  0      0 377909056      0 7983592    0    0     0     0 493852 401238 11  3 85  0  0
50  0      0 377900192      0 7983592    0    0     0     0 574912 398346 12  3 85  0  0
70  0      0 377765120      0 7983592    0    0     0     0 739790 725709 15 17 69  0  0
118  0      0 377764448      0 7983592    0    0     0     0 850750 892623 17 22 61  0  0
 1  0      0 377765056      0 7983592    0    0     0     0 730628 906225 18 21 61  0  0
110  0      0 377762720      0 7983592    0    0     0     0 727956 910016 18 20 61  0  0
135  0      0 377760960      0 7983592    0    0     0     0 1325733 910755 18 20 61  0  0
55  0      0 377753440      0 7983592    0    0     0     0 848831 918919 19 20 61  0  0
133  0      0 377756128      0 7983592    0    0     0     0 808219 913782 19 20 62  0  0
 0  0      0 377758976      0 7983592    0    0     0     0 733565 917149 19 20 61  0  0
 1  0      0 377763040      0 7983592    0    0     0     0 739064 914448 19 19 62  0  0
91  0      0 377759840      0 7983592    0    0     0     0 946798 905716 18 20 62  0  0
62  0      0 377757152      0 7983592    0    0     0     0 740537 943047 18 22 60  0  0
130  0      0 377756608      0 7983592    0    0     0     0 798562 938283 19 21 60  0  0
121  0      0 377754016      0 7983592    0    0     0     0 789753 938356 19 20 61  0  0
69  0      0 377755936      0 7983592    0    0     0     0 1079713 941119 19 21 61  0  0
130  0      0 377748864      0 7983592    0    0     0     0 880955 941231 19 21 60  0  0
161  0      0 377754880      0 7983592    0    0     0     0 775121 924670 19 21 61  0  0
30  0      0 377759104      0 7983592    0    0     0     0 837635 939237 18 21 61  0  0
130  0      0 377760416      0 7983592    0    0     0     0 781051 925194 19 19 62  0  0
procs -----------memory---------- ---swap-- -----io---- -system-- ------cpu-----
 r  b   swpd   free   buff  cache   si   so    bi    bo   in   cs us sy id wa st
 1  0      0 377762272      0 7983592    0    0     0     0 1013571 925413 18 21 61  0  0
90  0      0 377757632      0 7983596    0    0     0     0 809718 925619 19 20 61  0  0
50  0      0 377759040      0 7983596    0    0     0     0 887403 925205 19 20 61  0  0
 0  0      0 377759744      0 7983596    0    0     0     0 817941 941379 19 21 60  0  0
174  0      0 377761056      0 7983596    0    0     0     0 727715 944177 19 21 61  0  0
26  0      0 377756928      0 7983596    0    0     0     0 832181 937376 18 22 60  0  0
 1  0      0 377758752      0 7983596    0    0     0     0 793191 929552 18 21 60  0  0
 8  0      0 377753664      0 7983596    0    0     0     0 907588 938713 19 21 60  0  0
45  0      0 377757760      0 7983596    0    0     0     0 844881 949503 19 22 60  0  0
130  0      0 377757184      0 7983596    0    0     0     0 1013854 921174 18 21 61  0  0
 1  0      0 377751520      0 7983596    0    0     0     0 955415 939698 19 22 60  0  0
31  0      0 377753984      0 7983596    0    0     0     0 804155 951681 19 21 60  0  0
105  0      0 377754848      0 7983596    0    0     0     0 882517 941728 18 21 61  0  0
144  0      0 377753920      0 7983596    0    0     0     0 711778 948547 18 22 60  0  0
51  0      0 377756608      0 7983596    0    0     0     0 793757 944821 19 21 60  0  0
54  0      0 377759680      0 7983596    0    0     0     0 792981 934302 18 21 61  0  0
17  0      0 377762880      0 7983596    0    0     0     0 922277 932044 18 21 60  0  0
160  0      0 377758880      0 7983596    0    0     0     0 802242 935853 19 20 61  0  0
 8  0      0 377762816      0 7983596    0    0     0     0 804853 949807 19 20 61  0  0
 1  0      0 377761088      0 7983596    0    0     0     0 854253 917908 18 21 61  0  0
132  0      0 377759392      0 7983596    0    0     0     0 864044 922035 19 20 61  0  0
procs -----------memory---------- ---swap-- -----io---- -system-- ------cpu-----
 r  b   swpd   free   buff  cache   si   so    bi    bo   in   cs us sy id wa st
126  0      0 377753536      0 7983596    0    0     0     0 814646 928327 18 21 61  0  0
123  0      0 377757504      0 7983596    0    0     0     0 860540 925625 19 21 60  0  0
91  0      0 377751328      0 7983596    0    0     0     0 830164 937206 18 21 60  0  0
57  0      0 377753472      0 7983596    0    0     0     0 749391 948195 19 20 61  0  0
104  0      0 377753792      0 7983596    0    0     0     0 839998 944381 19 21 60  0  0
43  0      0 377754240      0 7983596    0    0     0     0 821005 950888 19 21 60  0  0
30  0      0 377755392      0 7983596    0    0     0     0 779534 931304 18 21 60  0  0
82  0      0 377757760      0 7983596    0    0     0     0 790184 929000 19 21 61  0  0
134  0      0 377755104      0 7983596    0    0     0     0 932498 940074 19 20 61  0  0
110  0      0 377757024      0 7983596    0    0     0     0 850339 945053 19 22 60  0  0
138  0      0 377751488      0 7983596    0    0     0     0 839095 948757 19 21 60  0  0
 1  0      0 377752864      0 7983596    0    0     0     0 947107 947199 19 21 60  0  0
98  0      0 377750048      0 7983596    0    0     0     0 874094 950598 19 21 60  0  0
35  0      0 377748768      0 7983596    0    0     0     0 854515 937544 18 22 60  0  0
76  0      0 377750272      0 7983596    0    0     0     0 840841 933039 18 21 60  0  0
126  0      0 377752512      0 7983596    0    0     0     0 878224 915942 18 21 61  0  0
129  0      0 377754336      0 7983596    0    0     0     0 784837 941937 19 21 60  0  0
 0  0      0 377947680      0 7983596    0    0     0     0 752772 838723 17 19 65  0  0
 0  0      0 377948736      0 7983596    0    0     0     0   81  167  0  0 100  0  0
 2  0      0 377894080      0 7983596    0    0     0     0 21662 27325  1  0 99  0  0
 1  0      0 377890752      0 7983596    0    0     0     0 410856 405849 13  3 83  0  0
procs -----------memory---------- ---swap-- -----io---- -system-- ------cpu-----
 r  b   swpd   free   buff  cache   si   so    bi    bo   in   cs us sy id wa st
 2  0      0 377883392      0 7983596    0    0     0     0 446186 429500 15  4 81  0  0
 1  0      0 377882144      0 7983600    0    0     0     0 557940 427656 15  4 80  0  0
48  0      0 377682400      0 7983600    0    0     0     0 524000 545613 16 10 74  0  0
 1  0      0 377690176      0 7983600    0    0     0     0 588438 742697 19 20 61  0  0
167  0      0 377692128      0 7983600    0    0     0     0 1002978 724703 20 18 62  0  0
 1  0      0 377688832      0 7983600    0    0     0     0 703797 776288 20 20 60  0  0
99  0      0 377688256      0 7983600    0    0     0     0 656598 745777 20 20 61  0  0
80  0      0 377685536      0 7983600    0    0     0     0 617651 724807 20 18 62  0  0
 1  0      0 377692416      0 7983600    0    0     0     0 637305 769461 20 20 60  0  0
187  0      0 377691968      0 7983600    0    0     0     0 675583 762286 20 19 61  0  0
23  0      0 377684736      0 7983600    0    0     0     0 742990 762987 20 20 60  0  0
85  0      0 377687200      0 7983600    0    0     0     0 667309 729802 20 18 62  0  0
96  0      0 377690048      0 7983600    0    0     0     0 881679 754503 19 19 61  0  0
33  0      0 377680384      0 7983600    0    0     0     0 672685 759550 20 19 61  0  0
 3  0      0 377685600      0 7983600    0    0     0     0 756358 762130 20 19 60  0  0
90  0      0 377684864      0 7983600    0    0     0     0 647920 741375 20 19 61  0  0
37  0      0 377689056      0 7983600    0    0     0     0 975142 753155 20 19 62  0  0
 1  0      0 377689760      0 7983600    0    0     0     0 675863 751247 21 20 60  0  0
103  0      0 377681824      0 7983600    0    0     0     0 683643 741922 20 19 61  0  0
59  0      0 377690144      0 7983600    0    0     0     0 669702 747132 20 19 60  0  0
154  0      0 377687936      0 7983600    0    0     0     0 865355 724749 20 19 62  0  0
procs -----------memory---------- ---swap-- -----io---- -system-- ------cpu-----
 r  b   swpd   free   buff  cache   si   so    bi    bo   in   cs us sy id wa st
96  0      0 377682336      0 7983600    0    0     0     0 673123 732004 20 19 61  0  0
 1  0      0 377681280      0 7983632    0    0     0     0 642068 738752 20 19 61  0  0
 1  0      0 377680160      0 7983632    0    0     0     0 673553 751895 20 20 60  0  0
32  0      0 377683904      0 7983632    0    0     0     0 668914 733894 20 19 61  0  0
 1  0      0 377684320      0 7983632    0    0     0     0 670606 739080 20 18 62  0  0
17  0      0 377687424      0 7983632    0    0     0     0 929554 764701 20 20 60  0  0
193  0      0 377677600      0 7983632    0    0     0     0 683494 722716 19 18 63  0  0
32  0      0 377679872      0 7983632    0    0     0     0 704693 755083 20 20 60  0  0
 1  0      0 377683872      0 7983632    0    0     0     0 670957 728235 20 19 62  0  0
81  0      0 377681792      0 7983632    0    0     0     0 671730 731616 19 19 62  0  0
 1  0      0 377686080      0 7983632    0    0     0     0 680775 738870 20 20 60  0  0
141  0      0 377678816      0 7983632    0    0     0     0 679017 750106 20 20 61  0  0
92  0      0 377677280      0 7983632    0    0     0     0 938060 747967 20 20 61  0  0
13  0      0 377684896      0 7983632    0    0     0     0 692445 742697 20 20 60  0  0
24  0      0 377682848      0 7983632    0    0     0     0 725883 751355 19 19 61  0  0
34  0      0 377680352      0 7983632    0    0     0     0 944417 738863 19 19 61  0  0
89  0      0 377677632      0 7983636    0    0     0     0 668864 732091 20 18 62  0  0
 9  0      0 377682688      0 7983636    0    0     0     0 700899 749722 20 20 60  0  0
136  0      0 377681344      0 7983636    0    0     0     0 929476 750992 20 20 61  0  0
 1  0      0 377678912      0 7983636    0    0     0     0 701930 734937 20 19 61  0  0
94  0      0 377680576      0 7983636    0    0     0     0 645732 713767 20 17 64  0  0
procs -----------memory---------- ---swap-- -----io---- -system-- ------cpu-----
 r  b   swpd   free   buff  cache   si   so    bi    bo   in   cs us sy id wa st
15  0      0 377680640      0 7983636    0    0     0     0 680189 739334 20 18 62  0  0
91  0      0 377678976      0 7983640    0    0     0     0 687969 753954 20 19 61  0  0
57  0      0 377685536      0 7983640    0    0     0     0 702601 757537 20 19 61  0  0
157  0      0 377686976      0 7983640    0    0     0     0 874314 740704 20 18 62  0  0
155  0      0 377682624      0 7983644    0    0     0     0 705467 747980 20 19 61  0  0
 1  0      0 377683136      0 7983644    0    0     0     0 686509 752634 19 19 62  0  0
12  0      0 377679744      0 7983644    0    0     0     0 659027 747814 19 20 61  0  0
177  0      0 377685248      0 7983644    0    0     0     0 669521 727489 20 18 62  0  0
 7  0      0 377685088      0 7983644    0    0     0     0 689378 752438 20 20 61  0  0
107  0      0 377685440      0 7983644    0    0     0     0 651342 734903 20 20 60  0  0
133  0      0 377687776      0 7983644    0    0     0     0 707289 736969 19 19 62  0  0
75  0      0 377682400      0 7983644    0    0     0     0 711269 728729 20 19 61  0  0
 2  0      0 377678560      0 7983644    0    0     0     0 686571 743579 19 20 61  0  0
69  0      0 377678016      0 7983644    0    0     0     0 695997 735044 20 20 60  0  0
 2  0      0 377684512      0 7983644    0    0     0     0 687091 748078 20 20 60  0  0
 1  0      0 377680576      0 7983644    0    0     0     0 863591 739032 20 20 60  0  0
 0  0      0 377941024      0 7983644    0    0     0     0 550742 621185 16 17 68  0  0
 0  0      0 377942720      0 7983644    0    0     0     0  167  247  0  0 100  0  0
51  0      0 377867296      0 7983644    0    0     0     0 33189 45439  2  0 98  0  0
77  0      0 377858944      0 7983644    0    0     0     0 417778 439321 19  5 77  0  0
65  0      0 377854976      0 7983644    0    0     0     0 490249 467866 20  5 75  0  0
procs -----------memory---------- ---swap-- -----io---- -system-- ------cpu-----
 r  b   swpd   free   buff  cache   si   so    bi    bo   in   cs us sy id wa st
81  0      0 377848576      0 7983644    0    0     0     0 658376 462765 21  5 74  0  0
 6  0      0 377842944      0 7983644    0    0     0     0 528619 468643 21  5 73  0  0
53  0      0 377678400      0 7983644    0    0     0     0 545610 624266 22 13 65  0  0
208  0      0 377680960      0 7983644    0    0     0     0 590550 646730 24 15 60  0  0
25  0      0 377672896      0 7983644    0    0     0     0 1000335 640410 25 15 60  0  0
126  0      0 377665728      0 7983644    0    0     0     0 623118 669749 25 16 60  0  0
151  0      0 377667904      0 7983644    0    0     0     0 630213 694417 25 15 60  0  0
148  0      0 377672320      0 7983644    0    0     0     0 605942 664226 25 16 59  0  0
112  0      0 377665952      0 7983644    0    0     0     0 645372 631189 24 15 61  0  0
81  0      0 377666208      0 7983644    0    0     0     0 716246 655104 25 15 60  0  0
172  0      0 377662144      0 7983644    0    0     0     0 695805 647566 25 16 59  0  0
187  0      0 377669216      0 7983644    0    0     0     0 639324 632785 25 14 61  0  0
 1  0      0 377665856      0 7983644    0    0     0     0 616867 622176 25 14 61  0  0
115  0      0 377663296      0 7983644    0    0     0     0 643574 632174 25 14 61  0  0
 1  0      0 377661376      0 7983644    0    0     0     0 662359 649723 25 16 59  0  0
69  0      0 377661760      0 7983644    0    0     0     0 773026 637493 25 15 61  0  0
133  0      0 377661856      0 7983644    0    0     0     0 640141 657212 25 14 61  0  0
 1  0      0 377660704      0 7983644    0    0     0     0 641415 641955 25 16 59  0  0
62  0      0 377661760      0 7983644    0    0     0     0 647081 649864 25 14 61  0  0
78  0      0 377668736      0 7983644    0    0     0     0 630739 620815 25 14 61  0  0
167  0      0 377665408      0 7983644    0    0     0     0 808429 637949 25 15 60  0  0
procs -----------memory---------- ---swap-- -----io---- -system-- ------cpu-----
 r  b   swpd   free   buff  cache   si   so    bi    bo   in   cs us sy id wa st
19  0      0 377664704      0 7983644    0    0     0     0 645255 651147 25 14 61  0  0
185  0      0 377660512      0 7983648    0    0     0     0 655035 640338 25 14 61  0  0
189  0      0 377661952      0 7983648    0    0     0     0 642743 649601 25 15 60  0  0
177  0      0 377666752      0 7983648    0    0     0     0 646125 634772 25 14 60  0  0
 1  0      0 377669824      0 7983648    0    0     0     0 752624 672300 25 15 60  0  0
187  0      0 377666272      0 7983648    0    0     0     0 665544 660316 25 15 60  0  0
67  0      0 377669440      0 7983648    0    0     0     0 644720 680158 25 16 59  0  0
166  0      0 377668736      0 7983648    0    0     0     0 656066 639404 26 15 60  0  0
36  0      0 377667104      0 7983648    0    0     0     0 657650 634439 24 14 61  0  0
103  0      0 377671840      0 7983648    0    0     0     0 677382 655657 25 15 60  0  0
51  0      0 377668768      0 7983648    0    0     0     0 621318 629289 25 15 60  0  0
 1  0      0 377662400      0 7983648    0    0     0     0 933821 634633 25 15 61  0  0
151  0      0 377666656      0 7983648    0    0     0     0 664492 677076 24 16 60  0  0
 1  0      0 377666688      0 7983648    0    0     0     0 672878 639138 25 14 61  0  0
163  0      0 377667904      0 7983648    0    0     0     0 831755 645236 25 15 60  0  0
90  0      0 377671712      0 7983648    0    0     0     0 672359 647092 25 15 60  0  0
 1  0      0 377671744      0 7983648    0    0     0     0 662412 641917 25 14 61  0  0
157  0      0 377667072      0 7983648    0    0     0     0 767654 638337 25 15 60  0  0
24  0      0 377664128      0 7983648    0    0     0     0 664359 666634 25 14 61  0  0
186  0      0 377655360      0 7983648    0    0     0     0 677891 648457 25 15 60  0  0
205  0      0 377661984      0 7983648    0    0     0     0 653065 636757 25 14 61  0  0
procs -----------memory---------- ---swap-- -----io---- -system-- ------cpu-----
 r  b   swpd   free   buff  cache   si   so    bi    bo   in   cs us sy id wa st
41  0      0 377662016      0 7983648    0    0     0     0 684698 657265 25 15 60  0  0
171  0      0 377667520      0 7983648    0    0     0     0 664630 651540 25 15 60  0  0
91  0      0 377664672      0 7983648    0    0     0     0 802876 647226 25 14 61  0  0
 1  0      0 377666368      0 7983648    0    0     0     0 654585 643346 25 15 61  0  0
25  0      0 377663360      0 7983648    0    0     0     0 708065 651548 25 15 60  0  0
177  0      0 377668096      0 7983648    0    0     0     0 715719 663711 25 15 60  0  0
 1  0      0 377669664      0 7983648    0    0     0     0 836291 668943 25 15 60  0  0
114  0      0 377666560      0 7983648    0    0     0     0 677507 648529 25 14 61  0  0
199  0      0 377660800      0 7983648    0    0     0     0 670196 646604 25 15 60  0  0
 1  0      0 377668768      0 7983648    0    0     0     0 655064 658064 25 15 60  0  0
113  0      0 377671648      0 7983648    0    0     0     0 811287 650278 25 15 60  0  0
59  0      0 377668448      0 7983648    0    0     0     0 675102 635431 25 14 62  0  0
165  0      0 377670176      0 7983648    0    0     0     0 700105 656630 25 14 61  0  0
81  0      0 377668608      0 7983648    0    0     0     0 663215 636831 25 15 60  0  0
79  0      0 377671328      0 7983648    0    0     0     0 705488 664146 25 14 60  0  0
 0  0      0 377926656      0 7983648    0    0     0     0 497925 465116 19 10 71  0  0
 0  0      0 377930112      0 7983648    0    0     0     0  201  375  0  0 100  0  0
52  0      0 377773120      0 7983648    0    0     0     0 67041 76758  4  1 96  0  0
 1  0      0 377755136      0 7983648    0    0     0     0 444191 462036 23  6 71  0  0
29  0      0 377750816      0 7983648    0    0     0     0 510498 502488 25  6 69  0  0
71  0      0 377739776      0 7983648    0    0     0     0 714230 509775 26  6 68  0  0
procs -----------memory---------- ---swap-- -----io---- -system-- ------cpu-----
 r  b   swpd   free   buff  cache   si   so    bi    bo   in   cs us sy id wa st
77  0      0 377739680      0 7983648    0    0     0     0 611555 520902 27  6 67  0  0
 1  0      0 377654048      0 7983652    0    0     0     0 574863 587769 27 12 61  0  0
131  0      0 377662240      0 7983652    0    0     0     0 575490 599533 29 16 56  0  0
19  0      0 377659232      0 7983652    0    0     0     0 1173148 626700 28 15 56  0  0
207  0      0 377658048      0 7983652    0    0     0     0 679008 639247 29 16 56  0  0
 4  0      0 377662720      0 7983652    0    0     0     0 609162 638501 29 16 55  0  0
114  0      0 377660608      0 7983652    0    0     0     0 647719 637686 29 16 55  0  0
 1  0      0 377657600      0 7983652    0    0     0     0 620975 597908 29 16 55  0  0
 1  0      0 377648608      0 7983652    0    0     0     0 623394 615411 29 16 56  0  0
60  0      0 377652672      0 7983652    0    0     0     0 885907 614540 29 16 55  0  0
206  0      0 377645344      0 7983652    0    0     0     0 650781 626614 29 17 55  0  0
134  0      0 377651584      0 7983652    0    0     0     0 659849 634472 28 16 56  0  0
 1  0      0 377653824      0 7983652    0    0     0     0 635589 616669 29 17 54  0  0
 6  0      0 377648992      0 7983652    0    0     0     0 942484 599377 29 16 55  0  0
 1  0      0 377647520      0 7983652    0    0     0     0 678623 606970 28 15 56  0  0
53  0      0 377644992      0 7983652    0    0     0     0 854227 618850 29 16 55  0  0
 1  0      0 377644576      0 7983652    0    0     0     0 668014 602876 29 15 56  0  0
166  0      0 377634720      0 7983652    0    0     0     0 867896 603283 28 16 56  0  0
54  0      0 377642592      0 7983652    0    0     0     0 656047 611146 28 15 56  0  0
32  0      0 377648192      0 7983652    0    0     0     0 622501 628700 29 17 55  0  0
94  0      0 377652352      0 7983652    0    0     0     0 643743 610172 29 16 55  0  0
procs -----------memory---------- ---swap-- -----io---- -system-- ------cpu-----
 r  b   swpd   free   buff  cache   si   so    bi    bo   in   cs us sy id wa st
77  0      0 377650880      0 7983652    0    0     0     0 778498 620805 29 16 55  0  0
 1  0      0 377652160      0 7983652    0    0     0     0 691090 627163 29 16 54  0  0
60  0      0 377647872      0 7983652    0    0     0     0 786625 603546 30 15 55  0  0
49  0      0 377647936      0 7983652    0    0     0     0 652270 602215 29 16 56  0  0
 1  0      0 377653984      0 7983652    0    0     0     0 648875 596161 29 16 55  0  0
107  0      0 377656672      0 7983652    0    0     0     0 775712 606078 29 16 55  0  0
13  0      0 377656736      0 7983652    0    0     0     0 842969 642019 29 16 55  0  0
156  0      0 377652224      0 7983652    0    0     0     0 632711 593461 30 16 55  0  0
52  0      0 377647872      0 7983652    0    0     0     0 670630 612789 28 16 56  0  0
135  0      0 377646720      0 7983652    0    0     0     0 796176 611031 30 16 55  0  0
208  0      0 377648448      0 7983652    0    0     0     0 662417 594847 29 15 56  0  0
208  0      0 377637568      0 7983652    0    0     0     0 748545 606912 29 16 55  0  0
139  0      0 377648992      0 7983652    0    0     0     0 681309 629419 29 17 55  0  0
43  0      0 377654528      0 7983652    0    0     0     0 784374 599535 29 15 56  0  0
86  0      0 377659968      0 7983652    0    0     0     0 660833 614981 29 16 55  0  0
42  0      0 377654656      0 7983652    0    0     0     0 666017 622319 29 16 55  0  0
84  0      0 377659136      0 7983652    0    0     0     0 683269 640038 29 17 54  0  0
97  0      0 377657216      0 7983652    0    0     0     0 676145 643317 29 16 55  0  0
37  0      0 377657600      0 7983652    0    0     0     0 634713 607731 29 16 55  0  0
 9  0      0 377663296      0 7983652    0    0     0     0 665805 656787 30 18 53  0  0
31  0      0 377658432      0 7983656    0    0     0     0 641783 625137 30 17 54  0  0
procs -----------memory---------- ---swap-- -----io---- -system-- ------cpu-----
 r  b   swpd   free   buff  cache   si   so    bi    bo   in   cs us sy id wa st
118  0      0 377660576      0 7983656    0    0     0     0 683988 597347 29 16 55  0  0
122  0      0 377653056      0 7983660    0    0     0     0 787150 625089 29 16 55  0  0
97  0      0 377659104      0 7983660    0    0     0     0 704484 630170 28 17 55  0  0
87  0      0 377656416      0 7983660    0    0     0     0 775435 622328 29 16 55  0  0
157  0      0 377659584      0 7983660    0    0     0     0 834636 633228 28 16 55  0  0
94  0      0 377651520      0 7983660    0    0     0     0 646214 603858 29 17 54  0  0
208  0      0 377651392      0 7983660    0    0     0     0 812979 646760 29 17 54  0  0
126  0      0 377651104      0 7983660    0    0     0     0 758047 621449 29 16 55  0  0
109  0      0 377647776      0 7983660    0    0     0     0 697818 620364 29 16 55  0  0
66  0      0 377650624      0 7983660    0    0     0     0 772529 626904 29 16 55  0  0
163  0      0 377653472      0 7983660    0    0     0     0 686384 605099 29 16 55  0  0
168  0      0 377655712      0 7983660    0    0     0     0 690887 626060 28 17 55  0  0
85  0      0 377651360      0 7983660    0    0     0     0 745368 640390 29 17 54  0  0
 2  0      0 377650432      0 7983660    0    0     0     0 703169 608161 29 16 55  0  0
 0  0      0 377923744      0 7983660    0    0     0     0 446962 374078 18  9 73  0  0
 0  0      0 377926464      0 7983660    0    0     0     0  113  189  0  0 100  0  0
100  0      0 377805472      0 7983660    0    0     0     0 94177 127233  8  2 91  0  0
55  0      0 377792960      0 7983660    0    0     0     0 520607 514553 29  6 65  0  0
 1  0      0 377798976      0 7983660    0    0     0     0 545358 562536 32  7 61  0  0
161  0      0 377797952      0 7983660    0    0     0     0 719854 547830 32  8 60  0  0
 1  0      0 377794688      0 7983660    0    0     0     0 609443 571475 33  7 60  0  0
procs -----------memory---------- ---swap-- -----io---- -system-- ------cpu-----
 r  b   swpd   free   buff  cache   si   so    bi    bo   in   cs us sy id wa st
 1  0      0 377662624      0 7983660    0    0     0     0 690574 580366 33 15 52  0  0
112  0      0 377664256      0 7983660    0    0     0     0 597458 594293 33 16 51  0  0
168  0      0 377670496      0 7983660    0    0     0     0 1014603 610863 34 15 50  0  0
81  0      0 377670624      0 7983660    0    0     0     0 650891 609789 34 15 51  0  0
56  0      0 377667936      0 7983660    0    0     0     0 657665 633723 35 15 50  0  0
91  0      0 377665888      0 7983660    0    0     0     0 629741 616299 33 16 51  0  0
150  0      0 377669632      0 7983660    0    0     0     0 633829 630955 33 17 49  0  0
115  0      0 377664960      0 7983660    0    0     0     0 790067 606853 34 16 50  0  0
169  0      0 377664256      0 7983660    0    0     0     0 787339 595153 34 15 50  0  0
 1  0      0 377659008      0 7983660    0    0     0     0 647099 591923 34 15 50  0  0
147  0      0 377659264      0 7983660    0    0     0     0 973808 629282 33 17 50  0  0
131  0      0 377663296      0 7983660    0    0     0     0 608616 609467 34 16 50  0  0
157  0      0 377661248      0 7983660    0    0     0     0 684078 630971 34 16 50  0  0
28  0      0 377661600      0 7983660    0    0     0     0 664599 622942 34 18 49  0  0
135  0      0 377660960      0 7983660    0    0     0     0 612638 619751 34 16 50  0  0
14  0      0 377647456      0 7983660    0    0     0     0 927203 644325 34 16 50  0  0
134  0      0 377629152      0 7983660    0    0     0     0 733799 616890 34 16 51  0  0
19  0      0 377649824      0 7983660    0    0     0     0 661168 640179 33 16 51  0  0
33  0      0 377648576      0 7983660    0    0     0     0 689583 628932 34 16 50  0  0
96  0      0 377654528      0 7983660    0    0     0     0 660033 613789 34 16 51  0  0
 6  0      0 377650624      0 7983660    0    0     0     0 893804 638699 34 16 50  0  0
procs -----------memory---------- ---swap-- -----io---- -system-- ------cpu-----
 r  b   swpd   free   buff  cache   si   so    bi    bo   in   cs us sy id wa st
17  0      0 377656416      0 7983660    0    0     0     0 650897 607615 34 17 50  0  0
 1  0      0 377662624      0 7983664    0    0     0     0 792971 633602 34 16 50  0  0
188  0      0 377666176      0 7983664    0    0     0     0 645311 629592 34 15 51  0  0
163  0      0 377663744      0 7983664    0    0     0     0 670202 603613 34 16 50  0  0
123  0      0 377656736      0 7983664    0    0     0     0 683894 591175 34 16 50  0  0
196  0      0 377656608      0 7983664    0    0     0     0 979019 602256 35 16 49  0  0
111  0      0 377654048      0 7983664    0    0     0     0 639893 611884 33 16 51  0  0
96  0      0 377650400      0 7983664    0    0     0     0 690850 632312 33 17 50  0  0
 1  0      0 377654272      0 7983664    0    0     0     0 658720 630056 35 17 49  0  0
44  0      0 377646240      0 7983664    0    0     0     0 637766 608143 35 16 50  0  0
128  0      0 377663680      0 7983664    0    0     0     0 655250 654210 34 15 51  0  0
90  0      0 377658880      0 7983664    0    0     0     0 836173 632704 34 16 51  0  0
41  0      0 377650176      0 7983664    0    0     0     0 742036 621365 34 17 49  0  0
122  0      0 377648704      0 7983664    0    0     0     0 864027 604590 33 16 51  0  0
111  0      0 377648640      0 7983664    0    0     0     0 643796 596211 33 17 50  0  0
138  0      0 377656768      0 7983664    0    0     0     0 680631 612197 34 17 49  0  0
207  0      0 377653248      0 7983664    0    0     0     0 904316 611642 34 15 51  0  0
 1  0      0 377648352      0 7983664    0    0     0     0 823194 622497 34 17 50  0  0
188  0      0 377650048      0 7983664    0    0     0     0 691267 637370 34 15 51  0  0
62  0      0 377653312      0 7983664    0    0     0     0 760667 603962 34 16 50  0  0
195  0      0 377642048      0 7983664    0    0     0     0 663206 620724 34 15 51  0  0
procs -----------memory---------- ---swap-- -----io---- -system-- ------cpu-----
 r  b   swpd   free   buff  cache   si   so    bi    bo   in   cs us sy id wa st
 1  0      0 377644544      0 7983664    0    0     0     0 831243 619641 34 17 49  0  0
 1  0      0 377651712      0 7983664    0    0     0     0 746230 645119 33 17 50  0  0
57  0      0 377651904      0 7983664    0    0     0     0 726145 600890 35 16 49  0  0
50  0      0 377654592      0 7983664    0    0     0     0 673100 607300 34 16 50  0  0
143  0      0 377650656      0 7983664    0    0     0     0 762610 585174 33 16 51  0  0
78  0      0 377646944      0 7983664    0    0     0     0 720082 579224 33 16 51  0  0
45  0      0 377656512      0 7983664    0    0     0     0 737132 612421 33 17 50  0  0
16  0      0 377656928      0 7983664    0    0     0     0 695760 618016 34 15 51  0  0
70  0      0 377642432      0 7983664    0    0     0     0 818364 613734 33 17 50  0  0
71  0      0 377650784      0 7983664    0    0     0     0 740443 641515 33 16 51  0  0
189  0      0 377657472      0 7983664    0    0     0     0 734580 582724 33 16 50  0  0
114  0      0 377653824      0 7983664    0    0     0     0 733489 630229 33 17 50  0  0
198  0      0 377646272      0 7983664    0    0     0     0 798195 600036 34 16 50  0  0
 0  0      0 377932448      0 7983664    0    0     0     0 396919 319204 18  8 75  0  0
 0  0      0 377932384      0 7983664    0    0     0     0  225  314  0  0 100  0  0
28  0      0 377741248      0 7983664    0    0     0     0 140604 164516 10  2 87  0  0
161  0      0 377756608      0 7983664    0    0     0     0 538662 517447 34  8 58  0  0
85  0      0 377761344      0 7983664    0    0     0     0 1073608 556969 38 10 52  0  0
 1  0      0 377753216      0 7983664    0    0     0     0 619156 578865 37  8 55  0  0
89  0      0 377756064      0 7983664    0    0     0     0 528449 569299 38  9 53  0  0
153  0      0 377648352      0 7983664    0    0     0     0 622129 577214 38 15 48  0  0
procs -----------memory---------- ---swap-- -----io---- -system-- ------cpu-----
 r  b   swpd   free   buff  cache   si   so    bi    bo   in   cs us sy id wa st
112  0      0 377665408      0 7983664    0    0     0     0 619195 592802 37 15 48  0  0
146  0      0 377663488      0 7983668    0    0     0     0 1048317 555073 38 17 45  0  0
46  0      0 377658944      0 7983668    0    0     0     0 615175 582485 37 15 47  0  0
 1  0      0 377637024      0 7983668    0    0     0     0 678417 610216 37 17 46  0  0
219  0      0 377655808      0 7983668    0    0     0     0 735268 564401 39 16 46  0  0
154  0      0 377649696      0 7983668    0    0     0     0 613234 536221 38 17 45  0  0
134  0      0 377652288      0 7983668    0    0     0     0 641672 586510 38 16 46  0  0
113  0      0 377655584      0 7983668    0    0     0     0 622966 602728 36 17 47  0  0
148  0      0 377661696      0 7983668    0    0     0     0 602435 587309 37 17 47  0  0
104  0      0 377664352      0 7983668    0    0     0     0 617721 576414 37 16 47  0  0
182  0      0 377660608      0 7983668    0    0     0     0 583119 580336 38 17 45  0  0
71  0      0 377657088      0 7983668    0    0     0     0 929756 569574 37 16 46  0  0
207  0      0 377658208      0 7983668    0    0     0     0 620374 573739 38 17 45  0  0
149  0      0 377661952      0 7983668    0    0     0     0 608422 548747 38 16 46  0  0
203  0      0 377649472      0 7983668    0    0     0     0 610551 572915 37 17 46  0  0
156  0      0 377659424      0 7983668    0    0     0     0 617947 559856 39 15 46  0  0
122  0      0 377657344      0 7983668    0    0     0     0 631817 564666 38 15 47  0  0
 1  0      0 377649088      0 7983668    0    0     0     0 949919 580029 39 15 46  0  0
209  0      0 377657728      0 7983668    0    0     0     0 686113 571534 38 15 46  0  0
173  0      0 377646784      0 7983668    0    0     0     0 961766 573890 38 16 46  0  0
 1  0      0 377646496      0 7983668    0    0     0     0 666288 568829 38 16 45  0  0
procs -----------memory---------- ---swap-- -----io---- -system-- ------cpu-----
 r  b   swpd   free   buff  cache   si   so    bi    bo   in   cs us sy id wa st
48  0      0 377648512      0 7983668    0    0     0     0 873646 572547 39 15 46  0  0
140  0      0 377648960      0 7983668    0    0     0     0 666645 579956 37 15 47  0  0
207  0      0 377640864      0 7983668    0    0     0     0 984243 587243 38 16 46  0  0
132  0      0 377645120      0 7983668    0    0     0     0 640172 547709 38 17 45  0  0
95  0      0 377644256      0 7983668    0    0     0     0 621250 572379 38 16 47  0  0
44  0      0 377656064      0 7983668    0    0     0     0 766376 581816 38 16 46  0  0
136  0      0 377642240      0 7983668    0    0     0     0 687833 562260 39 15 46  0  0
45  0      0 377647424      0 7983668    0    0     0     0 750564 553731 38 16 46  0  0
197  0      0 377642112      0 7983668    0    0     0     0 721901 562273 38 16 46  0  0
106  0      0 377651168      0 7983668    0    0     0     0 660886 573653 37 17 47  0  0
99  0      0 377647904      0 7983668    0    0     0     0 775144 576657 38 16 46  0  0
135  0      0 377640160      0 7983668    0    0     0     0 692735 589615 38 16 46  0  0
 9  0      0 377648224      0 7983668    0    0     0     0 645554 563659 38 17 46  0  0
 2  0      0 377653152      0 7983668    0    0     0     0 632956 579744 38 16 46  0  0
108  0      0 377652640      0 7983668    0    0     0     0 779820 550548 37 15 47  0  0
169  0      0 377647232      0 7983668    0    0     0     0 752988 560149 38 16 46  0  0
161  0      0 377651648      0 7983668    0    0     0     0 633285 552080 38 16 46  0  0
208  0      0 377650912      0 7983668    0    0     0     0 639350 549670 38 16 46  0  0
37  0      0 377653120      0 7983668    0    0     0     0 728524 561474 37 16 46  0  0
 1  0      0 377652768      0 7983668    0    0     0     0 662898 559647 38 16 46  0  0
153  0      0 377633952      0 7983668    0    0     0     0 639034 575398 39 16 45  0  0
procs -----------memory---------- ---swap-- -----io---- -system-- ------cpu-----
 r  b   swpd   free   buff  cache   si   so    bi    bo   in   cs us sy id wa st
198  0      0 377646496      0 7983668    0    0     0     0 695538 533240 38 17 45  0  0
 1  0      0 377656960      0 7983672    0    0     0     0 706165 574805 39 15 46  0  0
176  0      0 377632672      0 7983672    0    0     0     0 643280 550989 38 16 46  0  0
 1  0      0 377652672      0 7983672    0    0     0     0 633799 568467 39 16 45  0  0
208  0      0 377652096      0 7983672    0    0     0     0 742848 552326 38 17 45  0  0
210  0      0 377644160      0 7983672    0    0     0     0 684326 556067 38 16 46  0  0
11  0      0 377647040      0 7983672    0    0     0     0 754039 580403 37 16 46  0  0
83  0      0 377643360      0 7983672    0    0     0     0 714955 536786 37 17 46  0  0
 1  0      0 377654848      0 7983672    0    0     0     0 687051 581024 37 17 46  0  0
176  0      0 377647584      0 7983672    0    0     0     0 674628 588845 37 17 46  0  0
48  0      0 377648000      0 7983672    0    0     0     0 756499 559849 39 16 45  0  0
104  0      0 377649728      0 7983672    0    0     0     0 630059 575642 38 16 46  0  0
 0  0      0 377918976      0 7983672    0    0     0     0 381195 269650 17  7 76  0  0
 0  0      0 377925792      0 7983672    0    0     0     0   81  336  0  0 100  0  0
143  0      0 377694976      0 7983672    0    0     0     0 166443 203726 14  3 82  0  0
125  0      0 377699168      0 7983672    0    0     0     0 519926 567348 41  9 50  0  0
123  0      0 377704896      0 7983672    0    0     0     0 943444 551940 41 11 48  0  0
116  0      0 377700128      0 7983672    0    0     0     0 603526 562477 46 10 44  0  0
 1  0      0 377592896      0 7983672    0    0     0     0 497492 548525 43 10 47  0  0
47  0      0 377601824      0 7983672    0    0     0     0 606042 548200 42 15 43  0  0
203  0      0 377582592      0 7983672    0    0     0     0 606998 542687 41 16 42  0  0
procs -----------memory---------- ---swap-- -----io---- -system-- ------cpu-----
 r  b   swpd   free   buff  cache   si   so    bi    bo   in   cs us sy id wa st
185  0      0 377586688      0 7983672    0    0     0     0 1267958 536423 41 16 43  0  0
210  0      0 377572640      0 7983672    0    0     0     0 653150 552528 43 16 41  0  0
54  0      0 377579008      0 7983672    0    0     0     0 609728 524381 40 17 44  0  0
206  0      0 377565088      0 7983672    0    0     0     0 578096 505869 42 16 43  0  0
68  0      0 377575072      0 7983672    0    0     0     0 581503 545862 41 15 44  0  0
193  0      0 377576992      0 7983672    0    0     0     0 636276 557488 42 15 43  0  0
 5  0      0 377577152      0 7983672    0    0     0     0 628901 551135 42 15 43  0  0
133  0      0 377576384      0 7983672    0    0     0     0 867695 544700 42 15 43  0  0
 1  0      0 377577024      0 7983672    0    0     0     0 659974 552565 42 15 43  0  0
133  0      0 377557920      0 7983672    0    0     0     0 595746 533516 41 16 43  0  0
 1  0      0 377565504      0 7983672    0    0     0     0 942739 519623 41 15 44  0  0
189  0      0 377562080      0 7983672    0    0     0     0 658641 525501 42 16 43  0  0
 1  0      0 377554912      0 7983672    0    0     0     0 893946 515642 41 16 43  0  0
87  0      0 377559072      0 7983672    0    0     0     0 763958 541268 40 16 44  0  0
106  0      0 377559424      0 7983672    0    0     0     0 652961 523028 42 15 43  0  0
 1  0      0 377558816      0 7983672    0    0     0     0 784576 526319 41 17 43  0  0
84  0      0 377566016      0 7983672    0    0     0     0 688016 538591 42 15 43  0  0
61  0      0 377567872      0 7983672    0    0     0     0 748244 530272 40 16 44  0  0
172  0      0 377565184      0 7983672    0    0     0     0 747485 530928 42 15 44  0  0
 1  0      0 377557216      0 7983672    0    0     0     0 629440 530976 40 16 44  0  0
175  0      0 377552032      0 7983672    0    0     0     0 789833 545010 40 15 44  0  0
procs -----------memory---------- ---swap-- -----io---- -system-- ------cpu-----
 r  b   swpd   free   buff  cache   si   so    bi    bo   in   cs us sy id wa st
132  0      0 377544288      0 7983672    0    0     0     0 853364 550741 41 16 43  0  0
148  0      0 377550656      0 7983676    0    0     0     0 954089 546084 41 15 44  0  0
210  0      0 377553536      0 7983676    0    0     0     0 792055 546558 41 17 43  0  0
147  0      0 377550208      0 7983676    0    0     0     0 675255 541119 40 15 45  0  0
 1  0      0 377552576      0 7983676    0    0     0     0 721647 525592 41 15 43  0  0
96  0      0 377559616      0 7983676    0    0     0     0 684347 506906 41 16 43  0  0
206  0      0 377558848      0 7983676    0    0     0     0 635150 504070 40 16 44  0  0
 1  0      0 377562208      0 7983676    0    0     0     0 802536 551032 40 16 45  0  0
143  0      0 377565440      0 7983676    0    0     0     0 740028 547220 42 15 43  0  0
32  0      0 377561152      0 7983676    0    0     0     0 663051 551020 41 15 44  0  0
159  0      0 377562400      0 7983676    0    0     0     0 688093 514516 41 16 43  0  0
97  0      0 377556192      0 7983676    0    0     0     0 636264 539541 40 17 43  0  0
69  0      0 377560704      0 7983676    0    0     0     0 802353 545554 41 16 43  0  0
134  0      0 377560256      0 7983676    0    0     0     0 640265 525432 40 16 44  0  0
133  0      0 377563072      0 7983676    0    0     0     0 709245 536607 41 15 44  0  0
 1  0      0 377570560      0 7983676    0    0     0     0 655043 543387 41 15 44  0  0
60  0      0 377562304      0 7983676    0    0     0     0 745768 533245 41 16 43  0  0
129  0      0 377569408      0 7983676    0    0     0     0 617021 504748 41 16 44  0  0
55  0      0 377570144      0 7983676    0    0     0     0 698656 543000 41 14 44  0  0
203  0      0 377573632      0 7983676    0    0     0     0 687887 545997 41 15 45  0  0
89  0      0 377564224      0 7983676    0    0     0     0 698458 554772 41 15 43  0  0
procs -----------memory---------- ---swap-- -----io---- -system-- ------cpu-----
 r  b   swpd   free   buff  cache   si   so    bi    bo   in   cs us sy id wa st
110  0      0 377574144      0 7983676    0    0     0     0 724165 536927 41 15 43  0  0
65  0      0 377568256      0 7983676    0    0     0     0 677083 561489 41 15 44  0  0
116  0      0 377558784      0 7983676    0    0     0     0 640089 540024 40 16 43  0  0
147  0      0 377565920      0 7983676    0    0     0     0 693985 543942 40 16 44  0  0
134  0      0 377559776      0 7983676    0    0     0     0 691599 530920 41 15 44  0  0
193  0      0 377570048      0 7983676    0    0     0     0 675410 540695 42 15 43  0  0
107  0      0 377566688      0 7983676    0    0     0     0 681844 539653 40 16 43  0  0
130  0      0 377566496      0 7983676    0    0     0     0 635100 530515 39 17 44  0  0
 1  0      0 377563840      0 7983676    0    0     0     0 668159 558245 41 16 44  0  0
165  0      0 377564992      0 7983676    0    0     0     0 690205 539769 41 16 44  0  0
204  0      0 377562528      0 7983676    0    0     0     0 612338 540067 41 15 43  0  0
 0  0      0 377921920      0 7983676    0    0     0     0 268423 215437 14  6 81  0  0
 0  0      0 377931744      0 7983676    0    0     0     0  502  554  0  0 100  0  0
 9  0      0 377697952      0 7983676    0    0     0     0 168568 227024 21  5 74  0  0
153  0      0 377717696      0 7983708    0    0     0     0 468150 509025 47 10 43  0  0
 1  0      0 377723968      0 7983708    0    0     0     0 833321 503101 47 12 41  0  0
131  0      0 377720704      0 7983708    0    0     0     0 506424 503421 49 10 41  0  0
53  0      0 377613504      0 7983708    0    0     0     0 654083 512124 42 16 42  0  0
 1  0      0 377617536      0 7983708    0    0     0     0 585514 528494 43 15 42  0  0
200  0      0 377615040      0 7983708    0    0     0     0 1262722 489768 43 17 40  0  0
31  0      0 377588992      0 7983708    0    0     0     0 611098 500674 44 15 41  0  0
procs -----------memory---------- ---swap-- -----io---- -system-- ------cpu-----
 r  b   swpd   free   buff  cache   si   so    bi    bo   in   cs us sy id wa st
200  0      0 377603520      0 7983708    0    0     0     0 621904 516224 43 16 41  0  0
17  0      0 377595936      0 7983712    0    0     0     0 722033 512169 43 17 41  0  0
159  0      0 377597344      0 7983712    0    0     0     0 700643 506131 43 16 41  0  0
160  0      0 377612480      0 7983712    0    0     0     0 687205 552983 44 14 42  0  0
210  0      0 377591136      0 7983712    0    0     0     0 835232 515171 43 16 41  0  0
203  0      0 377595296      0 7983712    0    0     0     0 898149 499371 42 16 42  0  0
 1  0      0 377587040      0 7983712    0    0     0     0 598246 501340 44 15 41  0  0
187  0      0 377597472      0 7983712    0    0     0     0 628050 518231 43 16 41  0  0
144  0      0 377594112      0 7983712    0    0     0     0 886290 500445 43 15 42  0  0
77  0      0 377598688      0 7983712    0    0     0     0 657387 499499 43 15 42  0  0
94  0      0 377593504      0 7983712    0    0     0     0 671716 516930 43 15 42  0  0
16  0      0 377589952      0 7983712    0    0     0     0 840447 493548 43 16 41  0  0
209  0      0 377577984      0 7983712    0    0     0     0 682315 495438 44 15 41  0  0
116  0      0 377579648      0 7983712    0    0     0     0 634873 522377 43 15 42  0  0
 1  0      0 377581824      0 7983712    0    0     0     0 790987 514776 44 15 41  0  0
74  0      0 377582240      0 7983712    0    0     0     0 689201 523637 44 15 42  0  0
139  0      0 377589568      0 7983712    0    0     0     0 861045 531466 42 15 43  0  0
42  0      0 377579040      0 7983712    0    0     0     0 652151 517944 43 15 41  0  0
 2  0      0 377581216      0 7983712    0    0     0     0 621427 504981 44 15 41  0  0
165  0      0 377583424      0 7983716    0    0     0     0 836631 507900 45 14 41  0  0
78  0      0 377581856      0 7983716    0    0     0     0 649697 505838 43 15 41  0  0
procs -----------memory---------- ---swap-- -----io---- -system-- ------cpu-----
 r  b   swpd   free   buff  cache   si   so    bi    bo   in   cs us sy id wa st
135  0      0 377582752      0 7983716    0    0     0     0 930413 526718 45 15 41  0  0
162  0      0 377588096      0 7983716    0    0     0     0 632582 514156 43 16 41  0  0
157  0      0 377591904      0 7983716    0    0     0     0 724620 510153 43 15 41  0  0
194  0      0 377588800      0 7983716    0    0     0     0 648300 517444 43 16 41  0  0
46  0      0 377578336      0 7983716    0    0     0     0 688124 518471 44 15 41  0  0
76  0      0 377589120      0 7983716    0    0     0     0 770406 508809 43 16 41  0  0
144  0      0 377589696      0 7983716    0    0     0     0 654071 512135 44 15 41  0  0
114  0      0 377596288      0 7983716    0    0     0     0 612140 521886 44 15 40  0  0
134  0      0 377596896      0 7983716    0    0     0     0 644578 531341 45 14 41  0  0
180  0      0 377590016      0 7983716    0    0     0     0 757671 506616 45 15 40  0  0
115  0      0 377582240      0 7983716    0    0     0     0 625300 507595 44 15 41  0  0
171  0      0 377591808      0 7983716    0    0     0     0 679269 534267 45 15 41  0  0
126  0      0 377590624      0 7983716    0    0     0     0 615826 493921 43 16 41  0  0
107  0      0 377591456      0 7983716    0    0     0     0 813335 522807 45 14 41  0  0
155  0      0 377585024      0 7983716    0    0     0     0 688929 507237 44 14 42  0  0
203  0      0 377586976      0 7983716    0    0     0     0 769729 510555 45 14 41  0  0
132  0      0 377579264      0 7983716    0    0     0     0 736987 526133 44 14 42  0  0
66  0      0 377593568      0 7983716    0    0     0     0 729822 530708 44 15 41  0  0
 1  0      0 377592448      0 7983716    0    0     0     0 675265 524282 45 14 41  0  0
59  0      0 377585120      0 7983716    0    0     0     0 629274 478950 43 16 41  0  0
92  0      0 377587936      0 7983716    0    0     0     0 729476 503159 43 16 41  0  0
procs -----------memory---------- ---swap-- -----io---- -system-- ------cpu-----
 r  b   swpd   free   buff  cache   si   so    bi    bo   in   cs us sy id wa st
80  0      0 377573792      0 7983716    0    0     0     0 706732 522213 43 16 41  0  0
45  0      0 377573600      0 7983588    0    0     0     0 734825 499925 44 15 41  0  0
28  0      0 377574176      0 7983592    0    0     0     0 699311 512538 42 16 42  0  0
203  0      0 377576800      0 7983592    0    0     0     0 636034 507329 44 15 42  0  0
148  0      0 377583808      0 7983592    0    0     0     0 713825 515008 43 15 42  0  0
32  0      0 377577152      0 7983592    0    0     0     0 691277 511961 43 17 41  0  0
123  0      0 377577184      0 7983592    0    0     0     0 657261 494936 44 16 40  0  0
97  0      0 377588224      0 7983592    0    0     0     0 676989 511233 44 15 41  0  0
 1  0      0 377584512      0 7983592    0    0     0     0 708807 524460 44 15 42  0  0
98  0      0 377591008      0 7983592    0    0     0     0 685811 511252 44 14 42  0  0
 0  0      0 377908800      0 7983592    0    0     0     0 219796 148324 12  4 84  0  0
 0  0      0 377911040      0 7983624    0    0     0     0 1600 1053  0  0 100  0  0
107  0      0 377712192      0 7983628    0    0     0     0 193916 267201 26  7 67  0  0
 1  0      0 377717856      0 7983624    0    0     0     0 429117 448415 53 10 37  0  0
208  0      0 377721056      0 7983624    0    0     0     0 1045951 446996 51 11 37  0  0
169  0      0 377645792      0 7983624    0    0     0     0 534170 447379 51 12 37  0  0
179  0      0 377644192      0 7983624    0    0     0     0 670898 483283 48 14 38  0  0
208  0      0 377637888      0 7983624    0    0     0     0 608234 499355 47 14 39  0  0
183  0      0 377624032      0 7983624    0    0     0     0 552422 469943 46 16 39  0  0
 9  0      0 377636384      0 7983624    0    0     0     0 1276992 490111 46 15 39  0  0
191  0      0 377630400      0 7983624    0    0     0     0 590574 478632 46 15 39  0  0
procs -----------memory---------- ---swap-- -----io---- -system-- ------cpu-----
 r  b   swpd   free   buff  cache   si   so    bi    bo   in   cs us sy id wa st
158  0      0 377617248      0 7983624    0    0     0     0 661956 479264 46 15 39  0  0
113  0      0 377617856      0 7983624    0    0     0     0 975210 480761 46 16 38  0  0
210  0      0 377617280      0 7983624    0    0     0     0 576780 452623 47 14 39  0  0
170  0      0 377618208      0 7983624    0    0     0     0 667097 495611 47 15 38  0  0
176  0      0 377623072      0 7983624    0    0     0     0 824841 459910 48 15 38  0  0
142  0      0 377618752      0 7983624    0    0     0     0 592896 460117 47 15 38  0  0
88  0      0 377616832      0 7983624    0    0     0     0 610781 498034 45 15 40  0  0
41  0      0 377618816      0 7983624    0    0     0     0 690775 501562 48 14 38  0  0
184  0      0 377631744      0 7983624    0    0     0     0 725076 466142 49 14 37  0  0
107  0      0 377642688      0 7983624    0    0     0     0 772299 510174 48 14 38  0  0
11  0      0 377635104      0 7983624    0    0     0     0 902590 517032 46 15 39  0  0
154  0      0 377621376      0 7983624    0    0     0     0 788938 485116 47 15 39  0  0
109  0      0 377624544      0 7983624    0    0     0     0 656409 475358 48 14 38  0  0
93  0      0 377619136      0 7983624    0    0     0     0 873971 489892 46 16 39  0  0
202  0      0 377627968      0 7983624    0    0     0     0 661396 489979 45 16 38  0  0
137  0      0 377620000      0 7983624    0    0     0     0 879185 491357 45 16 39  0  0
105  0      0 377618944      0 7983624    0    0     0     0 738237 487550 46 15 39  0  0
203  0      0 377621536      0 7983624    0    0     0     0 771054 478087 48 14 38  0  0
140  0      0 377622304      0 7983624    0    0     0     0 620397 496471 46 15 39  0  0
 1  0      0 377629024      0 7983624    0    0     0     0 646203 492702 49 13 38  0  0
206  0      0 377623744      0 7983624    0    0     0     0 645108 495442 47 14 39  0  0
procs -----------memory---------- ---swap-- -----io---- -system-- ------cpu-----
 r  b   swpd   free   buff  cache   si   so    bi    bo   in   cs us sy id wa st
168  0      0 377571328      0 7983624    0    0     0     0 677913 480709 46 16 39  0  0
205  0      0 377593152      0 7983624    0    0     0     0 624510 470735 47 15 38  0  0
 9  0      0 377595936      0 7983628    0    0     0     0 787322 479334 46 15 39  0  0
49  0      0 377602976      0 7983628    0    0     0     0 857038 470440 47 15 38  0  0
58  0      0 377606112      0 7983628    0    0     0     0 593036 469540 45 16 39  0  0
117  0      0 377613600      0 7983628    0    0     0     0 631266 494438 49 13 38  0  0
209  0      0 377598464      0 7983628    0    0     0     0 732641 502250 48 14 38  0  0
39  0      0 377593120      0 7983628    0    0     0     0 695374 482824 47 14 39  0  0
127  0      0 377605760      0 7983628    0    0     0     0 665888 499460 48 14 38  0  0
204  0      0 377604864      0 7983628    0    0     0     0 694810 497760 46 15 39  0  0
 1  0      0 377593568      0 7983628    0    0     0     0 643756 494879 46 15 39  0  0
45  0      0 377592832      0 7983628    0    0     0     0 881188 471816 47 16 38  0  0
76  0      0 377613440      0 7983628    0    0     0     0 779843 508384 48 14 38  0  0
165  0      0 377620192      0 7983628    0    0     0     0 733758 489866 48 14 38  0  0
195  0      0 377601120      0 7983628    0    0     0     0 728701 476733 48 14 38  0  0
208  0      0 377593120      0 7983628    0    0     0     0 637207 469790 49 13 38  0  0
179  0      0 377600928      0 7983628    0    0     0     0 993855 471994 46 16 38  0  0
185  0      0 377600160      0 7983628    0    0     0     0 681924 482774 48 15 37  0  0
19  0      0 377597760      0 7983628    0    0     0     0 602303 455140 47 15 38  0  0
10  0      0 377607296      0 7983628    0    0     0     0 691150 490737 47 14 38  0  0
88  0      0 377614272      0 7983628    0    0     0     0 659208 481923 50 12 38  0  0
procs -----------memory---------- ---swap-- -----io---- -system-- ------cpu-----
 r  b   swpd   free   buff  cache   si   so    bi    bo   in   cs us sy id wa st
 1  0      0 377601312      0 7983628    0    0     0     0 698043 482792 46 15 38  0  0
128  0      0 377607456      0 7983628    0    0     0     0 685833 461831 48 14 38  0  0
 5  0      0 377612960      0 7983628    0    0     0     0 723918 482740 48 14 39  0  0
 1  0      0 377615872      0 7983628    0    0     0     0 649776 478712 47 14 39  0  0
104  0      0 377606560      0 7983628    0    0     0     0 623177 468373 46 15 39  0  0
208  0      0 377602496      0 7983628    0    0     0     0 768997 458861 48 15 37  0  0
179  0      0 377606112      0 7983628    0    0     0     0 782051 468727 45 16 39  0  0
100  0      0 377608544      0 7983628    0    0     0     0 661087 488777 48 14 38  0  0
 1  0      0 377601344      0 7983628    0    0     0     0 722947 468744 48 15 37  0  0
 0  0      0 377895904      0 7983628    0    0     0     0 168359 99298  9  2 89  0  0
 0  0      0 377907840      0 7983628    0    0     0     0  432  508  0  0 100  0  0
167  0      0 377681664      0 7983628    0    0     0     0 205976 238900 34  8 58  0  0
37  0      0 377669184      0 7983628    0    0     0     0 819189 347902 49 15 35  0  0
208  1      0 377680640      0 7983628    0    0     0     0 912641 364186 51 12 37  0  0
21  0      0 377691808      0 7983628    0    0     0     0 513621 386713 52 12 36  0  0
183  0      0 377649856      0 7983628    0    0     0     0 601216 448825 51 13 36  0  0
147  0      0 377611936      0 7983628    0    0     0     0 557650 467841 49 15 37  0  0
 1  0      0 377581664      0 7983628    0    0     0     0 560536 432763 44 18 37  0  0
 1  0      0 377579392      0 7983628    0    0     0     0 1527038 439614 48 16 36  0  0
203  0      0 377600192      0 7983628    0    0     0     0 562290 452687 49 14 37  0  0
202  0      0 377585760      0 7983628    0    0     0     0 600638 446944 48 15 37  0  0
procs -----------memory---------- ---swap-- -----io---- -system-- ------cpu-----
 r  b   swpd   free   buff  cache   si   so    bi    bo   in   cs us sy id wa st
87  0      0 377599968      0 7983628    0    0     0     0 875021 466671 48 15 37  0  0
205  0      0 377592320      0 7983628    0    0     0     0 589108 451574 48 16 36  0  0
114  0      0 377602304      0 7983632    0    0     0     0 850862 468611 50 15 36  0  0
205  0      0 377599328      0 7983632    0    0     0     0 615042 439764 50 15 36  0  0
67  0      0 377592896      0 7983632    0    0     0     0 660132 485125 49 14 36  0  0
19  0      0 377618016      0 7983632    0    0     0     0 851030 472119 50 13 37  0  0
200  0      0 377598784      0 7983632    0    0     0     0 590971 449033 50 13 36  0  0
124  0      0 377593952      0 7983636    0    0     0     0 708603 498365 47 15 38  0  0
37  0      0 377583552      0 7983636    0    0     0     0 977895 474438 49 15 36  0  0
118  0      0 377587744      0 7983636    0    0     0     0 678468 464775 49 14 37  0  0
 1  0      0 377594816      0 7983636    0    0     0     0 869000 439473 48 16 37  0  0
90  0      0 377599360      0 7983636    0    0     0     0 613317 459762 50 14 36  0  0
161  0      0 377596800      0 7983636    0    0     0     0 673470 453642 48 16 36  0  0
94  0      0 377617184      0 7983636    0    0     0     0 668460 496597 48 15 37  0  0
 1  0      0 377614432      0 7983636    0    0     0     0 731648 467328 51 13 36  0  0
196  0      0 377591008      0 7983636    0    0     0     0 621609 440393 48 14 37  0  0
 1  0      0 377597824      0 7983636    0    0     0     0 890113 474096 48 15 37  0  0
172  0      0 377597184      0 7983636    0    0     0     0 572274 433251 48 15 36  0  0
168  0      0 377595328      0 7983636    0    0     0     0 740324 459273 48 17 35  0  0
167  0      0 377593536      0 7983636    0    0     0     0 618850 442758 49 15 36  0  0
 1  0      0 377592160      0 7983636    0    0     0     0 589436 446516 49 15 36  0  0
procs -----------memory---------- ---swap-- -----io---- -system-- ------cpu-----
 r  b   swpd   free   buff  cache   si   so    bi    bo   in   cs us sy id wa st
205  0      0 377592640      0 7983636    0    0     0     0 838661 443057 49 15 36  0  0
153  0      0 377610816      0 7983636    0    0     0     0 654911 465473 49 15 36  0  0
31  0      0 377599424      0 7983636    0    0     0     0 651233 464469 51 13 37  0  0
201  0      0 377584704      0 7983636    0    0     0     0 614880 463776 47 16 36  0  0
91  0      0 377608480      0 7983636    0    0     0     0 694651 465607 48 15 37  0  0
 1  0      0 377566368      0 7983636    0    0     0     0 689443 440528 48 16 36  0  0
208  0      0 377602720      0 7983636    0    0     0     0 606740 459478 48 16 36  0  0
192  0      0 377613728      0 7983636    0    0     0     0 599151 447431 50 14 36  0  0
 1  0      0 377589376      0 7983636    0    0     0     0 593104 420723 49 16 35  0  0
126  0      0 377593888      0 7983636    0    0     0     0 752449 455251 48 16 37  0  0
122  0      0 377570048      0 7983636    0    0     0     0 623979 477546 46 16 37  0  0
205  0      0 377591488      0 7983636    0    0     0     0 686304 425136 50 14 37  0  0
 9  0      0 377604032      0 7983636    0    0     0     0 663498 463416 49 14 36  0  0
206  0      0 377611264      0 7983636    0    0     0     0 802317 462698 47 17 36  0  0
19  0      0 377595008      0 7983636    0    0     0     0 641309 456550 49 14 37  0  0
99  0      0 377597760      0 7983636    0    0     0     0 733280 472047 49 15 36  0  0
95  0      0 377612736      0 7983636    0    0     0     0 651139 468143 49 15 36  0  0
77  0      0 377592128      0 7983636    0    0     0     0 787583 460571 50 15 35  0  0
45  0      0 377599296      0 7983636    0    0     0     0 659759 456851 48 15 37  0  0
17  0      0 377565216      0 7983636    0    0     0     0 667772 461328 46 17 38  0  0
205  0      0 377603968      0 7983636    0    0     0     0 646224 471114 48 16 36  0  0
procs -----------memory---------- ---swap-- -----io---- -system-- ------cpu-----
 r  b   swpd   free   buff  cache   si   so    bi    bo   in   cs us sy id wa st
177  0      0 377599520      0 7983636    0    0     0     0 649836 468110 49 14 37  0  0
113  0      0 377587200      0 7983636    0    0     0     0 618822 483447 49 15 36  0  0
55  0      0 377601952      0 7983640    0    0     0     0 567227 442045 50 15 35  0  0
108  0      0 377596480      0 7983640    0    0     0     0 759492 478068 47 16 37  0  0
180  0      0 377603392      0 7983640    0    0     0     0 606823 455746 51 13 35  0  0
25  0      0 377603552      0 7983640    0    0     0     0 585634 471136 48 15 37  0  0
56  0      0 377617408      0 7983640    0    0     0     0 666447 481234 50 14 36  0  0
15  0      0 377623296      0 7983640    0    0     0     0 579469 474435 50 14 36  0  0
 0  0      0 377942304      0 7983640    0    0     0     0 59691 44163  3  1 95  0  0
 0  0      0 377942656      0 7983640    0    0     0     0  126  124  0  0 100  0  0
 2  0      0 377680608      0 7983548    0    0     0     0 251098 322205 38 13 49  0  0
161  0      0 377690272      0 7983612    0    0     0     0 680247 366213 47 18 34  0  0
94  0      0 377692000      0 7983612    0    0     0     0 672422 340014 48 19 33  0  0
57  0      0 377686464      0 7983612    0    0     0     0 508390 331481 52 17 32  0  0
 2  0      0 377681984      0 7983612    0    0     0     0 506081 338392 49 17 34  0  0
197  0      0 377684416      0 7983612    0    0     0     0 523381 397498 51 14 35  0  0
73  0      0 377654944      0 7983612    0    0     0     0 597511 413737 50 15 35  0  0
53  0      0 377647680      0 7983612    0    0     0     0 792119 419153 52 14 34  0  0
211  0      0 377641216      0 7983612    0    0     0     0 842198 395950 52 15 33  0  0
158  0      0 377659456      0 7983612    0    0     0     0 597121 414639 53 15 32  0  0
161  0      0 377637408      0 7983612    0    0     0     0 614466 415519 50 15 35  0  0
procs -----------memory---------- ---swap-- -----io---- -system-- ------cpu-----
 r  b   swpd   free   buff  cache   si   so    bi    bo   in   cs us sy id wa st
111  0      0 377638976      0 7983612    0    0     0     0 583046 431375 51 16 33  0  0
210  0      0 377623776      0 7983612    0    0     0     0 1046444 435466 49 17 34  0  0
 1  0      0 377649760      0 7983612    0    0     0     0 783526 416251 51 16 33  0  0
209  0      0 377656928      0 7983612    0    0     0     0 584288 425923 53 14 33  0  0
202  0      0 377639040      0 7983612    0    0     0     0 559731 437839 49 16 35  0  0
 5  0      0 377626720      0 7983612    0    0     0     0 613960 414879 52 14 34  0  0
74  0      0 377615904      0 7983612    0    0     0     0 589640 418542 50 16 34  0  0
36  0      0 377642560      0 7983612    0    0     0     0 1024595 420411 51 15 34  0  0
193  0      0 377632352      0 7983612    0    0     0     0 607357 418189 52 15 33  0  0
185  0      0 377637792      0 7983612    0    0     0     0 643260 440096 49 16 35  0  0
165  0      0 377653536      0 7983612    0    0     0     0 740491 418577 52 15 33  0  0
 1  0      0 377640384      0 7983612    0    0     0     0 667536 418788 50 16 34  0  0
11  0      0 377640992      0 7983612    0    0     0     0 637002 428494 50 16 35  0  0
196  0      0 377639776      0 7983612    0    0     0     0 567961 412289 50 16 34  0  0
184  0      0 377609632      0 7983612    0    0     0     0 1345366 437382 50 15 34  0  0
143  0      0 377630592      0 7983612    0    0     0     0 627991 426504 48 17 34  0  0
204  0      0 377617984      0 7983612    0    0     0     0 628632 455326 51 15 34  0  0
202  0      0 377641280      0 7983612    0    0     0     0 787592 415522 52 15 33  0  0
132  0      0 377643424      0 7983612    0    0     0     0 619990 442453 51 15 35  0  0
242  0      0 377643008      0 7983612    0    0     0     0 581707 434349 51 16 33  0  0
208  0      0 377642752      0 7983612    0    0     0     0 546017 427846 48 16 36  0  0
procs -----------memory---------- ---swap-- -----io---- -system-- ------cpu-----
 r  b   swpd   free   buff  cache   si   so    bi    bo   in   cs us sy id wa st
66  0      0 377650464      0 7983612    0    0     0     0 564787 417496 51 15 34  0  0
210  0      0 377632064      0 7983612    0    0     0     0 974056 388945 52 14 34  0  0
210  0      0 377649472      0 7983616    0    0     0     0 643716 423966 52 15 34  0  0
210  0      0 377641728      0 7983616    0    0     0     0 613504 420297 52 13 35  0  0
205  0      0 377625120      0 7983616    0    0     0     0 606612 416634 52 15 34  0  0
196  0      0 377641760      0 7983616    0    0     0     0 775788 392647 50 16 34  0  0
157  0      0 377642624      0 7983616    0    0     0     0 593520 424016 50 16 34  0  0
174  0      0 377624096      0 7983616    0    0     0     0 626528 435609 49 16 35  0  0
149  0      0 377626176      0 7983616    0    0     0     0 623234 389011 50 17 33  0  0
203  0      0 377620192      0 7983616    0    0     0     0 778926 410100 50 16 35  0  0
207  0      0 377617056      0 7983616    0    0     0     0 622012 440731 49 16 35  0  0
202  0      0 377627456      0 7983616    0    0     0     0 603288 405589 53 15 33  0  0
202  0      0 377630720      0 7983616    0    0     0     0 606342 406239 52 14 34  0  0
44  0      0 377632736      0 7983616    0    0     0     0 787150 418116 52 14 34  0  0
145  0      0 377627552      0 7983616    0    0     0     0 603379 384156 51 14 34  0  0
207  0      0 377626592      0 7983616    0    0     0     0 626163 426106 51 16 34  0  0
82  0      0 377642048      0 7983616    0    0     0     0 711435 441653 52 14 34  0  0
195  0      0 377640480      0 7983616    0    0     0     0 608715 416028 51 16 33  0  0
 1  0      0 377624544      0 7983616    0    0     0     0 656042 428446 51 15 34  0  0
164  0      0 377631808      0 7983616    0    0     0     0 758618 418596 52 14 34  0  0
43  0      0 377590944      0 7983616    0    0     0     0 725793 379087 49 17 35  0  0
procs -----------memory---------- ---swap-- -----io---- -system-- ------cpu-----
 r  b   swpd   free   buff  cache   si   so    bi    bo   in   cs us sy id wa st
136  0      0 377616992      0 7983616    0    0     0     0 629588 433261 52 14 33  0  0
114  0      0 377621952      0 7983616    0    0     0     0 631112 448015 50 15 35  0  0
85  0      0 377622880      0 7983616    0    0     0     0 659673 419417 50 15 35  0  0
144  0      0 377635712      0 7983616    0    0     0     0 664119 442183 52 14 34  0  0
209  0      0 377611808      0 7983616    0    0     0     0 641310 409344 52 15 33  0  0
103  0      0 377640544      0 7983616    0    0     0     0 610200 423488 51 14 34  0  0
129  0      0 377636160      0 7983616    0    0     0     0 1053381 413231 51 15 34  0  0
 0  0      0 377887040      0 7983616    0    0     0     0 10364 1705  0  0 100  0  0
 0  0      0 377902016      0 7983616    0    0     0     0  239  341  0  0 100  0  0
